[606, 563]
[folio, [227.0, 28.0, 106.0, 18.0], r3XjeF5Ywa, 5696030]
[folio, [81.0, 31.0, 142.0, 18.0], En1AoNm7w3, 5696030]
[folio, [81.0, 49.0, 142.0, 18.0], En1AoNm7w3, 5696030]
[folio, [357.0, 32.0, 131.0, 18.0], qRYK0jxE1i, 5696030]
[folio, [357.0, 50.0, 131.0, 18.0], qRYK0jxE1i, 5696030]
[contact-info, [84.0, 69.0, 398.0, 18.0], vfmoU3FeJ1, 5696030]
[contact-info, [84.0, 87.0, 398.0, 18.0], vfmoU3FeJ1, 5696030]
[contact-info, [84.0, 105.0, 398.0, 18.0], vfmoU3FeJ1, 5696030]
[contact-info, [84.0, 123.0, 398.0, 18.0], vfmoU3FeJ1, 5696030]
[contact-info, [184.0, 145.0, 181.0, 18.0], W61NLyNzvf, 5696030]
[contact-info, [184.0, 163.0, 181.0, 18.0], W61NLyNzvf, 5696030]
[paragraph, [383.0, 166.0, 110.0, 18.0], VNew1kLC4A, 5696030]
[paragraph, [383.0, 184.0, 110.0, 18.0], VNew1kLC4A, 5696030]
[paragraph, [383.0, 202.0, 110.0, 18.0], VNew1kLC4A, 5696030]
[paragraph, [174.0, 209.0, 105.0, 18.0], hvJC5zABav, 5696030]
[paragraph, [174.0, 227.0, 105.0, 18.0], hvJC5zABav, 5696030]
[flag, [274.0, 222.0, 151.0, 18.0], _38w268BMn, 5696030]
[flag, [274.0, 240.0, 151.0, 18.0], _38w268BMn, 5696030]
[flag, [274.0, 258.0, 151.0, 18.0], _38w268BMn, 5696030]
[flag, [274.0, 276.0, 151.0, 18.0], _38w268BMn, 5696030]
[flag, [274.0, 294.0, 151.0, 18.0], _38w268BMn, 5696030]
[flag, [274.0, 312.0, 151.0, 18.0], _38w268BMn, 5696030]
[flag, [274.0, 330.0, 151.0, 18.0], _38w268BMn, 5696030]
[flag, [274.0, 348.0, 151.0, 18.0], _38w268BMn, 5696030]
[paragraph, [85.0, 262.0, 175.0, 18.0], -NaMAZv8Ry, 5696030]
[paragraph, [85.0, 280.0, 175.0, 18.0], -NaMAZv8Ry, 5696030]
[paragraph, [85.0, 298.0, 175.0, 18.0], -NaMAZv8Ry, 5696030]
[paragraph, [85.0, 316.0, 175.0, 18.0], -NaMAZv8Ry, 5696030]
[author, [322.0, 442.0, 145.0, 18.0], 8sm6xrIjaM, 5696030]
[author, [322.0, 460.0, 145.0, 18.0], 8sm6xrIjaM, 5696030]
[author, [275.0, 489.0, 191.0, 18.0], gv-5gjLHFS, 5696030]
[contact-info, [266.0, 525.0, 190.0, 18.0], IZorcVgYZi, 5696030]
[contact-info, [266.0, 543.0, 190.0, 18.0], IZorcVgYZi, 5696030]
