[2835, 2008]
[headline, [313.0, 805.0, 1375.0, 52.5], qoWM80d4PH, 5695225]
[headline, [313.0, 857.5, 1375.0, 52.5], qoWM80d4PH, 5695225]
[headline, [313.0, 910.0, 1375.0, 52.5], qoWM80d4PH, 5695225]
[headline, [313.0, 962.5, 1375.0, 52.5], qoWM80d4PH, 5695225]
[headline, [313.0, 1015.0, 1375.0, 52.5], qoWM80d4PH, 5695225]
[headline, [313.0, 1067.5, 1375.0, 52.5], qoWM80d4PH, 5695225]
[headline, [313.0, 1120.0, 1375.0, 52.5], qoWM80d4PH, 5695225]
[headline, [313.0, 1172.5, 1375.0, 52.5], qoWM80d4PH, 5695225]
[headline, [188.0, 2045.0, 1594.0, 52.5], -9AdUiw5C6, 5695225]
[headline, [188.0, 2097.5, 1594.0, 52.5], -9AdUiw5C6, 5695225]
[headline, [188.0, 2150.0, 1594.0, 52.5], -9AdUiw5C6, 5695225]
[headline, [188.0, 2202.5, 1594.0, 52.5], -9AdUiw5C6, 5695225]
[headline, [188.0, 2255.0, 1594.0, 52.5], -9AdUiw5C6, 5695225]
[headline, [188.0, 2307.5, 1594.0, 52.5], -9AdUiw5C6, 5695225]
[headline, [188.0, 2360.0, 1594.0, 52.5], -9AdUiw5C6, 5695225]
[headline, [188.0, 2412.5, 1594.0, 52.5], -9AdUiw5C6, 5695225]
[folio, [386.0, 2573.0, 1185.0, 46.5], V5jr3LBVBn, 5695225]
[folio, [386.0, 2619.5, 1185.0, 46.5], V5jr3LBVBn, 5695225]
[folio, [386.0, 2666.0, 1185.0, 46.5], V5jr3LBVBn, 5695225]
[folio, [386.0, 2712.5, 1185.0, 46.5], V5jr3LBVBn, 5695225]
[folio, [386.0, 2759.0, 1185.0, 46.5], V5jr3LBVBn, 5695225]
