[5981, 4221]
[headline, [553.0, 350.0, 3119.0, 52.5], wp15CBClYy, 5695380]
[headline, [553.0, 402.5, 3119.0, 52.5], wp15CBClYy, 5695380]
[headline, [553.0, 455.0, 3119.0, 52.5], wp15CBClYy, 5695380]
[headline, [553.0, 507.5, 3119.0, 52.5], wp15CBClYy, 5695380]
[headline, [553.0, 560.0, 3119.0, 52.5], wp15CBClYy, 5695380]
[headline, [553.0, 612.5, 3119.0, 52.5], wp15CBClYy, 5695380]
[headline, [553.0, 665.0, 3119.0, 52.5], wp15CBClYy, 5695380]
[headline, [553.0, 717.5, 3119.0, 52.5], wp15CBClYy, 5695380]
[headline, [553.0, 770.0, 3119.0, 52.5], wp15CBClYy, 5695380]
[headline, [553.0, 822.5, 3119.0, 52.5], wp15CBClYy, 5695380]
[headline, [553.0, 875.0, 3119.0, 52.5], wp15CBClYy, 5695380]
[headline, [553.0, 927.5, 3119.0, 52.5], wp15CBClYy, 5695380]
[headline, [553.0, 980.0, 3119.0, 52.5], wp15CBClYy, 5695380]
[headline, [553.0, 1032.5, 3119.0, 52.5], wp15CBClYy, 5695380]
[headline, [553.0, 1085.0, 3119.0, 52.5], wp15CBClYy, 5695380]
[headline, [553.0, 1137.5, 3119.0, 52.5], wp15CBClYy, 5695380]
[headline, [553.0, 1190.0, 3119.0, 52.5], wp15CBClYy, 5695380]
[headline, [553.0, 1242.5, 3119.0, 52.5], wp15CBClYy, 5695380]
[section-title, [342.0, 1443.0, 1085.0, 93.0], _VGLHT0R8J, 5695380]
[section-title, [342.0, 1536.0, 1085.0, 93.0], _VGLHT0R8J, 5695380]
[section-title, [342.0, 1629.0, 1085.0, 93.0], _VGLHT0R8J, 5695380]
[section-title, [2392.0, 1486.0, 1559.0, 93.0], 7krGkFK6oA, 5695380]
[section-title, [2392.0, 1579.0, 1559.0, 93.0], 7krGkFK6oA, 5695380]
[section-title, [2392.0, 1672.0, 1559.0, 93.0], 7krGkFK6oA, 5695380]
[paragraph, [132.0, 1888.0, 1552.0, 52.5], 95zEIT7WQK, 5695380]
[paragraph, [132.0, 1940.5, 1552.0, 52.5], 95zEIT7WQK, 5695380]
[paragraph, [132.0, 1993.0, 1552.0, 52.5], 95zEIT7WQK, 5695380]
[paragraph, [132.0, 2045.5, 1552.0, 52.5], 95zEIT7WQK, 5695380]
[paragraph, [132.0, 2098.0, 1552.0, 52.5], 95zEIT7WQK, 5695380]
[paragraph, [132.0, 2150.5, 1552.0, 52.5], 95zEIT7WQK, 5695380]
[paragraph, [132.0, 2203.0, 1552.0, 52.5], 95zEIT7WQK, 5695380]
[paragraph, [132.0, 2255.5, 1552.0, 52.5], 95zEIT7WQK, 5695380]
[paragraph, [132.0, 2308.0, 1552.0, 52.5], 95zEIT7WQK, 5695380]
[paragraph, [132.0, 2360.5, 1552.0, 52.5], 95zEIT7WQK, 5695380]
[paragraph, [132.0, 2413.0, 1552.0, 52.5], 95zEIT7WQK, 5695380]
[paragraph, [132.0, 2465.5, 1552.0, 52.5], 95zEIT7WQK, 5695380]
[paragraph, [132.0, 2518.0, 1552.0, 52.5], 95zEIT7WQK, 5695380]
[paragraph, [2448.0, 1914.0, 1625.0, 52.5], 2zz3Tcj82h, 5695380]
[paragraph, [2448.0, 1966.5, 1625.0, 52.5], 2zz3Tcj82h, 5695380]
[paragraph, [2448.0, 2019.0, 1625.0, 52.5], 2zz3Tcj82h, 5695380]
[paragraph, [2448.0, 2071.5, 1625.0, 52.5], 2zz3Tcj82h, 5695380]
[paragraph, [2448.0, 2124.0, 1625.0, 52.5], 2zz3Tcj82h, 5695380]
[paragraph, [2448.0, 2176.5, 1625.0, 52.5], 2zz3Tcj82h, 5695380]
[paragraph, [2448.0, 2229.0, 1625.0, 52.5], 2zz3Tcj82h, 5695380]
[paragraph, [2448.0, 2281.5, 1625.0, 52.5], 2zz3Tcj82h, 5695380]
[paragraph, [2448.0, 2334.0, 1625.0, 52.5], 2zz3Tcj82h, 5695380]
[paragraph, [2448.0, 2386.5, 1625.0, 52.5], 2zz3Tcj82h, 5695380]
[paragraph, [2448.0, 2439.0, 1625.0, 52.5], 2zz3Tcj82h, 5695380]
[paragraph, [2448.0, 2491.5, 1625.0, 52.5], 2zz3Tcj82h, 5695380]
[unordered-list, [2271.0, 2572.0, 1617.0, 52.5], Ha5y5QFY-V, 5695380]
[unordered-list, [2271.0, 2624.5, 1617.0, 52.5], Ha5y5QFY-V, 5695380]
[unordered-list, [2271.0, 2677.0, 1617.0, 52.5], Ha5y5QFY-V, 5695380]
[unordered-list, [2271.0, 2729.5, 1617.0, 52.5], Ha5y5QFY-V, 5695380]
[unordered-list, [2271.0, 2782.0, 1617.0, 52.5], Ha5y5QFY-V, 5695380]
[unordered-list, [2271.0, 2834.5, 1617.0, 52.5], Ha5y5QFY-V, 5695380]
[unordered-list, [2271.0, 2887.0, 1617.0, 52.5], Ha5y5QFY-V, 5695380]
[unordered-list, [2271.0, 2939.5, 1617.0, 52.5], Ha5y5QFY-V, 5695380]
[unordered-list, [2271.0, 2992.0, 1617.0, 52.5], Ha5y5QFY-V, 5695380]
[unordered-list, [2271.0, 3044.5, 1617.0, 52.5], Ha5y5QFY-V, 5695380]
[unordered-list, [2271.0, 3097.0, 1617.0, 52.5], Ha5y5QFY-V, 5695380]
[unordered-list, [142.0, 2576.0, 1686.0, 52.5], 6LjxZRnO_M, 5695380]
[unordered-list, [142.0, 2628.5, 1686.0, 52.5], 6LjxZRnO_M, 5695380]
[unordered-list, [142.0, 2681.0, 1686.0, 52.5], 6LjxZRnO_M, 5695380]
[unordered-list, [142.0, 2733.5, 1686.0, 52.5], 6LjxZRnO_M, 5695380]
[unordered-list, [142.0, 2786.0, 1686.0, 52.5], 6LjxZRnO_M, 5695380]
[unordered-list, [142.0, 2838.5, 1686.0, 52.5], 6LjxZRnO_M, 5695380]
[unordered-list, [142.0, 2891.0, 1686.0, 52.5], 6LjxZRnO_M, 5695380]
[unordered-list, [142.0, 2943.5, 1686.0, 52.5], 6LjxZRnO_M, 5695380]
[unordered-list, [142.0, 2996.0, 1686.0, 52.5], 6LjxZRnO_M, 5695380]
[unordered-list, [142.0, 3048.5, 1686.0, 52.5], 6LjxZRnO_M, 5695380]
[unordered-list, [142.0, 3101.0, 1686.0, 52.5], 6LjxZRnO_M, 5695380]
[folio, [980.0, 4247.0, 2265.0, 52.5], KS4XCxi0Dx, 5695380]
[folio, [980.0, 4299.5, 2265.0, 52.5], KS4XCxi0Dx, 5695380]
[folio, [980.0, 4352.0, 2265.0, 52.5], KS4XCxi0Dx, 5695380]
[folio, [980.0, 4404.5, 2265.0, 52.5], KS4XCxi0Dx, 5695380]
[unordered-list, [152.0, 4552.0, 3915.0, 52.5], Bp963latGv, 5695380]
[unordered-list, [152.0, 4604.5, 3915.0, 52.5], Bp963latGv, 5695380]
[unordered-list, [152.0, 4657.0, 3915.0, 52.5], Bp963latGv, 5695380]
[unordered-list, [152.0, 4709.5, 3915.0, 52.5], Bp963latGv, 5695380]
[unordered-list, [152.0, 4762.0, 3915.0, 52.5], Bp963latGv, 5695380]
[sidebar, [79.0, 4963.0, 4097.0, 52.5], uU2EXGuIIc, 5695380]
[sidebar, [79.0, 5015.5, 4097.0, 52.5], uU2EXGuIIc, 5695380]
[sidebar, [79.0, 5068.0, 4097.0, 52.5], uU2EXGuIIc, 5695380]
[sidebar, [79.0, 5120.5, 4097.0, 52.5], uU2EXGuIIc, 5695380]
[sidebar, [79.0, 5173.0, 4097.0, 52.5], uU2EXGuIIc, 5695380]
[sidebar, [79.0, 5225.5, 4097.0, 52.5], uU2EXGuIIc, 5695380]
[paragraph, [999.0, 5406.0, 2220.0, 52.5], V42w40f3Wa, 5695380]
[paragraph, [999.0, 5458.5, 2220.0, 52.5], V42w40f3Wa, 5695380]
[paragraph, [999.0, 5511.0, 2220.0, 52.5], V42w40f3Wa, 5695380]
[contact-info, [115.0, 5627.0, 3983.0, 52.5], Xtrqme2TF4, 5695380]
[contact-info, [115.0, 5679.5, 3983.0, 52.5], Xtrqme2TF4, 5695380]
[contact-info, [115.0, 5732.0, 3983.0, 52.5], Xtrqme2TF4, 5695380]
[contact-info, [115.0, 5784.5, 3983.0, 52.5], Xtrqme2TF4, 5695380]
[website-link, [521.0, 5749.0, 2877.0, 18.0], k18qEcZYzR, 5695380]
[website-link, [521.0, 5767.0, 2877.0, 18.0], k18qEcZYzR, 5695380]
[website-link, [521.0, 5785.0, 2877.0, 18.0], k18qEcZYzR, 5695380]
[website-link, [521.0, 5803.0, 2877.0, 18.0], k18qEcZYzR, 5695380]
[website-link, [521.0, 5821.0, 2877.0, 18.0], k18qEcZYzR, 5695380]
[website-link, [521.0, 5839.0, 2877.0, 18.0], k18qEcZYzR, 5695380]
