[1545, 2000]
[folio, [12.0, 83.0, 241.0, 36.0], kN_cXFvwJF, 6490621]
[section-title, [684.0, 86.0, 488.0, 49.5], pIvLaYp39v, 6490621]
[section-title, [1353.0, 89.0, 529.0, 49.5], pw95GGhdQD, 6490621]
[section-title, [1353.0, 138.5, 529.0, 49.5], pw95GGhdQD, 6490621]
[headline, [684.0, 190.0, 432.0, 37.5], hFxaFgxfw2, 6490621]
[headline, [684.0, 227.5, 432.0, 37.5], hFxaFgxfw2, 6490621]
[headline, [684.0, 265.0, 432.0, 37.5], hFxaFgxfw2, 6490621]
[headline, [1353.0, 226.0, 465.0, 37.5], 6RtuZF-Fbp, 6490621]
[headline, [1353.0, 263.5, 465.0, 37.5], 6RtuZF-Fbp, 6490621]
[paragraph, [1353.0, 343.0, 465.0, 36.0], VJ2v7kLmX5, 6490621]
[paragraph, [1353.0, 379.0, 465.0, 36.0], VJ2v7kLmX5, 6490621]
[paragraph, [1353.0, 415.0, 465.0, 36.0], VJ2v7kLmX5, 6490621]
[paragraph, [1353.0, 451.0, 465.0, 36.0], VJ2v7kLmX5, 6490621]
[paragraph, [1353.0, 487.0, 465.0, 36.0], VJ2v7kLmX5, 6490621]
[paragraph, [1353.0, 523.0, 465.0, 36.0], VJ2v7kLmX5, 6490621]
[paragraph, [674.0, 353.0, 486.0, 36.0], j7asPt3YSb, 6490621]
[paragraph, [674.0, 389.0, 486.0, 36.0], j7asPt3YSb, 6490621]
[paragraph, [674.0, 425.0, 486.0, 36.0], j7asPt3YSb, 6490621]
[paragraph, [674.0, 461.0, 486.0, 36.0], j7asPt3YSb, 6490621]
[paragraph, [674.0, 497.0, 486.0, 36.0], j7asPt3YSb, 6490621]
[paragraph, [674.0, 533.0, 486.0, 36.0], j7asPt3YSb, 6490621]
[section-title, [684.0, 605.0, 496.0, 49.5], 94paBeUr5N, 6490621]
[section-title, [684.0, 654.5, 496.0, 49.5], 94paBeUr5N, 6490621]
[headline, [684.0, 720.0, 498.0, 37.5], YaoEA0wG2p, 6490621]
[headline, [684.0, 757.5, 498.0, 37.5], YaoEA0wG2p, 6490621]
[headline, [684.0, 795.0, 498.0, 37.5], YaoEA0wG2p, 6490621]
[folio, [12.0, 796.0, 435.0, 36.0], i27zBI7dL0, 6490621]
[headline, [5.0, 850.0, 603.0, 37.5], jYg0e8ujOb, 6490621]
[headline, [5.0, 887.5, 603.0, 37.5], jYg0e8ujOb, 6490621]
[headline, [5.0, 925.0, 603.0, 37.5], jYg0e8ujOb, 6490621]
[headline, [5.0, 962.5, 603.0, 37.5], jYg0e8ujOb, 6490621]
[headline, [5.0, 1000.0, 603.0, 37.5], jYg0e8ujOb, 6490621]
[paragraph, [689.0, 862.0, 486.0, 36.0], 3U54IzOjIo, 6490621]
[paragraph, [689.0, 898.0, 486.0, 36.0], 3U54IzOjIo, 6490621]
[paragraph, [689.0, 934.0, 486.0, 36.0], 3U54IzOjIo, 6490621]
[paragraph, [689.0, 970.0, 486.0, 36.0], 3U54IzOjIo, 6490621]
[paragraph, [689.0, 1006.0, 486.0, 36.0], 3U54IzOjIo, 6490621]
[paragraph, [689.0, 1042.0, 486.0, 36.0], 3U54IzOjIo, 6490621]
[sidebar, [22.0, 1094.0, 503.0, 36.0], dfTGTl4jXX, 6490621]
[sidebar, [22.0, 1130.0, 503.0, 36.0], dfTGTl4jXX, 6490621]
[sidebar, [22.0, 1166.0, 503.0, 36.0], dfTGTl4jXX, 6490621]
[sidebar, [22.0, 1202.0, 503.0, 36.0], dfTGTl4jXX, 6490621]
[headline, [1329.0, 1100.0, 563.0, 37.5], NHmo9-t-9h, 6490621]
[headline, [1329.0, 1137.5, 563.0, 37.5], NHmo9-t-9h, 6490621]
[headline, [679.0, 1119.0, 493.0, 37.5], Y8rKl_xT6b, 6490621]
[headline, [679.0, 1156.5, 493.0, 37.5], Y8rKl_xT6b, 6490621]
[headline, [679.0, 1194.0, 493.0, 37.5], Y8rKl_xT6b, 6490621]
[headline, [679.0, 1231.5, 493.0, 37.5], Y8rKl_xT6b, 6490621]
[headline, [679.0, 1269.0, 493.0, 37.5], Y8rKl_xT6b, 6490621]
[headline, [679.0, 1306.5, 493.0, 37.5], Y8rKl_xT6b, 6490621]
[headline, [679.0, 1344.0, 493.0, 37.5], Y8rKl_xT6b, 6490621]
[paragraph, [1353.0, 1239.0, 470.0, 36.0], mU0YuUZFa5, 6490621]
[paragraph, [1353.0, 1275.0, 470.0, 36.0], mU0YuUZFa5, 6490621]
[paragraph, [1353.0, 1311.0, 470.0, 36.0], mU0YuUZFa5, 6490621]
[paragraph, [1353.0, 1347.0, 470.0, 36.0], mU0YuUZFa5, 6490621]
[paragraph, [1353.0, 1383.0, 470.0, 36.0], mU0YuUZFa5, 6490621]
[paragraph, [1353.0, 1419.0, 470.0, 36.0], mU0YuUZFa5, 6490621]
[website-link, [38.0, 1394.0, 519.0, 18.0], WuksGbUmp5, 6490621]
[website-link, [38.0, 1412.0, 519.0, 18.0], WuksGbUmp5, 6490621]
[website-link, [38.0, 1430.0, 519.0, 18.0], WuksGbUmp5, 6490621]
[website-link, [38.0, 1448.0, 519.0, 18.0], WuksGbUmp5, 6490621]
