[1601, 1158]
[paragraph, [251.0, 310.0, 653.0, 36.0], C6ED49ApXb, 5695397]
[paragraph, [251.0, 346.0, 653.0, 36.0], C6ED49ApXb, 5695397]
[paragraph, [251.0, 382.0, 653.0, 36.0], C6ED49ApXb, 5695397]
[paragraph, [251.0, 418.0, 653.0, 36.0], C6ED49ApXb, 5695397]
[paragraph, [251.0, 464.0, 652.0, 36.0], bFtXZQys9y, 5695397]
[paragraph, [251.0, 500.0, 652.0, 36.0], bFtXZQys9y, 5695397]
[paragraph, [251.0, 536.0, 652.0, 36.0], bFtXZQys9y, 5695397]
[paragraph, [254.0, 613.0, 650.0, 36.0], ah60Tfib6B, 5695397]
[paragraph, [254.0, 649.0, 650.0, 36.0], ah60Tfib6B, 5695397]
[paragraph, [254.0, 685.0, 650.0, 36.0], ah60Tfib6B, 5695397]
[paragraph, [254.0, 721.0, 650.0, 36.0], ah60Tfib6B, 5695397]
[paragraph, [254.0, 757.0, 650.0, 36.0], ah60Tfib6B, 5695397]
[paragraph, [254.0, 793.0, 650.0, 36.0], ah60Tfib6B, 5695397]
[paragraph, [254.0, 829.0, 650.0, 36.0], ah60Tfib6B, 5695397]
