[1601, 1158]
[sidebar, [1026.0, 0.0, 124.0, 36.0], PUQB11XytO, 5695877]
[sidebar, [1026.0, 36.0, 124.0, 36.0], PUQB11XytO, 5695877]
[sidebar, [1026.0, 72.0, 124.0, 36.0], PUQB11XytO, 5695877]
[sidebar, [1026.0, 108.0, 124.0, 36.0], PUQB11XytO, 5695877]
[sidebar, [1026.0, 144.0, 124.0, 36.0], PUQB11XytO, 5695877]
[sidebar, [1026.0, 180.0, 124.0, 36.0], PUQB11XytO, 5695877]
[sidebar, [1026.0, 216.0, 124.0, 36.0], PUQB11XytO, 5695877]
[sidebar, [1026.0, 252.0, 124.0, 36.0], PUQB11XytO, 5695877]
[sidebar, [1026.0, 288.0, 124.0, 36.0], PUQB11XytO, 5695877]
[folio, [1045.0, 76.0, 65.0, 36.0], yH-y-9ufu9, 5695877]
[folio, [1045.0, 112.0, 65.0, 36.0], yH-y-9ufu9, 5695877]
[folio, [1045.0, 148.0, 65.0, 36.0], yH-y-9ufu9, 5695877]
[folio, [1045.0, 184.0, 65.0, 36.0], yH-y-9ufu9, 5695877]
[folio, [1045.0, 256.0, 65.0, 36.0], yH-y-9ufu9, 5695877]
[folio, [1045.0, 292.0, 65.0, 36.0], yH-y-9ufu9, 5695877]
[folio, [1047.0, 540.0, 47.0, 36.0], Pzkz3p4XdZ, 5695877]
