[842, 596]
[headline, [84.0, 156.0, 452.0, 25.5], UiDynCx7o4, 6490704]
[headline, [84.0, 181.5, 452.0, 25.5], UiDynCx7o4, 6490704]
[section-title, [215.0, 255.0, 186.0, 30.0], Q9NW6bryVy, 6490704]
[paragraph, [204.0, 304.0, 210.0, 18.0], T0B6Hg_HHF, 6490704]
[paragraph, [204.0, 322.0, 210.0, 18.0], T0B6Hg_HHF, 6490704]
[paragraph, [204.0, 340.0, 210.0, 18.0], T0B6Hg_HHF, 6490704]
[paragraph, [204.0, 358.0, 210.0, 18.0], T0B6Hg_HHF, 6490704]
[paragraph, [204.0, 376.0, 210.0, 18.0], T0B6Hg_HHF, 6490704]
[paragraph, [204.0, 394.0, 210.0, 18.0], T0B6Hg_HHF, 6490704]
[paragraph, [204.0, 412.0, 210.0, 18.0], T0B6Hg_HHF, 6490704]
[paragraph, [204.0, 430.0, 210.0, 18.0], T0B6Hg_HHF, 6490704]
[paragraph, [204.0, 448.0, 210.0, 18.0], T0B6Hg_HHF, 6490704]
[paragraph, [204.0, 466.0, 210.0, 18.0], T0B6Hg_HHF, 6490704]
[paragraph, [204.0, 484.0, 210.0, 18.0], T0B6Hg_HHF, 6490704]
[paragraph, [204.0, 502.0, 210.0, 18.0], T0B6Hg_HHF, 6490704]
[paragraph, [204.0, 520.0, 210.0, 18.0], T0B6Hg_HHF, 6490704]
[paragraph, [204.0, 538.0, 210.0, 18.0], T0B6Hg_HHF, 6490704]
[paragraph, [204.0, 556.0, 210.0, 18.0], T0B6Hg_HHF, 6490704]
[paragraph, [204.0, 574.0, 210.0, 18.0], T0B6Hg_HHF, 6490704]
[paragraph, [204.0, 592.0, 210.0, 18.0], T0B6Hg_HHF, 6490704]
[paragraph, [204.0, 610.0, 210.0, 18.0], T0B6Hg_HHF, 6490704]
[author, [245.0, 646.0, 130.0, 18.0], Wct-vX75zE, 6490704]
