[1601, 1158]
[folio, [60.0, 77.0, 70.0, 36.0], cq-PvjF0bb, 5695431]
[folio, [60.0, 113.0, 70.0, 36.0], cq-PvjF0bb, 5695431]
[folio, [56.0, 1000.0, 70.0, 36.0], uDoEBUlW5e, 5695431]
[folio, [56.0, 1036.0, 70.0, 36.0], uDoEBUlW5e, 5695431]
[folio, [56.0, 1072.0, 70.0, 36.0], uDoEBUlW5e, 5695431]
[folio, [56.0, 1108.0, 70.0, 36.0], uDoEBUlW5e, 5695431]
[folio, [56.0, 1144.0, 70.0, 36.0], uDoEBUlW5e, 5695431]
[folio, [56.0, 1216.0, 70.0, 36.0], uDoEBUlW5e, 5695431]
[headline, [601.0, 1106.0, 430.0, 37.5], Lw4aZ2j9mq, 5695431]
[headline, [601.0, 1143.5, 430.0, 37.5], Lw4aZ2j9mq, 5695431]
[headline, [601.0, 1181.0, 430.0, 37.5], Lw4aZ2j9mq, 5695431]
[headline, [601.0, 1218.5, 430.0, 37.5], Lw4aZ2j9mq, 5695431]
