[774, 599]
[paragraph, [16.0, 20.0, 256.0, 18.0], ohxxBO6rya, 5695953]
[paragraph, [16.0, 38.0, 256.0, 18.0], ohxxBO6rya, 5695953]
[paragraph, [16.0, 56.0, 256.0, 18.0], ohxxBO6rya, 5695953]
[flag, [13.0, 75.0, 315.0, 18.0], BiuVUG91rg, 5695953]
[flag, [13.0, 93.0, 315.0, 18.0], BiuVUG91rg, 5695953]
[flag, [13.0, 111.0, 315.0, 18.0], BiuVUG91rg, 5695953]
[flag, [13.0, 129.0, 315.0, 18.0], BiuVUG91rg, 5695953]
[flag, [13.0, 147.0, 315.0, 18.0], BiuVUG91rg, 5695953]
[flag, [13.0, 165.0, 315.0, 18.0], BiuVUG91rg, 5695953]
[flag, [13.0, 183.0, 315.0, 18.0], BiuVUG91rg, 5695953]
[flag, [13.0, 201.0, 315.0, 18.0], BiuVUG91rg, 5695953]
[flag, [13.0, 219.0, 315.0, 18.0], BiuVUG91rg, 5695953]
[flag, [13.0, 237.0, 315.0, 18.0], BiuVUG91rg, 5695953]
[flag, [13.0, 255.0, 315.0, 18.0], BiuVUG91rg, 5695953]
[flag, [13.0, 273.0, 315.0, 18.0], BiuVUG91rg, 5695953]
[dateline, [431.0, 182.5, 148.0, 64.5], RSNU0_G-QN, 5695953]
[contact-info, [437.0, 256.0, 142.0, 18.0], CTxQYJg8qs, 5695953]
[contact-info, [437.0, 274.0, 142.0, 18.0], CTxQYJg8qs, 5695953]
[contact-info, [437.0, 292.0, 142.0, 18.0], CTxQYJg8qs, 5695953]
[author, [443.0, 322.0, 133.0, 18.0], wJUsWbi5mK, 5695953]
[author, [443.0, 340.0, 133.0, 18.0], wJUsWbi5mK, 5695953]
[author, [443.0, 358.0, 133.0, 18.0], wJUsWbi5mK, 5695953]
[author, [443.0, 376.0, 133.0, 18.0], wJUsWbi5mK, 5695953]
[author, [443.0, 394.0, 133.0, 18.0], wJUsWbi5mK, 5695953]
[author, [443.0, 412.0, 133.0, 18.0], wJUsWbi5mK, 5695953]
[author, [443.0, 430.0, 133.0, 18.0], wJUsWbi5mK, 5695953]
[author, [23.0, 349.0, 255.0, 18.0], shoonya_0s96FWL1PNWLTU, 5695953]
[author, [23.0, 367.0, 255.0, 18.0], shoonya_0s96FWL1PNWLTU, 5695953]
[author, [23.0, 385.0, 255.0, 18.0], shoonya_0s96FWL1PNWLTU, 5695953]
[author, [23.0, 403.0, 255.0, 18.0], shoonya_0s96FWL1PNWLTU, 5695953]
[author, [333.0, 377.0, 111.0, 18.0], Ox1MoKl5qP, 5695953]
[author, [333.0, 395.0, 111.0, 18.0], Ox1MoKl5qP, 5695953]
[author, [333.0, 413.0, 111.0, 18.0], Ox1MoKl5qP, 5695953]
[author, [333.0, 431.0, 111.0, 18.0], Ox1MoKl5qP, 5695953]
[author, [333.0, 449.0, 111.0, 18.0], Ox1MoKl5qP, 5695953]
[author, [333.0, 467.0, 111.0, 18.0], Ox1MoKl5qP, 5695953]
[author, [21.0, 423.0, 229.0, 18.0], YRZ3S581mx, 5695953]
[author, [21.0, 441.0, 229.0, 18.0], YRZ3S581mx, 5695953]
[author, [445.0, 462.0, 135.0, 18.0], 6L8RhbcJBk, 5695953]
[author, [445.0, 480.0, 135.0, 18.0], 6L8RhbcJBk, 5695953]
[author, [445.0, 498.0, 135.0, 18.0], 6L8RhbcJBk, 5695953]
[author, [445.0, 516.0, 135.0, 18.0], 6L8RhbcJBk, 5695953]
[author, [445.0, 534.0, 135.0, 18.0], 6L8RhbcJBk, 5695953]
[author, [445.0, 552.0, 135.0, 18.0], 6L8RhbcJBk, 5695953]
[author, [445.0, 570.0, 135.0, 18.0], 6L8RhbcJBk, 5695953]
[author, [445.0, 588.0, 135.0, 18.0], 6L8RhbcJBk, 5695953]
[author, [13.0, 473.0, 208.0, 18.0], cgH7OL7Pu8, 5695953]
[author, [333.0, 500.0, 107.0, 18.0], _qVSTQqpwq, 5695953]
[author, [333.0, 518.0, 107.0, 18.0], _qVSTQqpwq, 5695953]
[author, [333.0, 536.0, 107.0, 18.0], _qVSTQqpwq, 5695953]
[author, [333.0, 554.0, 107.0, 18.0], _qVSTQqpwq, 5695953]
[author, [333.0, 572.0, 107.0, 18.0], _qVSTQqpwq, 5695953]
[author, [19.0, 504.0, 277.0, 18.0], sppHuEO-Q5, 5695953]
[author, [19.0, 522.0, 277.0, 18.0], sppHuEO-Q5, 5695953]
[author, [24.0, 566.0, 180.0, 18.0], PTYqpjt_Dm, 5695953]
[author, [25.0, 617.0, 120.0, 18.0], vxHAHHP_Dj, 5695953]
[author, [413.0, 617.0, 166.0, 18.0], UzymtnH4e_, 5695953]
[author, [413.0, 635.0, 166.0, 18.0], UzymtnH4e_, 5695953]
[author, [413.0, 653.0, 166.0, 18.0], UzymtnH4e_, 5695953]
[author, [150.0, 621.0, 155.0, 18.0], EocuXf1gHS, 5695953]
[contact-info, [21.0, 645.0, 123.0, 18.0], PfV4zbIjmv, 5695953]
[contact-info, [144.0, 646.0, 162.0, 18.0], gnuMKQpn-X, 5695953]
[contact-info, [15.0, 670.0, 573.0, 18.0], LmPRdiN9ym, 5695953]
[contact-info, [15.0, 688.0, 573.0, 18.0], LmPRdiN9ym, 5695953]
[contact-info, [15.0, 706.0, 573.0, 18.0], LmPRdiN9ym, 5695953]
[folio, [509.0, 734.0, 75.0, 18.0], oUKz1oJ-0i, 5695953]
[contact-info, [125.0, 736.0, 343.0, 18.0], IzsmE05pZz, 5695953]
