[842, 596]
[folio, [491.0, 12.0, 89.0, 18.0], F0fV8DPz3O, 5779472]
[folio, [491.0, 30.0, 89.0, 18.0], F0fV8DPz3O, 5779472]
[folio, [491.0, 48.0, 89.0, 18.0], F0fV8DPz3O, 5779472]
[folio, [491.0, 66.0, 89.0, 18.0], F0fV8DPz3O, 5779472]
[section-title, [105.0, 297.0, 306.0, 30.0], WsGCSZ242P, 5779472]
[section-title, [105.0, 327.0, 306.0, 30.0], WsGCSZ242P, 5779472]
[sidebar, [222.0, 382.0, 144.0, 18.0], xGU4l9zyKD, 5779472]
[sidebar, [222.0, 400.0, 144.0, 18.0], xGU4l9zyKD, 5779472]
[sidebar, [222.0, 418.0, 144.0, 18.0], xGU4l9zyKD, 5779472]
[sidebar, [222.0, 436.0, 144.0, 18.0], xGU4l9zyKD, 5779472]
[sidebar, [222.0, 454.0, 144.0, 18.0], xGU4l9zyKD, 5779472]
[sidebar, [222.0, 472.0, 144.0, 18.0], xGU4l9zyKD, 5779472]
[sidebar, [222.0, 490.0, 144.0, 18.0], xGU4l9zyKD, 5779472]
[sidebar, [222.0, 508.0, 144.0, 18.0], xGU4l9zyKD, 5779472]
[sidebar, [222.0, 526.0, 144.0, 18.0], xGU4l9zyKD, 5779472]
[sub-section-title, [103.0, 563.0, 395.0, 25.5], v3O8_qDCTx, 5779472]
[sub-section-title, [103.0, 588.5, 395.0, 25.5], v3O8_qDCTx, 5779472]
[paragraph, [96.0, 631.0, 409.0, 18.0], Kc2Db_hJC4, 5779472]
[paragraph, [96.0, 649.0, 409.0, 18.0], Kc2Db_hJC4, 5779472]
[paragraph, [96.0, 667.0, 409.0, 18.0], Kc2Db_hJC4, 5779472]
[paragraph, [96.0, 685.0, 409.0, 18.0], Kc2Db_hJC4, 5779472]
[paragraph, [96.0, 703.0, 409.0, 18.0], Kc2Db_hJC4, 5779472]
[paragraph, [166.0, 741.0, 255.0, 18.0], af6-cXM-bR, 5779472]
[paragraph, [166.0, 759.0, 255.0, 18.0], af6-cXM-bR, 5779472]
[folio, [92.0, 797.0, 149.0, 18.0], x_2H-L-cSu, 5779472]
