[1309, 863]
[headline, [208.0, 313.0, 420.0, 25.5], shoonya_0sR6KY7W83MBOD, 5779792]
[headline, [208.0, 338.5, 420.0, 25.5], shoonya_0sR6KY7W83MBOD, 5779792]
[headline, [208.0, 364.0, 420.0, 25.5], shoonya_0sR6KY7W83MBOD, 5779792]
[headline, [208.0, 389.5, 420.0, 25.5], shoonya_0sR6KY7W83MBOD, 5779792]
[folio, [227.0, 878.0, 394.0, 18.0], a2AbFopi1t, 5779792]
[folio, [227.0, 896.0, 394.0, 18.0], a2AbFopi1t, 5779792]
[folio, [227.0, 914.0, 394.0, 18.0], a2AbFopi1t, 5779792]
[folio, [227.0, 932.0, 394.0, 18.0], a2AbFopi1t, 5779792]
[author, [269.0, 961.0, 295.0, 18.0], H5ALD-5T3y, 5779792]
[author, [269.0, 979.0, 295.0, 18.0], H5ALD-5T3y, 5779792]
