[1755, 1241]
[folio, [147.0, 173.0, 432.0, 36.0], Z1VLt2Ou4A, 5704941]
[section-title, [234.0, 439.0, 767.0, 49.5], l0TlLwUCxL, 5704941]
[section-title, [234.0, 488.5, 767.0, 49.5], l0TlLwUCxL, 5704941]
[section-title, [234.0, 538.0, 767.0, 49.5], l0TlLwUCxL, 5704941]
[folio, [569.0, 594.0, 420.0, 36.0], Em57__71yH, 5704941]
[folio, [569.0, 630.0, 420.0, 36.0], Em57__71yH, 5704941]
[folio, [569.0, 666.0, 420.0, 36.0], Em57__71yH, 5704941]
[folio, [569.0, 702.0, 420.0, 36.0], Em57__71yH, 5704941]
[folio, [569.0, 738.0, 420.0, 36.0], Em57__71yH, 5704941]
[folio, [569.0, 774.0, 420.0, 36.0], Em57__71yH, 5704941]
[folio, [569.0, 810.0, 420.0, 36.0], Em57__71yH, 5704941]
[folio, [569.0, 846.0, 420.0, 36.0], Em57__71yH, 5704941]
[contact-info, [549.0, 915.0, 446.0, 36.0], 9pdR35P1qq, 5704941]
[contact-info, [549.0, 951.0, 446.0, 36.0], 9pdR35P1qq, 5704941]
[contact-info, [549.0, 987.0, 446.0, 36.0], 9pdR35P1qq, 5704941]
[contact-info, [547.0, 1052.0, 432.0, 36.0], hJK4VIykl3, 5704941]
[contact-info, [547.0, 1088.0, 432.0, 36.0], hJK4VIykl3, 5704941]
[contact-info, [547.0, 1124.0, 432.0, 36.0], hJK4VIykl3, 5704941]
[contact-info, [547.0, 1160.0, 432.0, 36.0], hJK4VIykl3, 5704941]
[contact-info, [547.0, 1196.0, 432.0, 36.0], hJK4VIykl3, 5704941]
[website-link, [144.0, 1550.0, 296.0, 18.0], shoonya_0sXKY7GLIZ2IJ0, 5704941]
[website-link, [144.0, 1568.0, 296.0, 18.0], shoonya_0sXKY7GLIZ2IJ0, 5704941]
