[596, 420]
[headline, [61.0, 34.0, 299.0, 25.5], shoonya_1s6N3E8YU9DN8W, 5705394]
[headline, [61.0, 59.5, 299.0, 25.5], shoonya_1s6N3E8YU9DN8W, 5705394]
[paragraph, [37.0, 409.0, 344.0, 18.0], 1vYFbpXdZC, 5705394]
[paragraph, [39.0, 442.0, 343.0, 18.0], J0g003PS2V, 5705394]
[paragraph, [39.0, 460.0, 343.0, 18.0], J0g003PS2V, 5705394]
[folio, [15.0, 510.0, 133.0, 18.0], 4hYOR0YLol, 5705394]
[folio, [15.0, 528.0, 133.0, 18.0], 4hYOR0YLol, 5705394]
[folio, [15.0, 546.0, 133.0, 18.0], 4hYOR0YLol, 5705394]
[folio, [174.0, 511.0, 236.0, 18.0], NCkbxTlhmI, 5705394]
[folio, [174.0, 529.0, 236.0, 18.0], NCkbxTlhmI, 5705394]
[folio, [174.0, 547.0, 236.0, 18.0], NCkbxTlhmI, 5705394]
