[843, 596]
[contact-info, [127.0, 41.0, 273.0, 18.0], jTekW8fezv, 5656672]
[contact-info, [127.0, 59.0, 273.0, 18.0], jTekW8fezv, 5656672]
[contact-info, [127.0, 77.0, 273.0, 18.0], jTekW8fezv, 5656672]
[contact-info, [127.0, 95.0, 273.0, 18.0], jTekW8fezv, 5656672]
[folio, [56.0, 595.0, 508.0, 18.0], 6_EzKCYx9Y, 5656672]
[folio, [56.0, 613.0, 508.0, 18.0], 6_EzKCYx9Y, 5656672]
[folio, [56.0, 631.0, 508.0, 18.0], 6_EzKCYx9Y, 5656672]
[folio, [56.0, 649.0, 508.0, 18.0], 6_EzKCYx9Y, 5656672]
[folio, [56.0, 667.0, 508.0, 18.0], 6_EzKCYx9Y, 5656672]
[folio, [56.0, 685.0, 508.0, 18.0], 6_EzKCYx9Y, 5656672]
[folio, [56.0, 703.0, 508.0, 18.0], 6_EzKCYx9Y, 5656672]
