[792, 612]
[folio, [424.0, 79.0, 82.0, 18.0], PeIz55QBMu, 5657040]
[headline, [133.0, 162.0, 320.0, 25.5], MMisbcS5NL, 5657040]
[headline, [133.0, 187.5, 320.0, 25.5], MMisbcS5NL, 5657040]
[headline, [133.0, 213.0, 320.0, 25.5], MMisbcS5NL, 5657040]
[headline, [133.0, 238.5, 320.0, 25.5], MMisbcS5NL, 5657040]
[headline, [133.0, 264.0, 320.0, 25.5], MMisbcS5NL, 5657040]
[headline, [133.0, 289.5, 320.0, 25.5], MMisbcS5NL, 5657040]
[headline, [133.0, 315.0, 320.0, 25.5], MMisbcS5NL, 5657040]
[website-link, [170.0, 597.0, 273.0, 18.0], jr2mpN-owU, 5657040]
[folio, [443.0, 764.0, 94.0, 18.0], -1ghnr8mqk, 5657040]
