[2084, 2084]
[headline, [66.0, 54.0, 1517.0, 67.5], shoonya_1sA8KF7YFI93QC, 5715921]
[headline, [66.0, 121.5, 1517.0, 67.5], shoonya_1sA8KF7YFI93QC, 5715921]
[headline, [66.0, 189.0, 1517.0, 67.5], shoonya_1sA8KF7YFI93QC, 5715921]
[quote, [175.0, 1442.0, 806.0, 36.0], wuSsEinVu-, 5715921]
[quote, [175.0, 1478.0, 806.0, 36.0], wuSsEinVu-, 5715921]
[quote, [175.0, 1514.0, 806.0, 36.0], wuSsEinVu-, 5715921]
[quote, [175.0, 1550.0, 806.0, 36.0], wuSsEinVu-, 5715921]
[quote, [175.0, 1586.0, 806.0, 36.0], wuSsEinVu-, 5715921]
[quote, [175.0, 1622.0, 806.0, 36.0], wuSsEinVu-, 5715921]
[quote, [175.0, 1658.0, 806.0, 36.0], wuSsEinVu-, 5715921]
[quote, [175.0, 1694.0, 806.0, 36.0], wuSsEinVu-, 5715921]
[quote, [175.0, 1730.0, 806.0, 36.0], wuSsEinVu-, 5715921]
[quote, [175.0, 1766.0, 806.0, 36.0], wuSsEinVu-, 5715921]
[quote, [175.0, 1802.0, 806.0, 36.0], wuSsEinVu-, 5715921]
[quote, [175.0, 1838.0, 806.0, 36.0], wuSsEinVu-, 5715921]
[quote, [175.0, 1874.0, 806.0, 36.0], wuSsEinVu-, 5715921]
[quote, [175.0, 1910.0, 806.0, 36.0], wuSsEinVu-, 5715921]
