[540, 960]
[folio, [0.0, 54.0, 519.0, 18.0], PLB-NoV9T8, 5715855]
[folio, [0.0, 72.0, 519.0, 18.0], PLB-NoV9T8, 5715855]
[folio, [0.0, 90.0, 519.0, 18.0], PLB-NoV9T8, 5715855]
[folio, [0.0, 108.0, 519.0, 18.0], PLB-NoV9T8, 5715855]
[folio, [0.0, 126.0, 519.0, 18.0], PLB-NoV9T8, 5715855]
[folio, [0.0, 144.0, 519.0, 18.0], PLB-NoV9T8, 5715855]
[folio, [0.0, 162.0, 519.0, 18.0], PLB-NoV9T8, 5715855]
[folio, [0.0, 180.0, 519.0, 18.0], PLB-NoV9T8, 5715855]
[folio, [0.0, 198.0, 519.0, 18.0], PLB-NoV9T8, 5715855]
[folio, [0.0, 216.0, 519.0, 18.0], PLB-NoV9T8, 5715855]
[folio, [0.0, 234.0, 519.0, 18.0], PLB-NoV9T8, 5715855]
[folio, [0.0, 252.0, 519.0, 18.0], PLB-NoV9T8, 5715855]
[folio, [0.0, 270.0, 519.0, 18.0], PLB-NoV9T8, 5715855]
[folio, [0.0, 288.0, 519.0, 18.0], PLB-NoV9T8, 5715855]
[folio, [0.0, 306.0, 519.0, 18.0], PLB-NoV9T8, 5715855]
[folio, [0.0, 324.0, 519.0, 18.0], PLB-NoV9T8, 5715855]
[folio, [0.0, 342.0, 519.0, 18.0], PLB-NoV9T8, 5715855]
[folio, [0.0, 360.0, 519.0, 18.0], PLB-NoV9T8, 5715855]
[folio, [0.0, 378.0, 519.0, 18.0], PLB-NoV9T8, 5715855]
[folio, [0.0, 396.0, 519.0, 18.0], PLB-NoV9T8, 5715855]
[folio, [0.0, 414.0, 519.0, 18.0], PLB-NoV9T8, 5715855]
[folio, [0.0, 432.0, 519.0, 18.0], PLB-NoV9T8, 5715855]
[folio, [0.0, 450.0, 519.0, 18.0], PLB-NoV9T8, 5715855]
[folio, [0.0, 468.0, 519.0, 18.0], PLB-NoV9T8, 5715855]
[folio, [864.0, 466.0, 93.0, 18.0], shoonya_1sO5R59L0U4K6S, 5715855]
[folio, [864.0, 484.0, 93.0, 18.0], shoonya_1sO5R59L0U4K6S, 5715855]
[folio, [864.0, 502.0, 93.0, 18.0], shoonya_1sO5R59L0U4K6S, 5715855]
[folio, [6.0, 491.0, 129.0, 18.0], cRuz3dJ9zH, 5715855]
[folio, [6.0, 509.0, 129.0, 18.0], cRuz3dJ9zH, 5715855]
