[540, 960]
[folio, [8.0, 4.0, 100.0, 18.0], kO9mpUT9Vl, 5715944]
[folio, [8.0, 22.0, 100.0, 18.0], kO9mpUT9Vl, 5715944]
[folio, [8.0, 40.0, 100.0, 18.0], kO9mpUT9Vl, 5715944]
[headline, [126.0, 49.0, 717.0, 25.5], yXW_4Ad5lf, 5715944]
[headline, [126.0, 74.5, 717.0, 25.5], yXW_4Ad5lf, 5715944]
[headline, [126.0, 100.0, 717.0, 25.5], yXW_4Ad5lf, 5715944]
[sub-headline, [224.0, 151.0, 496.0, 25.5], eswWPN8jR4, 5715944]
[sub-headline, [224.0, 176.5, 496.0, 25.5], eswWPN8jR4, 5715944]
[sub-headline, [224.0, 202.0, 496.0, 25.5], eswWPN8jR4, 5715944]
