[3947, 2777]
[quote, [313.0, 1411.0, 2213.0, 52.5], 3rGTtOGLwS, 5715502]
[quote, [313.0, 1463.5, 2213.0, 52.5], 3rGTtOGLwS, 5715502]
[quote, [313.0, 1516.0, 2213.0, 52.5], 3rGTtOGLwS, 5715502]
[quote, [313.0, 1568.5, 2213.0, 52.5], 3rGTtOGLwS, 5715502]
[quote, [313.0, 1621.0, 2213.0, 52.5], 3rGTtOGLwS, 5715502]
[quote, [313.0, 1673.5, 2213.0, 52.5], 3rGTtOGLwS, 5715502]
[section-title, [581.0, 1741.0, 1785.0, 93.0], OXB3x-fQHE, 5715502]
[section-title, [581.0, 1834.0, 1785.0, 93.0], OXB3x-fQHE, 5715502]
[section-title, [581.0, 1927.0, 1785.0, 93.0], OXB3x-fQHE, 5715502]
[section-title, [581.0, 2020.0, 1785.0, 93.0], OXB3x-fQHE, 5715502]
[section-title, [581.0, 2113.0, 1785.0, 93.0], OXB3x-fQHE, 5715502]
[section-title, [581.0, 2206.0, 1785.0, 93.0], OXB3x-fQHE, 5715502]
[section-title, [581.0, 2299.0, 1785.0, 93.0], OXB3x-fQHE, 5715502]
[footnote, [196.0, 3222.0, 2426.0, 52.5], HriKIXVk8S, 5715502]
[footnote, [196.0, 3274.5, 2426.0, 52.5], HriKIXVk8S, 5715502]
[footnote, [196.0, 3327.0, 2426.0, 52.5], HriKIXVk8S, 5715502]
[footnote, [196.0, 3379.5, 2426.0, 52.5], HriKIXVk8S, 5715502]
[footnote, [196.0, 3432.0, 2426.0, 52.5], HriKIXVk8S, 5715502]
