[842, 596]
[section-title, [458.0, 90.0, 84.0, 30.0], n_7N1mfqjV, 5716145]
[sidebar, [361.0, 160.0, 184.0, 18.0], oRDv6LN5mv, 5716145]
[sidebar, [361.0, 178.0, 184.0, 18.0], oRDv6LN5mv, 5716145]
[paragraph, [72.0, 244.0, 449.0, 18.0], -Wcz8ClImp, 5716145]
[paragraph, [72.0, 262.0, 449.0, 18.0], -Wcz8ClImp, 5716145]
[paragraph, [72.0, 280.0, 449.0, 18.0], -Wcz8ClImp, 5716145]
[paragraph, [72.0, 298.0, 449.0, 18.0], -Wcz8ClImp, 5716145]
[paragraph, [71.0, 329.0, 450.0, 18.0], w3qr97LZd-, 5716145]
[paragraph, [71.0, 347.0, 450.0, 18.0], w3qr97LZd-, 5716145]
[paragraph, [71.0, 365.0, 450.0, 18.0], w3qr97LZd-, 5716145]
[paragraph, [70.0, 383.0, 450.0, 18.0], 655-3Y2Pah, 5716145]
[paragraph, [70.0, 401.0, 450.0, 18.0], 655-3Y2Pah, 5716145]
[paragraph, [70.0, 419.0, 450.0, 18.0], 655-3Y2Pah, 5716145]
[paragraph, [70.0, 437.0, 450.0, 18.0], 655-3Y2Pah, 5716145]
[paragraph, [70.0, 455.0, 450.0, 18.0], 655-3Y2Pah, 5716145]
[paragraph, [69.0, 481.0, 452.0, 18.0], JoRcj6VheS, 5716145]
[paragraph, [69.0, 499.0, 452.0, 18.0], JoRcj6VheS, 5716145]
[paragraph, [69.0, 517.0, 452.0, 18.0], JoRcj6VheS, 5716145]
[paragraph, [69.0, 535.0, 452.0, 18.0], JoRcj6VheS, 5716145]
[paragraph, [66.0, 566.0, 454.0, 18.0], shoonya_1sAKCSWD5B61MN, 5716145]
[paragraph, [66.0, 584.0, 454.0, 18.0], shoonya_1sAKCSWD5B61MN, 5716145]
[paragraph, [66.0, 602.0, 454.0, 18.0], shoonya_1sAKCSWD5B61MN, 5716145]
[contact-info, [366.0, 628.0, 156.0, 18.0], aW6_LqN752, 5716145]
[contact-info, [366.0, 646.0, 156.0, 18.0], aW6_LqN752, 5716145]
[contact-info, [366.0, 664.0, 156.0, 18.0], aW6_LqN752, 5716145]
[contact-info, [366.0, 682.0, 156.0, 18.0], aW6_LqN752, 5716145]
[contact-info, [366.0, 700.0, 156.0, 18.0], aW6_LqN752, 5716145]
