[1754, 1241]
[figure-caption, [35.0, 50.0, 410.0, 36.0], u5ZbF5PbAk, 5715962]
[figure-caption, [35.0, 86.0, 410.0, 36.0], u5ZbF5PbAk, 5715962]
[figure-caption, [35.0, 122.0, 410.0, 36.0], u5ZbF5PbAk, 5715962]
[quote, [539.0, 144.0, 391.0, 36.0], CXaGBpCAR1, 5715962]
[quote, [539.0, 180.0, 391.0, 36.0], CXaGBpCAR1, 5715962]
[quote, [539.0, 216.0, 391.0, 36.0], CXaGBpCAR1, 5715962]
[quote, [539.0, 252.0, 391.0, 36.0], CXaGBpCAR1, 5715962]
[quote, [287.0, 732.0, 294.0, 36.0], yEtITaADvY, 5715962]
[quote, [287.0, 768.0, 294.0, 36.0], yEtITaADvY, 5715962]
[quote, [287.0, 804.0, 294.0, 36.0], yEtITaADvY, 5715962]
[quote, [287.0, 840.0, 294.0, 36.0], yEtITaADvY, 5715962]
[quote, [707.0, 745.0, 413.0, 36.0], oh1iKEkGU2, 5715962]
[quote, [707.0, 781.0, 413.0, 36.0], oh1iKEkGU2, 5715962]
[quote, [707.0, 817.0, 413.0, 36.0], oh1iKEkGU2, 5715962]
[quote, [707.0, 853.0, 413.0, 36.0], oh1iKEkGU2, 5715962]
[quote, [877.0, 1271.0, 278.0, 36.0], RxtsbRsLg_, 5715962]
[quote, [877.0, 1307.0, 278.0, 36.0], RxtsbRsLg_, 5715962]
[quote, [877.0, 1343.0, 278.0, 36.0], RxtsbRsLg_, 5715962]
[quote, [877.0, 1379.0, 278.0, 36.0], RxtsbRsLg_, 5715962]
[quote, [877.0, 1415.0, 278.0, 36.0], RxtsbRsLg_, 5715962]
[quote, [29.0, 1302.0, 262.0, 36.0], p7Qv0n6zl-, 5715962]
[quote, [29.0, 1338.0, 262.0, 36.0], p7Qv0n6zl-, 5715962]
