[1754, 1241]
[section-title, [158.0, 162.0, 514.0, 49.5], u2bQ7I5TxB, 5715772]
[answer, [140.0, 375.0, 442.0, 36.0], 5O7u4Xib9K, 5715772]
[answer, [140.0, 411.0, 442.0, 36.0], 5O7u4Xib9K, 5715772]
[answer, [147.0, 552.0, 513.0, 36.0], wtwNSX5nNS, 5715772]
[answer, [147.0, 588.0, 513.0, 36.0], wtwNSX5nNS, 5715772]
[answer, [147.0, 624.0, 513.0, 36.0], wtwNSX5nNS, 5715772]
[answer, [147.0, 660.0, 513.0, 36.0], wtwNSX5nNS, 5715772]
[answer, [114.0, 789.0, 550.0, 36.0], uniiUlikxF, 5715772]
[answer, [114.0, 825.0, 550.0, 36.0], uniiUlikxF, 5715772]
[answer, [114.0, 861.0, 550.0, 36.0], uniiUlikxF, 5715772]
[answer, [136.0, 992.0, 522.0, 36.0], 88H9laCP5E, 5715772]
[answer, [136.0, 1028.0, 522.0, 36.0], 88H9laCP5E, 5715772]
[answer, [136.0, 1064.0, 522.0, 36.0], 88H9laCP5E, 5715772]
[answer, [148.0, 1194.0, 503.0, 36.0], uMGdRsce-a, 5715772]
[answer, [148.0, 1230.0, 503.0, 36.0], uMGdRsce-a, 5715772]
[answer, [148.0, 1266.0, 503.0, 36.0], uMGdRsce-a, 5715772]
[answer, [148.0, 1302.0, 503.0, 36.0], uMGdRsce-a, 5715772]
[answer, [148.0, 1338.0, 503.0, 36.0], uMGdRsce-a, 5715772]
[answer, [128.0, 1461.0, 505.0, 36.0], p5XsJleEDX, 5715772]
[answer, [128.0, 1497.0, 505.0, 36.0], p5XsJleEDX, 5715772]
[answer, [128.0, 1533.0, 505.0, 36.0], p5XsJleEDX, 5715772]
[answer, [128.0, 1569.0, 505.0, 36.0], p5XsJleEDX, 5715772]
