[1754, 1241]
[quote, [363.0, 241.0, 615.0, 36.0], LuOE7eDzxr, 5715769]
[quote, [363.0, 277.0, 615.0, 36.0], LuOE7eDzxr, 5715769]
[quote, [363.0, 313.0, 615.0, 36.0], LuOE7eDzxr, 5715769]
[quote, [363.0, 349.0, 615.0, 36.0], LuOE7eDzxr, 5715769]
[quote, [363.0, 385.0, 615.0, 36.0], LuOE7eDzxr, 5715769]
[quote, [317.0, 933.0, 147.0, 36.0], MW5iJTaUFy, 5715769]
[quote, [317.0, 969.0, 147.0, 36.0], MW5iJTaUFy, 5715769]
[quote, [478.0, 1010.0, 259.0, 36.0], shoonya_1sC8DHKE4DJIW2, 5715769]
[quote, [478.0, 1046.0, 259.0, 36.0], shoonya_1sC8DHKE4DJIW2, 5715769]
