[1754, 1241]
[quote, [197.0, 56.0, 546.0, 36.0], ADK99h_q2w, 5716005]
[quote, [197.0, 92.0, 546.0, 36.0], ADK99h_q2w, 5716005]
[quote, [197.0, 128.0, 546.0, 36.0], ADK99h_q2w, 5716005]
[quote, [197.0, 164.0, 546.0, 36.0], ADK99h_q2w, 5716005]
[quote, [197.0, 200.0, 546.0, 36.0], ADK99h_q2w, 5716005]
[quote, [197.0, 236.0, 546.0, 36.0], ADK99h_q2w, 5716005]
[quote, [805.0, 87.0, 353.0, 36.0], J8n9VBkf_u, 5716005]
[quote, [805.0, 123.0, 353.0, 36.0], J8n9VBkf_u, 5716005]
[quote, [805.0, 159.0, 353.0, 36.0], J8n9VBkf_u, 5716005]
[quote, [167.0, 543.0, 142.0, 36.0], 9nHgqO8pit, 5716005]
[quote, [737.0, 617.0, 408.0, 36.0], E2dbmqrL1z, 5716005]
[quote, [737.0, 653.0, 408.0, 36.0], E2dbmqrL1z, 5716005]
[quote, [737.0, 689.0, 408.0, 36.0], E2dbmqrL1z, 5716005]
[quote, [737.0, 725.0, 408.0, 36.0], E2dbmqrL1z, 5716005]
[quote, [308.0, 700.0, 303.0, 36.0], bHCKQi2L-l, 5716005]
[quote, [308.0, 736.0, 303.0, 36.0], bHCKQi2L-l, 5716005]
[quote, [308.0, 772.0, 303.0, 36.0], bHCKQi2L-l, 5716005]
[quote, [308.0, 808.0, 303.0, 36.0], bHCKQi2L-l, 5716005]
[quote, [328.0, 1121.0, 386.0, 36.0], UhiFPKg7Mx, 5716005]
[quote, [328.0, 1157.0, 386.0, 36.0], UhiFPKg7Mx, 5716005]
[quote, [328.0, 1193.0, 386.0, 36.0], UhiFPKg7Mx, 5716005]
[quote, [328.0, 1229.0, 386.0, 36.0], UhiFPKg7Mx, 5716005]
[quote, [830.0, 1345.0, 328.0, 36.0], TowGcdfSv7, 5716005]
[quote, [830.0, 1381.0, 328.0, 36.0], TowGcdfSv7, 5716005]
[quote, [830.0, 1417.0, 328.0, 36.0], TowGcdfSv7, 5716005]
[quote, [830.0, 1453.0, 328.0, 36.0], TowGcdfSv7, 5716005]
