[540, 960]
[folio, [3.0, 7.0, 90.0, 18.0], Y6QoQbOYIH, 5716208]
[folio, [3.0, 25.0, 90.0, 18.0], Y6QoQbOYIH, 5716208]
[section-title, [165.0, 15.0, 720.0, 30.0], i6WNLBYWNG, 5716208]
[section-title, [165.0, 45.0, 720.0, 30.0], i6WNLBYWNG, 5716208]
[paragraph, [191.0, 99.0, 752.0, 18.0], 3H-Kq1YE-H, 5716208]
[paragraph, [191.0, 117.0, 752.0, 18.0], 3H-Kq1YE-H, 5716208]
[paragraph, [191.0, 135.0, 752.0, 18.0], 3H-Kq1YE-H, 5716208]
[paragraph, [191.0, 153.0, 752.0, 18.0], 3H-Kq1YE-H, 5716208]
[paragraph, [191.0, 171.0, 752.0, 18.0], 3H-Kq1YE-H, 5716208]
[paragraph, [191.0, 189.0, 752.0, 18.0], 3H-Kq1YE-H, 5716208]
[paragraph, [191.0, 207.0, 752.0, 18.0], 3H-Kq1YE-H, 5716208]
[paragraph, [191.0, 225.0, 752.0, 18.0], 3H-Kq1YE-H, 5716208]
[paragraph, [191.0, 243.0, 752.0, 18.0], 3H-Kq1YE-H, 5716208]
[paragraph, [191.0, 261.0, 752.0, 18.0], 3H-Kq1YE-H, 5716208]
[paragraph, [191.0, 279.0, 752.0, 18.0], 3H-Kq1YE-H, 5716208]
[paragraph, [191.0, 297.0, 752.0, 18.0], 3H-Kq1YE-H, 5716208]
[paragraph, [191.0, 315.0, 752.0, 18.0], 3H-Kq1YE-H, 5716208]
[paragraph, [191.0, 333.0, 752.0, 18.0], 3H-Kq1YE-H, 5716208]
[paragraph, [191.0, 351.0, 752.0, 18.0], 3H-Kq1YE-H, 5716208]
[paragraph, [191.0, 369.0, 752.0, 18.0], 3H-Kq1YE-H, 5716208]
[paragraph, [191.0, 387.0, 752.0, 18.0], 3H-Kq1YE-H, 5716208]
[paragraph, [191.0, 405.0, 752.0, 18.0], 3H-Kq1YE-H, 5716208]
[paragraph, [191.0, 423.0, 752.0, 18.0], 3H-Kq1YE-H, 5716208]
[paragraph, [191.0, 441.0, 752.0, 18.0], 3H-Kq1YE-H, 5716208]
[paragraph, [191.0, 459.0, 752.0, 18.0], 3H-Kq1YE-H, 5716208]
[paragraph, [191.0, 477.0, 752.0, 18.0], 3H-Kq1YE-H, 5716208]
[paragraph, [191.0, 495.0, 752.0, 18.0], 3H-Kq1YE-H, 5716208]
