[1754, 1241]
[quote, [236.0, 103.0, 391.0, 36.0], qyFZ_3f1VT, 5715595]
[quote, [236.0, 139.0, 391.0, 36.0], qyFZ_3f1VT, 5715595]
[quote, [236.0, 175.0, 391.0, 36.0], qyFZ_3f1VT, 5715595]
[quote, [236.0, 211.0, 391.0, 36.0], qyFZ_3f1VT, 5715595]
[quote, [236.0, 247.0, 391.0, 36.0], qyFZ_3f1VT, 5715595]
[quote, [837.0, 222.0, 159.0, 36.0], F6ZJToAMYm, 5715595]
[quote, [837.0, 258.0, 159.0, 36.0], F6ZJToAMYm, 5715595]
[quote, [837.0, 294.0, 159.0, 36.0], F6ZJToAMYm, 5715595]
[quote, [104.0, 510.0, 248.0, 36.0], k-VE_t_Q5v, 5715595]
[quote, [104.0, 546.0, 248.0, 36.0], k-VE_t_Q5v, 5715595]
[quote, [104.0, 582.0, 248.0, 36.0], k-VE_t_Q5v, 5715595]
[quote, [355.0, 566.0, 281.0, 36.0], JWt-2t7xYj, 5715595]
[quote, [355.0, 602.0, 281.0, 36.0], JWt-2t7xYj, 5715595]
[quote, [355.0, 638.0, 281.0, 36.0], JWt-2t7xYj, 5715595]
[quote, [355.0, 674.0, 281.0, 36.0], JWt-2t7xYj, 5715595]
[quote, [906.0, 745.0, 278.0, 36.0], DdzmQ7e-1P, 5715595]
[quote, [906.0, 781.0, 278.0, 36.0], DdzmQ7e-1P, 5715595]
[quote, [906.0, 817.0, 278.0, 36.0], DdzmQ7e-1P, 5715595]
[quote, [334.0, 767.0, 242.0, 36.0], t1MTvuGhuW, 5715595]
[quote, [334.0, 803.0, 242.0, 36.0], t1MTvuGhuW, 5715595]
[quote, [334.0, 839.0, 242.0, 36.0], t1MTvuGhuW, 5715595]
[quote, [615.0, 1024.0, 338.0, 36.0], yPZHMWC7dx, 5715595]
[quote, [615.0, 1060.0, 338.0, 36.0], yPZHMWC7dx, 5715595]
[section-title, [261.0, 1130.0, 255.0, 49.5], azQsnskUGb, 5715595]
[section-title, [261.0, 1179.5, 255.0, 49.5], azQsnskUGb, 5715595]
[paragraph, [239.0, 1240.0, 275.0, 36.0], jb5THs4GNN, 5715595]
[paragraph, [239.0, 1276.0, 275.0, 36.0], jb5THs4GNN, 5715595]
[section-title, [752.0, 1248.0, 205.0, 49.5], ZF30O-X3DS, 5715595]
[quote, [716.0, 1346.0, 322.0, 36.0], 7duqnK4nf6, 5715595]
[quote, [716.0, 1382.0, 322.0, 36.0], 7duqnK4nf6, 5715595]
[quote, [716.0, 1418.0, 322.0, 36.0], 7duqnK4nf6, 5715595]
[section-title, [208.0, 1450.0, 275.0, 49.5], fSDmJoZLRZ, 5715595]
[section-title, [790.0, 1490.0, 305.0, 49.5], lEg1v0c9lO, 5715595]
[paragraph, [201.0, 1545.0, 374.0, 36.0], yGCGqljnW2, 5715595]
[paragraph, [201.0, 1581.0, 374.0, 36.0], yGCGqljnW2, 5715595]
[paragraph, [201.0, 1617.0, 374.0, 36.0], yGCGqljnW2, 5715595]
[paragraph, [201.0, 1653.0, 374.0, 36.0], yGCGqljnW2, 5715595]
[paragraph, [887.0, 1592.0, 300.0, 36.0], zB_0AoVU2n, 5715595]
[paragraph, [887.0, 1628.0, 300.0, 36.0], zB_0AoVU2n, 5715595]
[paragraph, [887.0, 1664.0, 300.0, 36.0], zB_0AoVU2n, 5715595]
