[1754, 1241]
[answer, [151.0, 171.0, 979.0, 36.0], shoonya_2sPZLIOS0O9A71, 5715525]
[answer, [151.0, 207.0, 979.0, 36.0], shoonya_2sPZLIOS0O9A71, 5715525]
[answer, [151.0, 243.0, 979.0, 36.0], shoonya_2sPZLIOS0O9A71, 5715525]
[answer, [151.0, 279.0, 979.0, 36.0], shoonya_2sPZLIOS0O9A71, 5715525]
[answer, [151.0, 315.0, 979.0, 36.0], shoonya_2sPZLIOS0O9A71, 5715525]
[answer, [151.0, 351.0, 979.0, 36.0], shoonya_2sPZLIOS0O9A71, 5715525]
[answer, [151.0, 496.0, 946.0, 36.0], t_fIW6gPTt, 5715525]
[answer, [151.0, 532.0, 946.0, 36.0], t_fIW6gPTt, 5715525]
[answer, [151.0, 656.0, 918.0, 36.0], ZGP5KP1r0C, 5715525]
[answer, [123.0, 740.0, 993.0, 36.0], FX7g3qfr-D, 5715525]
[answer, [123.0, 776.0, 993.0, 36.0], FX7g3qfr-D, 5715525]
[answer, [123.0, 812.0, 993.0, 36.0], FX7g3qfr-D, 5715525]
[answer, [123.0, 848.0, 993.0, 36.0], FX7g3qfr-D, 5715525]
[answer, [123.0, 884.0, 993.0, 36.0], FX7g3qfr-D, 5715525]
[answer, [123.0, 920.0, 993.0, 36.0], FX7g3qfr-D, 5715525]
[answer, [123.0, 956.0, 993.0, 36.0], FX7g3qfr-D, 5715525]
[answer, [145.0, 1132.0, 995.0, 36.0], 9LRvznI51z, 5715525]
[answer, [145.0, 1168.0, 995.0, 36.0], 9LRvznI51z, 5715525]
[answer, [145.0, 1204.0, 995.0, 36.0], 9LRvznI51z, 5715525]
[answer, [150.0, 1307.0, 899.0, 36.0], kDKRILBcYw, 5715525]
[answer, [150.0, 1409.0, 948.0, 36.0], h2Rm8-eo9E, 5715525]
[answer, [147.0, 1520.0, 979.0, 36.0], ZbjrZvAR-V, 5715525]
[answer, [147.0, 1556.0, 979.0, 36.0], ZbjrZvAR-V, 5715525]
[answer, [147.0, 1592.0, 979.0, 36.0], ZbjrZvAR-V, 5715525]
