[2084, 1667]
[headline, [97.0, 104.0, 1146.0, 67.5], shoonya_0sF2TWUB7DVLIS, 5715374]
[headline, [97.0, 171.5, 1146.0, 67.5], shoonya_0sF2TWUB7DVLIS, 5715374]
[headline, [97.0, 239.0, 1146.0, 67.5], shoonya_0sF2TWUB7DVLIS, 5715374]
[headline, [97.0, 306.5, 1146.0, 67.5], shoonya_0sF2TWUB7DVLIS, 5715374]
[paragraph, [113.0, 420.0, 1427.0, 36.0], 48jCmbp85o, 5715374]
[paragraph, [113.0, 456.0, 1427.0, 36.0], 48jCmbp85o, 5715374]
[paragraph, [113.0, 492.0, 1427.0, 36.0], 48jCmbp85o, 5715374]
[paragraph, [113.0, 528.0, 1427.0, 36.0], 48jCmbp85o, 5715374]
[paragraph, [113.0, 564.0, 1427.0, 36.0], 48jCmbp85o, 5715374]
[paragraph, [113.0, 600.0, 1427.0, 36.0], 48jCmbp85o, 5715374]
[paragraph, [113.0, 636.0, 1427.0, 36.0], 48jCmbp85o, 5715374]
[paragraph, [113.0, 672.0, 1427.0, 36.0], 48jCmbp85o, 5715374]
[paragraph, [113.0, 708.0, 1427.0, 36.0], 48jCmbp85o, 5715374]
[paragraph, [113.0, 744.0, 1427.0, 36.0], 48jCmbp85o, 5715374]
[paragraph, [113.0, 780.0, 1427.0, 36.0], 48jCmbp85o, 5715374]
[paragraph, [113.0, 816.0, 1427.0, 36.0], 48jCmbp85o, 5715374]
[sidebar, [1015.0, 1028.0, 521.0, 36.0], 2-DSQSO-3a, 5715374]
[sidebar, [1015.0, 1064.0, 521.0, 36.0], 2-DSQSO-3a, 5715374]
[sidebar, [1015.0, 1100.0, 521.0, 36.0], 2-DSQSO-3a, 5715374]
[sidebar, [1015.0, 1136.0, 521.0, 36.0], 2-DSQSO-3a, 5715374]
[sidebar, [1015.0, 1172.0, 521.0, 36.0], 2-DSQSO-3a, 5715374]
[sidebar, [125.0, 1095.0, 564.0, 36.0], shoonya_2s2CDO5HQTE57L, 5715374]
[sidebar, [125.0, 1131.0, 564.0, 36.0], shoonya_2s2CDO5HQTE57L, 5715374]
[sidebar, [125.0, 1167.0, 564.0, 36.0], shoonya_2s2CDO5HQTE57L, 5715374]
[sidebar, [125.0, 1203.0, 564.0, 36.0], shoonya_2s2CDO5HQTE57L, 5715374]
[sidebar, [125.0, 1239.0, 564.0, 36.0], shoonya_2s2CDO5HQTE57L, 5715374]
[sidebar, [125.0, 1275.0, 564.0, 36.0], shoonya_2s2CDO5HQTE57L, 5715374]
[sidebar, [1027.0, 1488.0, 500.0, 36.0], GZ8toJfJA5, 5715374]
[sidebar, [1027.0, 1524.0, 500.0, 36.0], GZ8toJfJA5, 5715374]
[sidebar, [1027.0, 1560.0, 500.0, 36.0], GZ8toJfJA5, 5715374]
[sidebar, [1027.0, 1596.0, 500.0, 36.0], GZ8toJfJA5, 5715374]
[sidebar, [1027.0, 1632.0, 500.0, 36.0], GZ8toJfJA5, 5715374]
[footnote, [935.0, 2004.0, 718.0, 36.0], dkspecZg60, 5715374]
[footnote, [935.0, 2040.0, 718.0, 36.0], dkspecZg60, 5715374]
