[1754, 1241]
[quote, [533.0, 111.0, 630.0, 36.0], aHSftw4Jg3, 5715371]
[quote, [533.0, 147.0, 630.0, 36.0], aHSftw4Jg3, 5715371]
[quote, [533.0, 183.0, 630.0, 36.0], aHSftw4Jg3, 5715371]
[quote, [533.0, 219.0, 630.0, 36.0], aHSftw4Jg3, 5715371]
[quote, [533.0, 255.0, 630.0, 36.0], aHSftw4Jg3, 5715371]
[quote, [533.0, 291.0, 630.0, 36.0], aHSftw4Jg3, 5715371]
[quote, [533.0, 327.0, 630.0, 36.0], aHSftw4Jg3, 5715371]
[quote, [533.0, 363.0, 630.0, 36.0], aHSftw4Jg3, 5715371]
[quote, [533.0, 399.0, 630.0, 36.0], aHSftw4Jg3, 5715371]
[quote, [533.0, 435.0, 630.0, 36.0], aHSftw4Jg3, 5715371]
[quote, [147.0, 913.0, 372.0, 36.0], ZHp21hBzJi, 5715371]
[quote, [147.0, 949.0, 372.0, 36.0], ZHp21hBzJi, 5715371]
[quote, [147.0, 985.0, 372.0, 36.0], ZHp21hBzJi, 5715371]
[quote, [147.0, 1021.0, 372.0, 36.0], ZHp21hBzJi, 5715371]
[quote, [147.0, 1057.0, 372.0, 36.0], ZHp21hBzJi, 5715371]
[quote, [147.0, 1093.0, 372.0, 36.0], ZHp21hBzJi, 5715371]
[quote, [799.0, 1086.0, 350.0, 36.0], I29BnYMzNM, 5715371]
[quote, [799.0, 1122.0, 350.0, 36.0], I29BnYMzNM, 5715371]
[quote, [799.0, 1158.0, 350.0, 36.0], I29BnYMzNM, 5715371]
[quote, [799.0, 1194.0, 350.0, 36.0], I29BnYMzNM, 5715371]
[quote, [799.0, 1230.0, 350.0, 36.0], I29BnYMzNM, 5715371]
[quote, [799.0, 1266.0, 350.0, 36.0], I29BnYMzNM, 5715371]
[quote, [799.0, 1302.0, 350.0, 36.0], I29BnYMzNM, 5715371]
[quote, [799.0, 1338.0, 350.0, 36.0], I29BnYMzNM, 5715371]
