[1350, 975]
[headline, [138.0, 144.0, 684.0, 25.5], 3_bi5_tc8w, 6473577]
[headline, [138.0, 169.5, 684.0, 25.5], 3_bi5_tc8w, 6473577]
[headline, [138.0, 195.0, 684.0, 25.5], 3_bi5_tc8w, 6473577]
[headline, [138.0, 220.5, 684.0, 25.5], 3_bi5_tc8w, 6473577]
[headline, [138.0, 246.0, 684.0, 25.5], 3_bi5_tc8w, 6473577]
[headline, [138.0, 271.5, 684.0, 25.5], 3_bi5_tc8w, 6473577]
[headline, [138.0, 297.0, 684.0, 25.5], 3_bi5_tc8w, 6473577]
[headline, [138.0, 322.5, 684.0, 25.5], 3_bi5_tc8w, 6473577]
[headline, [138.0, 348.0, 684.0, 25.5], 3_bi5_tc8w, 6473577]
[headline, [138.0, 373.5, 684.0, 25.5], 3_bi5_tc8w, 6473577]
[headline, [138.0, 399.0, 684.0, 25.5], 3_bi5_tc8w, 6473577]
[sub-headline, [123.0, 456.0, 717.0, 25.5], KNOHTYTTTu, 6473577]
[sub-headline, [123.0, 481.5, 717.0, 25.5], KNOHTYTTTu, 6473577]
[sub-headline, [123.0, 507.0, 717.0, 25.5], KNOHTYTTTu, 6473577]
[contact-info, [230.0, 1084.0, 522.0, 18.0], PsciFI5BOx, 6473577]
[contact-info, [230.0, 1102.0, 522.0, 18.0], PsciFI5BOx, 6473577]
[contact-info, [230.0, 1120.0, 522.0, 18.0], PsciFI5BOx, 6473577]
[contact-info, [230.0, 1138.0, 522.0, 18.0], PsciFI5BOx, 6473577]
[contact-info, [230.0, 1156.0, 522.0, 18.0], PsciFI5BOx, 6473577]
