[2555, 2560]
[headline, [41.0, 9.0, 1168.0, 52.5], shoonya_0sAFFK309UJM3U, 6474038]
[headline, [41.0, 61.5, 1168.0, 52.5], shoonya_0sAFFK309UJM3U, 6474038]
[headline, [41.0, 114.0, 1168.0, 52.5], shoonya_0sAFFK309UJM3U, 6474038]
[headline, [41.0, 166.5, 1168.0, 52.5], shoonya_0sAFFK309UJM3U, 6474038]
[headline, [41.0, 219.0, 1168.0, 52.5], shoonya_0sAFFK309UJM3U, 6474038]
[headline, [41.0, 271.5, 1168.0, 52.5], shoonya_0sAFFK309UJM3U, 6474038]
[headline, [41.0, 324.0, 1168.0, 52.5], shoonya_0sAFFK309UJM3U, 6474038]
[headline, [41.0, 376.5, 1168.0, 52.5], shoonya_0sAFFK309UJM3U, 6474038]
[headline, [41.0, 429.0, 1168.0, 52.5], shoonya_0sAFFK309UJM3U, 6474038]
[quote, [326.0, 639.0, 537.0, 46.5], t87pQsihyx, 6474038]
[quote, [326.0, 685.5, 537.0, 46.5], t87pQsihyx, 6474038]
[quote, [326.0, 732.0, 537.0, 46.5], t87pQsihyx, 6474038]
[quote, [326.0, 778.5, 537.0, 46.5], t87pQsihyx, 6474038]
[quote, [326.0, 825.0, 537.0, 46.5], t87pQsihyx, 6474038]
[quote, [326.0, 871.5, 537.0, 46.5], t87pQsihyx, 6474038]
[quote, [419.0, 1394.0, 566.0, 46.5], -pAZHpMcCd, 6474038]
[quote, [419.0, 1440.5, 566.0, 46.5], -pAZHpMcCd, 6474038]
[quote, [419.0, 1487.0, 566.0, 46.5], -pAZHpMcCd, 6474038]
[quote, [419.0, 1533.5, 566.0, 46.5], -pAZHpMcCd, 6474038]
[quote, [419.0, 1580.0, 566.0, 46.5], -pAZHpMcCd, 6474038]
[quote, [419.0, 1626.5, 566.0, 46.5], -pAZHpMcCd, 6474038]
[quote, [419.0, 1673.0, 566.0, 46.5], -pAZHpMcCd, 6474038]
[quote, [419.0, 1719.5, 566.0, 46.5], -pAZHpMcCd, 6474038]
[quote, [419.0, 1766.0, 566.0, 46.5], -pAZHpMcCd, 6474038]
[quote, [428.0, 1921.0, 540.0, 46.5], 97YoI1IKJL, 6474038]
[quote, [428.0, 1967.5, 540.0, 46.5], 97YoI1IKJL, 6474038]
[quote, [428.0, 2014.0, 540.0, 46.5], 97YoI1IKJL, 6474038]
[quote, [428.0, 2060.5, 540.0, 46.5], 97YoI1IKJL, 6474038]
[quote, [428.0, 2107.0, 540.0, 46.5], 97YoI1IKJL, 6474038]
[quote, [428.0, 2153.5, 540.0, 46.5], 97YoI1IKJL, 6474038]
[quote, [428.0, 2200.0, 540.0, 46.5], 97YoI1IKJL, 6474038]
