[2896, 2048]
[headline, [155.0, 173.0, 1493.0, 52.5], CHtdSM9B5p, 6473572]
[headline, [155.0, 225.5, 1493.0, 52.5], CHtdSM9B5p, 6473572]
[headline, [155.0, 278.0, 1493.0, 52.5], CHtdSM9B5p, 6473572]
[section-title, [258.0, 468.0, 595.0, 79.5], 8ZGaAt3z1p, 6473572]
[paragraph, [304.0, 570.0, 935.0, 46.5], 7jUp1_HLTG, 6473572]
[paragraph, [304.0, 616.5, 935.0, 46.5], 7jUp1_HLTG, 6473572]
[quote, [314.0, 729.0, 938.0, 46.5], ShNxJyLcO7, 6473572]
[quote, [314.0, 775.5, 938.0, 46.5], ShNxJyLcO7, 6473572]
[section-title, [866.0, 1217.0, 465.0, 79.5], aASIV5ysiC, 6473572]
[paragraph, [915.0, 1332.0, 685.0, 46.5], YmfzN8nw7o, 6473572]
[quote, [874.0, 1407.0, 764.0, 46.5], HpWnKpbwMQ, 6473572]
[quote, [874.0, 1453.5, 764.0, 46.5], HpWnKpbwMQ, 6473572]
[section-title, [158.0, 1647.0, 391.0, 79.5], iLRqPN6EPN, 6473572]
[section-title, [938.0, 1655.0, 1009.0, 79.5], TjDdQ0D9LU, 6473572]
[section-title, [938.0, 1734.5, 1009.0, 79.5], TjDdQ0D9LU, 6473572]
[paragraph, [230.0, 1770.0, 626.0, 46.5], bmIsUQU8yw, 6473572]
[paragraph, [230.0, 1816.5, 626.0, 46.5], bmIsUQU8yw, 6473572]
[paragraph, [969.0, 1849.0, 984.0, 46.5], mFjNpcBDvz, 6473572]
[paragraph, [969.0, 1895.5, 984.0, 46.5], mFjNpcBDvz, 6473572]
[quote, [1002.0, 2015.0, 953.0, 46.5], CnBp2vnAF4, 6473572]
[quote, [1002.0, 2061.5, 953.0, 46.5], CnBp2vnAF4, 6473572]
[quote, [1002.0, 2108.0, 953.0, 46.5], CnBp2vnAF4, 6473572]
