[1792, 1278]
[folio, [65.0, 22.0, 143.0, 36.0], u2O_0yn7Cv, 5745057]
[section-title, [68.0, 162.0, 351.0, 49.5], j_iKEfCu8O, 5745057]
[quote, [678.0, 290.0, 523.0, 36.0], DrQuCEpIvr, 5745057]
[quote, [678.0, 326.0, 523.0, 36.0], DrQuCEpIvr, 5745057]
[quote, [678.0, 362.0, 523.0, 36.0], DrQuCEpIvr, 5745057]
[quote, [86.0, 292.0, 514.0, 36.0], egciwWZjEg, 5745057]
[quote, [86.0, 328.0, 514.0, 36.0], egciwWZjEg, 5745057]
[quote, [86.0, 364.0, 514.0, 36.0], egciwWZjEg, 5745057]
[contact-info, [907.0, 448.0, 191.0, 36.0], vylrCZt8PN, 5745057]
[contact-info, [303.0, 463.0, 196.0, 36.0], WmdBJelAd0, 5745057]
[quote, [67.0, 584.0, 529.0, 36.0], shoonya_10sCVUIH9YFLE3, 5745057]
[quote, [67.0, 620.0, 529.0, 36.0], shoonya_10sCVUIH9YFLE3, 5745057]
[quote, [67.0, 656.0, 529.0, 36.0], shoonya_10sCVUIH9YFLE3, 5745057]
[quote, [677.0, 584.0, 520.0, 36.0], rfIPykb39H, 5745057]
[quote, [677.0, 620.0, 520.0, 36.0], rfIPykb39H, 5745057]
[quote, [677.0, 656.0, 520.0, 36.0], rfIPykb39H, 5745057]
[contact-info, [303.0, 752.0, 202.0, 36.0], 4t98FI4394, 5745057]
[contact-info, [912.0, 755.0, 186.0, 36.0], PCsHt-By3A, 5745057]
[quote, [680.0, 883.0, 517.0, 36.0], 8GBAKmo2fN, 5745057]
[quote, [680.0, 919.0, 517.0, 36.0], 8GBAKmo2fN, 5745057]
[quote, [680.0, 955.0, 517.0, 36.0], 8GBAKmo2fN, 5745057]
[contact-info, [897.0, 1047.0, 202.0, 36.0], uRBFESNxZi, 5745057]
[contact-info, [335.0, 1049.0, 170.0, 36.0], RIMYBcjReg, 5745057]
[quote, [78.0, 1167.0, 525.0, 36.0], nEE16IskYo, 5745057]
[quote, [78.0, 1203.0, 525.0, 36.0], nEE16IskYo, 5745057]
[quote, [78.0, 1239.0, 525.0, 36.0], nEE16IskYo, 5745057]
[quote, [677.0, 1170.0, 517.0, 36.0], W6j8eVFTgX, 5745057]
[quote, [677.0, 1206.0, 517.0, 36.0], W6j8eVFTgX, 5745057]
[quote, [677.0, 1242.0, 517.0, 36.0], W6j8eVFTgX, 5745057]
[contact-info, [897.0, 1333.0, 204.0, 36.0], Xkc8MalKpV, 5745057]
[contact-info, [277.0, 1343.0, 230.0, 36.0], zGs0a82j_t, 5745057]
[quote, [83.0, 1472.0, 514.0, 36.0], O3PABr_lvI, 5745057]
[quote, [83.0, 1508.0, 514.0, 36.0], O3PABr_lvI, 5745057]
[quote, [677.0, 1472.0, 525.0, 36.0], DgPxg9ESk1, 5745057]
[quote, [677.0, 1508.0, 525.0, 36.0], DgPxg9ESk1, 5745057]
[quote, [677.0, 1544.0, 525.0, 36.0], DgPxg9ESk1, 5745057]
[contact-info, [306.0, 1635.0, 199.0, 36.0], 4r0s_0pr1h, 5745057]
[contact-info, [936.0, 1638.0, 172.0, 36.0], rwiszCFMO9, 5745057]
