[1650, 1275]
[headline, [57.0, 883.0, 1209.0, 37.5], _Pd4oGeTg6, 5744514]
[headline, [57.0, 920.5, 1209.0, 37.5], _Pd4oGeTg6, 5744514]
[headline, [57.0, 958.0, 1209.0, 37.5], _Pd4oGeTg6, 5744514]
[headline, [57.0, 995.5, 1209.0, 37.5], _Pd4oGeTg6, 5744514]
[headline, [57.0, 1033.0, 1209.0, 37.5], _Pd4oGeTg6, 5744514]
[headline, [57.0, 1070.5, 1209.0, 37.5], _Pd4oGeTg6, 5744514]
[headline, [57.0, 1108.0, 1209.0, 37.5], _Pd4oGeTg6, 5744514]
[headline, [57.0, 1145.5, 1209.0, 37.5], _Pd4oGeTg6, 5744514]
[headline, [57.0, 1183.0, 1209.0, 37.5], _Pd4oGeTg6, 5744514]
[headline, [57.0, 1220.5, 1209.0, 37.5], _Pd4oGeTg6, 5744514]
