[2280, 1780]
[options, [164.0, 266.0, 522.0, 36.0], -Z3a3SDer1, 5755536]
[options, [164.0, 302.0, 522.0, 36.0], -Z3a3SDer1, 5755536]
[options, [164.0, 338.0, 522.0, 36.0], -Z3a3SDer1, 5755536]
[options, [164.0, 374.0, 522.0, 36.0], -Z3a3SDer1, 5755536]
[options, [164.0, 410.0, 522.0, 36.0], -Z3a3SDer1, 5755536]
[options, [313.0, 542.0, 798.0, 36.0], h09akJ8GgP, 5755536]
[options, [313.0, 578.0, 798.0, 36.0], h09akJ8GgP, 5755536]
[options, [313.0, 614.0, 798.0, 36.0], h09akJ8GgP, 5755536]
[options, [313.0, 650.0, 798.0, 36.0], h09akJ8GgP, 5755536]
[options, [313.0, 686.0, 798.0, 36.0], h09akJ8GgP, 5755536]
[options, [313.0, 814.0, 344.0, 36.0], CEUKeCGNX-, 5755536]
[options, [313.0, 850.0, 344.0, 36.0], CEUKeCGNX-, 5755536]
[options, [313.0, 886.0, 344.0, 36.0], CEUKeCGNX-, 5755536]
[options, [313.0, 922.0, 344.0, 36.0], CEUKeCGNX-, 5755536]
[options, [313.0, 958.0, 344.0, 36.0], CEUKeCGNX-, 5755536]
[options, [324.0, 1081.0, 1001.0, 36.0], cOjKkv7OHk, 5755536]
[options, [324.0, 1117.0, 1001.0, 36.0], cOjKkv7OHk, 5755536]
[options, [324.0, 1153.0, 1001.0, 36.0], cOjKkv7OHk, 5755536]
[options, [324.0, 1189.0, 1001.0, 36.0], cOjKkv7OHk, 5755536]
[options, [324.0, 1225.0, 1001.0, 36.0], cOjKkv7OHk, 5755536]
[options, [313.0, 1350.0, 556.0, 36.0], TBfH35bv4G, 5755536]
[options, [313.0, 1386.0, 556.0, 36.0], TBfH35bv4G, 5755536]
[options, [313.0, 1422.0, 556.0, 36.0], TBfH35bv4G, 5755536]
[options, [313.0, 1458.0, 556.0, 36.0], TBfH35bv4G, 5755536]
[options, [313.0, 1494.0, 556.0, 36.0], TBfH35bv4G, 5755536]
[options, [320.0, 1626.0, 189.0, 36.0], w44X-k4M57, 5755536]
[options, [320.0, 1662.0, 189.0, 36.0], w44X-k4M57, 5755536]
[options, [320.0, 1698.0, 189.0, 36.0], w44X-k4M57, 5755536]
[options, [320.0, 1734.0, 189.0, 36.0], w44X-k4M57, 5755536]
[options, [320.0, 1770.0, 189.0, 36.0], w44X-k4M57, 5755536]
[folio, [740.0, 2126.0, 204.0, 36.0], hyytR0A3LH, 5755536]
[folio, [700.0, 2184.0, 382.0, 36.0], LOCUBmprqw, 5755536]
