[1736, 1323]
[paragraph, [659.0, 800.0, 542.0, 36.0], 6pydMNSYNf, 5772078]
[paragraph, [659.0, 836.0, 542.0, 36.0], 6pydMNSYNf, 5772078]
[paragraph, [659.0, 872.0, 542.0, 36.0], 6pydMNSYNf, 5772078]
[paragraph, [659.0, 908.0, 542.0, 36.0], 6pydMNSYNf, 5772078]
[paragraph, [659.0, 944.0, 542.0, 36.0], 6pydMNSYNf, 5772078]
[paragraph, [116.0, 810.0, 543.0, 36.0], 8k21AmlxCo, 5772078]
[paragraph, [116.0, 846.0, 543.0, 36.0], 8k21AmlxCo, 5772078]
[paragraph, [116.0, 882.0, 543.0, 36.0], 8k21AmlxCo, 5772078]
[paragraph, [116.0, 918.0, 543.0, 36.0], 8k21AmlxCo, 5772078]
[paragraph, [116.0, 954.0, 543.0, 36.0], 8k21AmlxCo, 5772078]
[paragraph, [116.0, 990.0, 543.0, 36.0], 8k21AmlxCo, 5772078]
[paragraph, [116.0, 1026.0, 543.0, 36.0], 8k21AmlxCo, 5772078]
[paragraph, [661.0, 998.0, 528.0, 36.0], BCCN8_2dxP, 5772078]
[paragraph, [661.0, 1034.0, 528.0, 36.0], BCCN8_2dxP, 5772078]
[paragraph, [661.0, 1070.0, 528.0, 36.0], BCCN8_2dxP, 5772078]
[paragraph, [661.0, 1106.0, 528.0, 36.0], BCCN8_2dxP, 5772078]
[paragraph, [119.0, 1079.0, 545.0, 36.0], 55a0BV1EG_, 5772078]
[paragraph, [119.0, 1115.0, 545.0, 36.0], 55a0BV1EG_, 5772078]
[paragraph, [119.0, 1151.0, 545.0, 36.0], 55a0BV1EG_, 5772078]
[paragraph, [119.0, 1187.0, 545.0, 36.0], 55a0BV1EG_, 5772078]
[paragraph, [119.0, 1223.0, 545.0, 36.0], 55a0BV1EG_, 5772078]
[paragraph, [119.0, 1259.0, 545.0, 36.0], 55a0BV1EG_, 5772078]
[paragraph, [119.0, 1295.0, 545.0, 36.0], 55a0BV1EG_, 5772078]
[paragraph, [664.0, 1147.0, 532.0, 36.0], UTuFNItbb9, 5772078]
[paragraph, [664.0, 1183.0, 532.0, 36.0], UTuFNItbb9, 5772078]
[paragraph, [664.0, 1219.0, 532.0, 36.0], UTuFNItbb9, 5772078]
[paragraph, [666.0, 1273.0, 533.0, 36.0], _khbYDVPdb, 5772078]
[paragraph, [666.0, 1309.0, 533.0, 36.0], _khbYDVPdb, 5772078]
[paragraph, [666.0, 1345.0, 533.0, 36.0], _khbYDVPdb, 5772078]
[paragraph, [666.0, 1381.0, 533.0, 36.0], _khbYDVPdb, 5772078]
[paragraph, [112.0, 1339.0, 557.0, 36.0], b_Liwl0qBl, 5772078]
[paragraph, [112.0, 1375.0, 557.0, 36.0], b_Liwl0qBl, 5772078]
[paragraph, [112.0, 1411.0, 557.0, 36.0], b_Liwl0qBl, 5772078]
[paragraph, [112.0, 1447.0, 557.0, 36.0], b_Liwl0qBl, 5772078]
[paragraph, [112.0, 1483.0, 557.0, 36.0], b_Liwl0qBl, 5772078]
[paragraph, [112.0, 1519.0, 557.0, 36.0], b_Liwl0qBl, 5772078]
[sidebar, [114.0, 1343.0, 79.0, 36.0], Ay6Qcf-oF1, 5772078]
[paragraph, [666.0, 1425.0, 542.0, 36.0], Sui58y1-bn, 5772078]
[paragraph, [666.0, 1461.0, 542.0, 36.0], Sui58y1-bn, 5772078]
[paragraph, [666.0, 1497.0, 542.0, 36.0], Sui58y1-bn, 5772078]
[author, [1036.0, 1513.0, 164.0, 36.0], Y4EAp3Y5Jc, 5772078]
[folio, [571.0, 1571.0, 170.0, 36.0], qKriCwP2Tx, 5772078]
[folio, [69.0, 1697.0, 201.0, 36.0], D1X3TZYwBP, 5772078]
