[1447, 1063]
[folio, [429.0, 55.0, 197.0, 18.0], aSJy-ZzsSx, 5762710]
[paragraph, [108.0, 1173.0, 834.0, 18.0], JkL0M7URyN, 5762710]
[paragraph, [108.0, 1191.0, 834.0, 18.0], JkL0M7URyN, 5762710]
[paragraph, [108.0, 1209.0, 834.0, 18.0], JkL0M7URyN, 5762710]
[paragraph, [108.0, 1227.0, 834.0, 18.0], JkL0M7URyN, 5762710]
[paragraph, [108.0, 1245.0, 834.0, 18.0], JkL0M7URyN, 5762710]
[paragraph, [108.0, 1263.0, 834.0, 18.0], JkL0M7URyN, 5762710]
[paragraph, [108.0, 1281.0, 834.0, 18.0], JkL0M7URyN, 5762710]
[paragraph, [108.0, 1299.0, 834.0, 18.0], JkL0M7URyN, 5762710]
[paragraph, [108.0, 1317.0, 834.0, 18.0], JkL0M7URyN, 5762710]
