[1736, 1323]
[paragraph, [104.0, 140.0, 566.0, 36.0], SQE_1H8t22, 5771337]
[paragraph, [104.0, 176.0, 566.0, 36.0], SQE_1H8t22, 5771337]
[paragraph, [104.0, 212.0, 566.0, 36.0], SQE_1H8t22, 5771337]
[paragraph, [104.0, 248.0, 566.0, 36.0], SQE_1H8t22, 5771337]
[paragraph, [104.0, 284.0, 566.0, 36.0], SQE_1H8t22, 5771337]
[paragraph, [104.0, 320.0, 566.0, 36.0], SQE_1H8t22, 5771337]
[paragraph, [104.0, 356.0, 566.0, 36.0], SQE_1H8t22, 5771337]
[paragraph, [104.0, 392.0, 566.0, 36.0], SQE_1H8t22, 5771337]
[sidebar, [688.0, 157.0, 490.0, 36.0], O6Sex0-Idn, 5771337]
[sidebar, [688.0, 193.0, 490.0, 36.0], O6Sex0-Idn, 5771337]
[sidebar, [688.0, 229.0, 490.0, 36.0], O6Sex0-Idn, 5771337]
[sidebar, [688.0, 265.0, 490.0, 36.0], O6Sex0-Idn, 5771337]
[sidebar, [688.0, 301.0, 490.0, 36.0], O6Sex0-Idn, 5771337]
[sidebar, [688.0, 337.0, 490.0, 36.0], O6Sex0-Idn, 5771337]
[sidebar, [688.0, 373.0, 490.0, 36.0], O6Sex0-Idn, 5771337]
[sidebar, [688.0, 409.0, 490.0, 36.0], O6Sex0-Idn, 5771337]
[sidebar, [688.0, 445.0, 490.0, 36.0], O6Sex0-Idn, 5771337]
[sidebar, [688.0, 481.0, 490.0, 36.0], O6Sex0-Idn, 5771337]
[sidebar, [688.0, 517.0, 490.0, 36.0], O6Sex0-Idn, 5771337]
[sidebar, [688.0, 553.0, 490.0, 36.0], O6Sex0-Idn, 5771337]
[paragraph, [101.0, 523.0, 561.0, 36.0], SXAUlg45K4, 5771337]
[paragraph, [101.0, 559.0, 561.0, 36.0], SXAUlg45K4, 5771337]
[paragraph, [101.0, 595.0, 561.0, 36.0], SXAUlg45K4, 5771337]
[paragraph, [101.0, 631.0, 561.0, 36.0], SXAUlg45K4, 5771337]
[paragraph, [101.0, 667.0, 561.0, 36.0], SXAUlg45K4, 5771337]
[paragraph, [101.0, 703.0, 561.0, 36.0], SXAUlg45K4, 5771337]
[paragraph, [101.0, 739.0, 561.0, 36.0], SXAUlg45K4, 5771337]
[paragraph, [101.0, 775.0, 561.0, 36.0], SXAUlg45K4, 5771337]
[paragraph, [662.0, 591.0, 538.0, 36.0], Rhnz_67We0, 5771337]
[paragraph, [662.0, 627.0, 538.0, 36.0], Rhnz_67We0, 5771337]
[paragraph, [662.0, 663.0, 538.0, 36.0], Rhnz_67We0, 5771337]
[paragraph, [662.0, 699.0, 538.0, 36.0], Rhnz_67We0, 5771337]
[paragraph, [662.0, 735.0, 538.0, 36.0], Rhnz_67We0, 5771337]
[sub-section-title, [673.0, 803.0, 523.0, 36.0], olhXtQRn3v, 5771337]
[paragraph, [101.0, 819.0, 558.0, 36.0], ELj0D0KkLF, 5771337]
[paragraph, [101.0, 855.0, 558.0, 36.0], ELj0D0KkLF, 5771337]
[paragraph, [101.0, 891.0, 558.0, 36.0], ELj0D0KkLF, 5771337]
[paragraph, [101.0, 927.0, 558.0, 36.0], ELj0D0KkLF, 5771337]
[paragraph, [101.0, 963.0, 558.0, 36.0], ELj0D0KkLF, 5771337]
[paragraph, [101.0, 999.0, 558.0, 36.0], ELj0D0KkLF, 5771337]
[paragraph, [101.0, 1035.0, 558.0, 36.0], ELj0D0KkLF, 5771337]
[paragraph, [101.0, 1071.0, 558.0, 36.0], ELj0D0KkLF, 5771337]
[paragraph, [101.0, 1107.0, 558.0, 36.0], ELj0D0KkLF, 5771337]
[paragraph, [660.0, 866.0, 548.0, 36.0], dcHuqAvmaK, 5771337]
[paragraph, [660.0, 902.0, 548.0, 36.0], dcHuqAvmaK, 5771337]
[paragraph, [660.0, 938.0, 548.0, 36.0], dcHuqAvmaK, 5771337]
[paragraph, [660.0, 974.0, 548.0, 36.0], dcHuqAvmaK, 5771337]
[paragraph, [660.0, 1010.0, 548.0, 36.0], dcHuqAvmaK, 5771337]
[paragraph, [660.0, 1046.0, 548.0, 36.0], dcHuqAvmaK, 5771337]
[paragraph, [660.0, 1082.0, 548.0, 36.0], dcHuqAvmaK, 5771337]
[paragraph, [660.0, 1118.0, 548.0, 36.0], dcHuqAvmaK, 5771337]
[paragraph, [660.0, 1154.0, 548.0, 36.0], dcHuqAvmaK, 5771337]
[paragraph, [660.0, 1190.0, 548.0, 36.0], dcHuqAvmaK, 5771337]
[paragraph, [660.0, 1226.0, 548.0, 36.0], dcHuqAvmaK, 5771337]
[paragraph, [660.0, 1262.0, 548.0, 36.0], dcHuqAvmaK, 5771337]
[paragraph, [660.0, 1298.0, 548.0, 36.0], dcHuqAvmaK, 5771337]
[paragraph, [660.0, 1334.0, 548.0, 36.0], dcHuqAvmaK, 5771337]
[paragraph, [87.0, 1171.0, 574.0, 36.0], 1sh3kr_WeZ, 5771337]
[paragraph, [87.0, 1207.0, 574.0, 36.0], 1sh3kr_WeZ, 5771337]
[paragraph, [87.0, 1243.0, 574.0, 36.0], 1sh3kr_WeZ, 5771337]
[paragraph, [87.0, 1279.0, 574.0, 36.0], 1sh3kr_WeZ, 5771337]
[paragraph, [87.0, 1315.0, 574.0, 36.0], 1sh3kr_WeZ, 5771337]
[paragraph, [87.0, 1351.0, 574.0, 36.0], 1sh3kr_WeZ, 5771337]
[paragraph, [87.0, 1387.0, 574.0, 36.0], 1sh3kr_WeZ, 5771337]
[paragraph, [87.0, 1423.0, 574.0, 36.0], 1sh3kr_WeZ, 5771337]
[paragraph, [87.0, 1459.0, 574.0, 36.0], 1sh3kr_WeZ, 5771337]
[paragraph, [87.0, 1495.0, 574.0, 36.0], 1sh3kr_WeZ, 5771337]
[paragraph, [87.0, 1531.0, 574.0, 36.0], 1sh3kr_WeZ, 5771337]
[paragraph, [662.0, 1401.0, 548.0, 36.0], pH9OLR3AJK, 5771337]
[paragraph, [662.0, 1437.0, 548.0, 36.0], pH9OLR3AJK, 5771337]
[paragraph, [662.0, 1473.0, 548.0, 36.0], pH9OLR3AJK, 5771337]
[paragraph, [662.0, 1509.0, 548.0, 36.0], pH9OLR3AJK, 5771337]
[folio, [577.0, 1578.0, 158.0, 36.0], dMVw0qA6ET, 5771337]
[folio, [54.0, 1660.0, 199.0, 36.0], ygfk2zrxBS, 5771337]
