[1447, 1063]
[flag, [248.0, 47.0, 558.0, 18.0], MgWewzYsgr, 5762662]
[flag, [248.0, 65.0, 558.0, 18.0], MgWewzYsgr, 5762662]
[flag, [248.0, 83.0, 558.0, 18.0], MgWewzYsgr, 5762662]
[flag, [248.0, 101.0, 558.0, 18.0], MgWewzYsgr, 5762662]
[flag, [248.0, 119.0, 558.0, 18.0], MgWewzYsgr, 5762662]
[flag, [248.0, 137.0, 558.0, 18.0], MgWewzYsgr, 5762662]
[flag, [248.0, 155.0, 558.0, 18.0], MgWewzYsgr, 5762662]
[flag, [248.0, 173.0, 558.0, 18.0], MgWewzYsgr, 5762662]
[flag, [248.0, 191.0, 558.0, 18.0], MgWewzYsgr, 5762662]
[folio, [686.0, 224.0, 116.0, 18.0], poWpRoCWbV, 5762662]
[folio, [686.0, 242.0, 116.0, 18.0], poWpRoCWbV, 5762662]
[folio, [686.0, 260.0, 116.0, 18.0], poWpRoCWbV, 5762662]
[section-title, [292.0, 230.0, 390.0, 30.0], FuRKyE4Msb, 5762662]
[folio, [30.0, 312.0, 252.0, 18.0], G9Snvwo5m3, 5762662]
[folio, [15.0, 349.0, 1010.0, 18.0], YDruZvICBI, 5762662]
[website-link, [352.0, 1365.0, 186.0, 18.0], dO7LkmRWYM, 5762662]
[website-link, [83.0, 1366.0, 218.0, 18.0], shoonya_0sU39KTH6TGK2H, 5762662]
