[1483, 1063]
[contact-info, [834.0, 247.0, 93.0, 18.0], 0LXx2ci2yy, 5762415]
[contact-info, [834.0, 265.0, 93.0, 18.0], 0LXx2ci2yy, 5762415]
[contact-info, [834.0, 283.0, 93.0, 18.0], 0LXx2ci2yy, 5762415]
[contact-info, [834.0, 301.0, 93.0, 18.0], 0LXx2ci2yy, 5762415]
[contact-info, [834.0, 319.0, 93.0, 18.0], 0LXx2ci2yy, 5762415]
[contact-info, [834.0, 337.0, 93.0, 18.0], 0LXx2ci2yy, 5762415]
[contact-info, [834.0, 355.0, 93.0, 18.0], 0LXx2ci2yy, 5762415]
[contact-info, [834.0, 373.0, 93.0, 18.0], 0LXx2ci2yy, 5762415]
[contact-info, [834.0, 391.0, 93.0, 18.0], 0LXx2ci2yy, 5762415]
[contact-info, [834.0, 409.0, 93.0, 18.0], 0LXx2ci2yy, 5762415]
[contact-info, [834.0, 427.0, 93.0, 18.0], 0LXx2ci2yy, 5762415]
[contact-info, [834.0, 445.0, 93.0, 18.0], 0LXx2ci2yy, 5762415]
[contact-info, [834.0, 481.0, 93.0, 18.0], 0LXx2ci2yy, 5762415]
[contact-info, [834.0, 499.0, 93.0, 18.0], 0LXx2ci2yy, 5762415]
[contact-info, [834.0, 517.0, 93.0, 18.0], 0LXx2ci2yy, 5762415]
[contact-info, [834.0, 535.0, 93.0, 18.0], 0LXx2ci2yy, 5762415]
[contact-info, [834.0, 553.0, 93.0, 18.0], 0LXx2ci2yy, 5762415]
[contact-info, [834.0, 571.0, 93.0, 18.0], 0LXx2ci2yy, 5762415]
[contact-info, [834.0, 589.0, 93.0, 18.0], 0LXx2ci2yy, 5762415]
[contact-info, [834.0, 607.0, 93.0, 18.0], 0LXx2ci2yy, 5762415]
[contact-info, [834.0, 625.0, 93.0, 18.0], 0LXx2ci2yy, 5762415]
[contact-info, [834.0, 643.0, 93.0, 18.0], 0LXx2ci2yy, 5762415]
[contact-info, [834.0, 661.0, 93.0, 18.0], 0LXx2ci2yy, 5762415]
[contact-info, [834.0, 679.0, 93.0, 18.0], 0LXx2ci2yy, 5762415]
[paragraph, [251.0, 591.0, 241.0, 18.0], a5vNn_m0E9, 5762415]
[paragraph, [251.0, 609.0, 241.0, 18.0], a5vNn_m0E9, 5762415]
[paragraph, [251.0, 627.0, 241.0, 18.0], a5vNn_m0E9, 5762415]
[paragraph, [251.0, 645.0, 241.0, 18.0], a5vNn_m0E9, 5762415]
[paragraph, [251.0, 663.0, 241.0, 18.0], a5vNn_m0E9, 5762415]
[paragraph, [251.0, 681.0, 241.0, 18.0], a5vNn_m0E9, 5762415]
[paragraph, [251.0, 699.0, 241.0, 18.0], a5vNn_m0E9, 5762415]
[paragraph, [251.0, 717.0, 241.0, 18.0], a5vNn_m0E9, 5762415]
[paragraph, [251.0, 735.0, 241.0, 18.0], a5vNn_m0E9, 5762415]
[paragraph, [251.0, 753.0, 241.0, 18.0], a5vNn_m0E9, 5762415]
[paragraph, [251.0, 771.0, 241.0, 18.0], a5vNn_m0E9, 5762415]
[paragraph, [251.0, 789.0, 241.0, 18.0], a5vNn_m0E9, 5762415]
[paragraph, [251.0, 807.0, 241.0, 18.0], a5vNn_m0E9, 5762415]
[paragraph, [251.0, 825.0, 241.0, 18.0], a5vNn_m0E9, 5762415]
[paragraph, [251.0, 843.0, 241.0, 18.0], a5vNn_m0E9, 5762415]
[paragraph, [251.0, 861.0, 241.0, 18.0], a5vNn_m0E9, 5762415]
[paragraph, [251.0, 879.0, 241.0, 18.0], a5vNn_m0E9, 5762415]
[paragraph, [251.0, 897.0, 241.0, 18.0], a5vNn_m0E9, 5762415]
[paragraph, [251.0, 915.0, 241.0, 18.0], a5vNn_m0E9, 5762415]
[paragraph, [251.0, 933.0, 241.0, 18.0], a5vNn_m0E9, 5762415]
[paragraph, [251.0, 951.0, 241.0, 18.0], a5vNn_m0E9, 5762415]
[paragraph, [251.0, 969.0, 241.0, 18.0], a5vNn_m0E9, 5762415]
[paragraph, [251.0, 987.0, 241.0, 18.0], a5vNn_m0E9, 5762415]
[paragraph, [251.0, 1005.0, 241.0, 18.0], a5vNn_m0E9, 5762415]
[paragraph, [251.0, 1023.0, 241.0, 18.0], a5vNn_m0E9, 5762415]
[paragraph, [251.0, 1041.0, 241.0, 18.0], a5vNn_m0E9, 5762415]
[paragraph, [251.0, 1059.0, 241.0, 18.0], a5vNn_m0E9, 5762415]
[paragraph, [251.0, 1077.0, 241.0, 18.0], a5vNn_m0E9, 5762415]
[paragraph, [251.0, 1095.0, 241.0, 18.0], a5vNn_m0E9, 5762415]
[paragraph, [251.0, 1113.0, 241.0, 18.0], a5vNn_m0E9, 5762415]
[paragraph, [251.0, 1131.0, 241.0, 18.0], a5vNn_m0E9, 5762415]
[paragraph, [251.0, 1149.0, 241.0, 18.0], a5vNn_m0E9, 5762415]
[paragraph, [251.0, 1167.0, 241.0, 18.0], a5vNn_m0E9, 5762415]
[paragraph, [251.0, 1185.0, 241.0, 18.0], a5vNn_m0E9, 5762415]
[paragraph, [251.0, 1203.0, 241.0, 18.0], a5vNn_m0E9, 5762415]
[paragraph, [251.0, 1221.0, 241.0, 18.0], a5vNn_m0E9, 5762415]
[paragraph, [251.0, 1239.0, 241.0, 18.0], a5vNn_m0E9, 5762415]
[paragraph, [251.0, 1257.0, 241.0, 18.0], a5vNn_m0E9, 5762415]
[paragraph, [251.0, 1275.0, 241.0, 18.0], a5vNn_m0E9, 5762415]
[paragraph, [251.0, 1293.0, 241.0, 18.0], a5vNn_m0E9, 5762415]
[paragraph, [251.0, 1311.0, 241.0, 18.0], a5vNn_m0E9, 5762415]
[section-title, [142.0, 619.0, 95.0, 30.0], gM_s1WT5a7, 5762415]
[section-title, [142.0, 649.0, 95.0, 30.0], gM_s1WT5a7, 5762415]
[section-title, [142.0, 679.0, 95.0, 30.0], gM_s1WT5a7, 5762415]
[section-title, [142.0, 709.0, 95.0, 30.0], gM_s1WT5a7, 5762415]
[section-title, [142.0, 739.0, 95.0, 30.0], gM_s1WT5a7, 5762415]
[section-title, [142.0, 769.0, 95.0, 30.0], gM_s1WT5a7, 5762415]
[section-title, [142.0, 799.0, 95.0, 30.0], gM_s1WT5a7, 5762415]
[section-title, [142.0, 859.0, 95.0, 30.0], gM_s1WT5a7, 5762415]
[section-title, [142.0, 889.0, 95.0, 30.0], gM_s1WT5a7, 5762415]
[section-title, [142.0, 919.0, 95.0, 30.0], gM_s1WT5a7, 5762415]
[section-title, [142.0, 949.0, 95.0, 30.0], gM_s1WT5a7, 5762415]
[section-title, [142.0, 979.0, 95.0, 30.0], gM_s1WT5a7, 5762415]
[section-title, [142.0, 1009.0, 95.0, 30.0], gM_s1WT5a7, 5762415]
[section-title, [142.0, 1039.0, 95.0, 30.0], gM_s1WT5a7, 5762415]
[section-title, [142.0, 1069.0, 95.0, 30.0], gM_s1WT5a7, 5762415]
[section-title, [142.0, 1099.0, 95.0, 30.0], gM_s1WT5a7, 5762415]
[section-title, [142.0, 1129.0, 95.0, 30.0], gM_s1WT5a7, 5762415]
[section-title, [142.0, 1189.0, 95.0, 30.0], gM_s1WT5a7, 5762415]
[section-title, [142.0, 1219.0, 95.0, 30.0], gM_s1WT5a7, 5762415]
[section-title, [142.0, 1249.0, 95.0, 30.0], gM_s1WT5a7, 5762415]
[section-title, [142.0, 1279.0, 95.0, 30.0], gM_s1WT5a7, 5762415]
[contact-info, [821.0, 732.0, 122.0, 18.0], 6sDLZ8GCJC, 5762415]
[contact-info, [821.0, 750.0, 122.0, 18.0], 6sDLZ8GCJC, 5762415]
[contact-info, [821.0, 768.0, 122.0, 18.0], 6sDLZ8GCJC, 5762415]
[contact-info, [821.0, 786.0, 122.0, 18.0], 6sDLZ8GCJC, 5762415]
[contact-info, [821.0, 804.0, 122.0, 18.0], 6sDLZ8GCJC, 5762415]
[contact-info, [821.0, 822.0, 122.0, 18.0], 6sDLZ8GCJC, 5762415]
[contact-info, [821.0, 840.0, 122.0, 18.0], 6sDLZ8GCJC, 5762415]
[contact-info, [821.0, 858.0, 122.0, 18.0], 6sDLZ8GCJC, 5762415]
[contact-info, [821.0, 876.0, 122.0, 18.0], 6sDLZ8GCJC, 5762415]
[contact-info, [821.0, 894.0, 122.0, 18.0], 6sDLZ8GCJC, 5762415]
[contact-info, [821.0, 912.0, 122.0, 18.0], 6sDLZ8GCJC, 5762415]
[contact-info, [821.0, 930.0, 122.0, 18.0], 6sDLZ8GCJC, 5762415]
[contact-info, [821.0, 948.0, 122.0, 18.0], 6sDLZ8GCJC, 5762415]
[contact-info, [821.0, 966.0, 122.0, 18.0], 6sDLZ8GCJC, 5762415]
[contact-info, [821.0, 984.0, 122.0, 18.0], 6sDLZ8GCJC, 5762415]
[contact-info, [821.0, 1002.0, 122.0, 18.0], 6sDLZ8GCJC, 5762415]
[contact-info, [821.0, 1020.0, 122.0, 18.0], 6sDLZ8GCJC, 5762415]
[contact-info, [821.0, 1038.0, 122.0, 18.0], 6sDLZ8GCJC, 5762415]
[contact-info, [821.0, 1056.0, 122.0, 18.0], 6sDLZ8GCJC, 5762415]
[contact-info, [821.0, 1074.0, 122.0, 18.0], 6sDLZ8GCJC, 5762415]
[contact-info, [821.0, 1092.0, 122.0, 18.0], 6sDLZ8GCJC, 5762415]
[contact-info, [821.0, 1110.0, 122.0, 18.0], 6sDLZ8GCJC, 5762415]
[contact-info, [821.0, 1128.0, 122.0, 18.0], 6sDLZ8GCJC, 5762415]
[contact-info, [821.0, 1146.0, 122.0, 18.0], 6sDLZ8GCJC, 5762415]
[contact-info, [821.0, 1164.0, 122.0, 18.0], 6sDLZ8GCJC, 5762415]
