[1447, 1063]
[folio, [427.0, 54.0, 207.0, 18.0], vQygEmLkrU, 5763177]
[headline, [304.0, 193.0, 456.0, 25.5], shoonya_5s6M44ZUMSFTPY, 5763177]
[headline, [304.0, 218.5, 456.0, 25.5], shoonya_5s6M44ZUMSFTPY, 5763177]
[headline, [304.0, 244.0, 456.0, 25.5], shoonya_5s6M44ZUMSFTPY, 5763177]
[answer, [567.0, 366.0, 406.0, 18.0], Zzk2jJQGV0, 5763177]
[answer, [567.0, 384.0, 406.0, 18.0], Zzk2jJQGV0, 5763177]
[answer, [567.0, 402.0, 406.0, 18.0], Zzk2jJQGV0, 5763177]
[answer, [567.0, 420.0, 406.0, 18.0], Zzk2jJQGV0, 5763177]
[answer, [567.0, 438.0, 406.0, 18.0], Zzk2jJQGV0, 5763177]
[answer, [567.0, 456.0, 406.0, 18.0], Zzk2jJQGV0, 5763177]
[answer, [567.0, 474.0, 406.0, 18.0], Zzk2jJQGV0, 5763177]
[answer, [567.0, 492.0, 406.0, 18.0], Zzk2jJQGV0, 5763177]
[answer, [567.0, 510.0, 406.0, 18.0], Zzk2jJQGV0, 5763177]
[answer, [244.0, 469.0, 123.0, 18.0], 9LVU9FWaW0, 5763177]
[answer, [243.0, 564.0, 124.0, 18.0], kL1MmVEOxn, 5763177]
[answer, [570.0, 592.0, 406.0, 18.0], 6_HwGUVKEr, 5763177]
[answer, [570.0, 610.0, 406.0, 18.0], 6_HwGUVKEr, 5763177]
[answer, [570.0, 628.0, 406.0, 18.0], 6_HwGUVKEr, 5763177]
[answer, [570.0, 646.0, 406.0, 18.0], 6_HwGUVKEr, 5763177]
[answer, [570.0, 664.0, 406.0, 18.0], 6_HwGUVKEr, 5763177]
[answer, [570.0, 682.0, 406.0, 18.0], 6_HwGUVKEr, 5763177]
[answer, [570.0, 700.0, 406.0, 18.0], 6_HwGUVKEr, 5763177]
[answer, [570.0, 718.0, 406.0, 18.0], 6_HwGUVKEr, 5763177]
[answer, [570.0, 736.0, 406.0, 18.0], 6_HwGUVKEr, 5763177]
[answer, [150.0, 685.0, 310.0, 18.0], oQM5EhaiL5, 5763177]
[answer, [245.0, 807.0, 123.0, 18.0], ciHo3cmsng, 5763177]
[unordered-list, [568.0, 870.0, 409.0, 18.0], A573TV0xik, 5763177]
[unordered-list, [568.0, 888.0, 409.0, 18.0], A573TV0xik, 5763177]
[unordered-list, [568.0, 906.0, 409.0, 18.0], A573TV0xik, 5763177]
[unordered-list, [568.0, 924.0, 409.0, 18.0], A573TV0xik, 5763177]
[unordered-list, [568.0, 942.0, 409.0, 18.0], A573TV0xik, 5763177]
[unordered-list, [568.0, 960.0, 409.0, 18.0], A573TV0xik, 5763177]
[unordered-list, [568.0, 978.0, 409.0, 18.0], A573TV0xik, 5763177]
[unordered-list, [568.0, 996.0, 409.0, 18.0], A573TV0xik, 5763177]
[unordered-list, [568.0, 1014.0, 409.0, 18.0], A573TV0xik, 5763177]
[unordered-list, [568.0, 1032.0, 409.0, 18.0], A573TV0xik, 5763177]
[unordered-list, [568.0, 1050.0, 409.0, 18.0], A573TV0xik, 5763177]
[unordered-list, [568.0, 1068.0, 409.0, 18.0], A573TV0xik, 5763177]
[unordered-list, [568.0, 1086.0, 409.0, 18.0], A573TV0xik, 5763177]
[unordered-list, [568.0, 1104.0, 409.0, 18.0], A573TV0xik, 5763177]
[unordered-list, [568.0, 1122.0, 409.0, 18.0], A573TV0xik, 5763177]
[unordered-list, [568.0, 1140.0, 409.0, 18.0], A573TV0xik, 5763177]
[unordered-list, [568.0, 1158.0, 409.0, 18.0], A573TV0xik, 5763177]
[unordered-list, [568.0, 1176.0, 409.0, 18.0], A573TV0xik, 5763177]
[unordered-list, [568.0, 1194.0, 409.0, 18.0], A573TV0xik, 5763177]
[unordered-list, [568.0, 1212.0, 409.0, 18.0], A573TV0xik, 5763177]
[unordered-list, [568.0, 1230.0, 409.0, 18.0], A573TV0xik, 5763177]
[unordered-list, [568.0, 1248.0, 409.0, 18.0], A573TV0xik, 5763177]
[unordered-list, [568.0, 1266.0, 409.0, 18.0], A573TV0xik, 5763177]
[unordered-list, [568.0, 1284.0, 409.0, 18.0], A573TV0xik, 5763177]
[unordered-list, [568.0, 1302.0, 409.0, 18.0], A573TV0xik, 5763177]
[unordered-list, [568.0, 1320.0, 409.0, 18.0], A573TV0xik, 5763177]
[answer, [195.0, 934.0, 223.0, 18.0], 6WkzixilYm, 5763177]
[answer, [251.0, 1057.0, 114.0, 18.0], 8T-3iMLzGy, 5763177]
[answer, [263.0, 1148.0, 91.0, 18.0], -mLI3gln4_, 5763177]
[answer, [130.0, 1233.0, 398.0, 18.0], on0V8ineGw, 5763177]
[answer, [130.0, 1251.0, 398.0, 18.0], on0V8ineGw, 5763177]
[answer, [130.0, 1269.0, 398.0, 18.0], on0V8ineGw, 5763177]
[answer, [130.0, 1287.0, 398.0, 18.0], on0V8ineGw, 5763177]
[answer, [130.0, 1305.0, 398.0, 18.0], on0V8ineGw, 5763177]
