[1725, 2513]
[flag, [1359.0, 60.0, 1001.0, 36.0], FGyhG9vWG9, 5772215]
[flag, [1359.0, 96.0, 1001.0, 36.0], FGyhG9vWG9, 5772215]
[flag, [1359.0, 132.0, 1001.0, 36.0], FGyhG9vWG9, 5772215]
[flag, [1359.0, 168.0, 1001.0, 36.0], FGyhG9vWG9, 5772215]
[flag, [1359.0, 204.0, 1001.0, 36.0], FGyhG9vWG9, 5772215]
[flag, [1359.0, 240.0, 1001.0, 36.0], FGyhG9vWG9, 5772215]
[flag, [1359.0, 276.0, 1001.0, 36.0], FGyhG9vWG9, 5772215]
[flag, [1359.0, 312.0, 1001.0, 36.0], FGyhG9vWG9, 5772215]
[dateline, [1992.0, 63.0, 240.0, 64.5], YKrmHBELWM, 5772215]
[folio, [894.0, 78.0, 330.0, 36.0], ZLmiG3x1sv, 5772215]
[folio, [894.0, 114.0, 330.0, 36.0], ZLmiG3x1sv, 5772215]
[folio, [91.0, 91.0, 233.0, 36.0], G_DtcPhmK2, 5772215]
[figure-caption, [85.0, 217.0, 960.0, 36.0], DC6cNoGY41, 5772215]
[figure-caption, [85.0, 253.0, 960.0, 36.0], DC6cNoGY41, 5772215]
[figure-caption, [85.0, 289.0, 960.0, 36.0], DC6cNoGY41, 5772215]
[figure-caption, [85.0, 325.0, 960.0, 36.0], DC6cNoGY41, 5772215]
[folio, [1883.0, 266.0, 432.0, 36.0], JG9AxWhAdY, 5772215]
[figure-caption, [1297.0, 1510.0, 1146.0, 36.0], si1sP8966u, 5772215]
[figure-caption, [1297.0, 1546.0, 1146.0, 36.0], si1sP8966u, 5772215]
[figure-caption, [1297.0, 1582.0, 1146.0, 36.0], si1sP8966u, 5772215]
[figure-caption, [1297.0, 1618.0, 1146.0, 36.0], si1sP8966u, 5772215]
