[1736, 2523]
[dateline, [2009.0, 70.0, 233.0, 64.5], KKxBaTXp64, 5772119]
[folio, [957.0, 92.0, 250.0, 36.0], hSRR6OLEt5, 5772119]
[flag, [1383.0, 92.0, 973.0, 36.0], 2lHkPUGqj1, 5772119]
[flag, [1383.0, 128.0, 973.0, 36.0], 2lHkPUGqj1, 5772119]
[flag, [1383.0, 164.0, 973.0, 36.0], 2lHkPUGqj1, 5772119]
[flag, [1383.0, 200.0, 973.0, 36.0], 2lHkPUGqj1, 5772119]
[flag, [1383.0, 236.0, 973.0, 36.0], 2lHkPUGqj1, 5772119]
[flag, [1383.0, 272.0, 973.0, 36.0], 2lHkPUGqj1, 5772119]
[flag, [1383.0, 308.0, 973.0, 36.0], 2lHkPUGqj1, 5772119]
[flag, [1383.0, 344.0, 973.0, 36.0], 2lHkPUGqj1, 5772119]
[folio, [1899.0, 278.0, 408.0, 36.0], shoonya_2sSWKON5DZNDW1, 5772119]
[folio, [1275.0, 329.0, 113.0, 36.0], D7K6cDQWF6, 5772119]
[folio, [2154.0, 331.0, 174.0, 36.0], yVlNfiankt, 5772119]
[figure-caption, [1507.0, 419.0, 681.0, 36.0], 7GW5JM9eFd, 5772119]
[figure-caption, [1507.0, 455.0, 681.0, 36.0], 7GW5JM9eFd, 5772119]
[figure-caption, [1507.0, 491.0, 681.0, 36.0], 7GW5JM9eFd, 5772119]
[figure-caption, [132.0, 997.0, 132.0, 36.0], nw-3S6g1Bn, 5772119]
[figure-caption, [132.0, 1033.0, 132.0, 36.0], nw-3S6g1Bn, 5772119]
[figure-caption, [132.0, 1069.0, 132.0, 36.0], nw-3S6g1Bn, 5772119]
[figure-caption, [132.0, 1105.0, 132.0, 36.0], nw-3S6g1Bn, 5772119]
[figure-caption, [132.0, 1141.0, 132.0, 36.0], nw-3S6g1Bn, 5772119]
[figure-caption, [132.0, 1177.0, 132.0, 36.0], nw-3S6g1Bn, 5772119]
[figure-caption, [132.0, 1213.0, 132.0, 36.0], nw-3S6g1Bn, 5772119]
[figure-caption, [132.0, 1249.0, 132.0, 36.0], nw-3S6g1Bn, 5772119]
[figure-caption, [132.0, 1285.0, 132.0, 36.0], nw-3S6g1Bn, 5772119]
[figure-caption, [132.0, 1321.0, 132.0, 36.0], nw-3S6g1Bn, 5772119]
[figure-caption, [132.0, 1357.0, 132.0, 36.0], nw-3S6g1Bn, 5772119]
[figure-caption, [132.0, 1393.0, 132.0, 36.0], nw-3S6g1Bn, 5772119]
[figure-caption, [132.0, 1429.0, 132.0, 36.0], nw-3S6g1Bn, 5772119]
[figure-caption, [132.0, 1465.0, 132.0, 36.0], nw-3S6g1Bn, 5772119]
[figure-caption, [132.0, 1501.0, 132.0, 36.0], nw-3S6g1Bn, 5772119]
[figure-caption, [132.0, 1537.0, 132.0, 36.0], nw-3S6g1Bn, 5772119]
[folio, [56.0, 1691.0, 2439.0, 36.0], N9M4UQEovw, 5772119]
