[1447, 1063]
[folio, [418.0, 42.0, 239.0, 18.0], IDzS0FidQU, 5762521]
[folio, [418.0, 60.0, 239.0, 18.0], IDzS0FidQU, 5762521]
[ordered-list, [530.0, 700.0, 441.0, 18.0], ooZ1SK2z0V, 5762521]
[ordered-list, [530.0, 718.0, 441.0, 18.0], ooZ1SK2z0V, 5762521]
[ordered-list, [530.0, 736.0, 441.0, 18.0], ooZ1SK2z0V, 5762521]
[ordered-list, [530.0, 754.0, 441.0, 18.0], ooZ1SK2z0V, 5762521]
[ordered-list, [530.0, 772.0, 441.0, 18.0], ooZ1SK2z0V, 5762521]
[ordered-list, [530.0, 790.0, 441.0, 18.0], ooZ1SK2z0V, 5762521]
[ordered-list, [530.0, 808.0, 441.0, 18.0], ooZ1SK2z0V, 5762521]
[ordered-list, [530.0, 826.0, 441.0, 18.0], ooZ1SK2z0V, 5762521]
[ordered-list, [530.0, 844.0, 441.0, 18.0], ooZ1SK2z0V, 5762521]
[ordered-list, [530.0, 862.0, 441.0, 18.0], ooZ1SK2z0V, 5762521]
[ordered-list, [530.0, 880.0, 441.0, 18.0], ooZ1SK2z0V, 5762521]
[ordered-list, [530.0, 898.0, 441.0, 18.0], ooZ1SK2z0V, 5762521]
[ordered-list, [530.0, 916.0, 441.0, 18.0], ooZ1SK2z0V, 5762521]
[ordered-list, [530.0, 934.0, 441.0, 18.0], ooZ1SK2z0V, 5762521]
[ordered-list, [530.0, 952.0, 441.0, 18.0], ooZ1SK2z0V, 5762521]
[ordered-list, [530.0, 970.0, 441.0, 18.0], ooZ1SK2z0V, 5762521]
[ordered-list, [530.0, 988.0, 441.0, 18.0], ooZ1SK2z0V, 5762521]
[ordered-list, [530.0, 1006.0, 441.0, 18.0], ooZ1SK2z0V, 5762521]
[ordered-list, [530.0, 1024.0, 441.0, 18.0], ooZ1SK2z0V, 5762521]
[ordered-list, [530.0, 1042.0, 441.0, 18.0], ooZ1SK2z0V, 5762521]
[ordered-list, [530.0, 1060.0, 441.0, 18.0], ooZ1SK2z0V, 5762521]
[ordered-list, [530.0, 1078.0, 441.0, 18.0], ooZ1SK2z0V, 5762521]
[ordered-list, [530.0, 1096.0, 441.0, 18.0], ooZ1SK2z0V, 5762521]
[ordered-list, [530.0, 1114.0, 441.0, 18.0], ooZ1SK2z0V, 5762521]
[ordered-list, [530.0, 1132.0, 441.0, 18.0], ooZ1SK2z0V, 5762521]
[ordered-list, [530.0, 1150.0, 441.0, 18.0], ooZ1SK2z0V, 5762521]
[ordered-list, [530.0, 1168.0, 441.0, 18.0], ooZ1SK2z0V, 5762521]
[ordered-list, [530.0, 1186.0, 441.0, 18.0], ooZ1SK2z0V, 5762521]
[ordered-list, [530.0, 1204.0, 441.0, 18.0], ooZ1SK2z0V, 5762521]
[ordered-list, [530.0, 1222.0, 441.0, 18.0], ooZ1SK2z0V, 5762521]
[ordered-list, [530.0, 1240.0, 441.0, 18.0], ooZ1SK2z0V, 5762521]
[ordered-list, [530.0, 1258.0, 441.0, 18.0], ooZ1SK2z0V, 5762521]
[ordered-list, [530.0, 1276.0, 441.0, 18.0], ooZ1SK2z0V, 5762521]
[ordered-list, [530.0, 1294.0, 441.0, 18.0], ooZ1SK2z0V, 5762521]
[ordered-list, [530.0, 1312.0, 441.0, 18.0], ooZ1SK2z0V, 5762521]
[answer, [89.0, 789.0, 435.0, 18.0], 5Qt4aYWq5E, 5762521]
[answer, [89.0, 807.0, 435.0, 18.0], 5Qt4aYWq5E, 5762521]
[answer, [89.0, 825.0, 435.0, 18.0], 5Qt4aYWq5E, 5762521]
[answer, [89.0, 843.0, 435.0, 18.0], 5Qt4aYWq5E, 5762521]
[answer, [89.0, 861.0, 435.0, 18.0], 5Qt4aYWq5E, 5762521]
[answer, [89.0, 879.0, 435.0, 18.0], 5Qt4aYWq5E, 5762521]
[answer, [89.0, 897.0, 435.0, 18.0], 5Qt4aYWq5E, 5762521]
[answer, [89.0, 915.0, 435.0, 18.0], 5Qt4aYWq5E, 5762521]
[answer, [89.0, 933.0, 435.0, 18.0], 5Qt4aYWq5E, 5762521]
[answer, [89.0, 951.0, 435.0, 18.0], 5Qt4aYWq5E, 5762521]
[answer, [89.0, 969.0, 435.0, 18.0], 5Qt4aYWq5E, 5762521]
[answer, [89.0, 987.0, 435.0, 18.0], 5Qt4aYWq5E, 5762521]
[answer, [89.0, 1005.0, 435.0, 18.0], 5Qt4aYWq5E, 5762521]
[answer, [89.0, 1023.0, 435.0, 18.0], 5Qt4aYWq5E, 5762521]
[answer, [89.0, 1041.0, 435.0, 18.0], 5Qt4aYWq5E, 5762521]
[answer, [89.0, 1059.0, 435.0, 18.0], 5Qt4aYWq5E, 5762521]
[answer, [89.0, 1077.0, 435.0, 18.0], 5Qt4aYWq5E, 5762521]
[answer, [89.0, 1095.0, 435.0, 18.0], 5Qt4aYWq5E, 5762521]
[answer, [89.0, 1113.0, 435.0, 18.0], 5Qt4aYWq5E, 5762521]
[answer, [89.0, 1131.0, 435.0, 18.0], 5Qt4aYWq5E, 5762521]
[answer, [89.0, 1149.0, 435.0, 18.0], 5Qt4aYWq5E, 5762521]
[answer, [89.0, 1167.0, 435.0, 18.0], 5Qt4aYWq5E, 5762521]
[answer, [89.0, 1185.0, 435.0, 18.0], 5Qt4aYWq5E, 5762521]
[answer, [89.0, 1203.0, 435.0, 18.0], 5Qt4aYWq5E, 5762521]
[ordered-list, [90.0, 1242.0, 434.0, 18.0], ZDKJKVx6-2, 5762521]
[ordered-list, [90.0, 1260.0, 434.0, 18.0], ZDKJKVx6-2, 5762521]
[ordered-list, [90.0, 1278.0, 434.0, 18.0], ZDKJKVx6-2, 5762521]
[ordered-list, [90.0, 1296.0, 434.0, 18.0], ZDKJKVx6-2, 5762521]
[ordered-list, [90.0, 1314.0, 434.0, 18.0], ZDKJKVx6-2, 5762521]
