[1447, 1063]
[folio, [431.0, 55.0, 197.0, 18.0], xVFAx9y8m_, 5762352]
[headline, [129.0, 97.0, 802.0, 25.5], shoonya_0sX29CLV8I651S, 5762352]
[paragraph, [540.0, 159.0, 428.0, 18.0], p5mhj83Ej6, 5762352]
[paragraph, [540.0, 177.0, 428.0, 18.0], p5mhj83Ej6, 5762352]
[paragraph, [540.0, 195.0, 428.0, 18.0], p5mhj83Ej6, 5762352]
[paragraph, [540.0, 213.0, 428.0, 18.0], p5mhj83Ej6, 5762352]
[paragraph, [540.0, 231.0, 428.0, 18.0], p5mhj83Ej6, 5762352]
[paragraph, [540.0, 249.0, 428.0, 18.0], p5mhj83Ej6, 5762352]
[paragraph, [540.0, 267.0, 428.0, 18.0], p5mhj83Ej6, 5762352]
[paragraph, [540.0, 285.0, 428.0, 18.0], p5mhj83Ej6, 5762352]
[paragraph, [540.0, 303.0, 428.0, 18.0], p5mhj83Ej6, 5762352]
[paragraph, [540.0, 321.0, 428.0, 18.0], p5mhj83Ej6, 5762352]
[paragraph, [540.0, 339.0, 428.0, 18.0], p5mhj83Ej6, 5762352]
[paragraph, [540.0, 357.0, 428.0, 18.0], p5mhj83Ej6, 5762352]
[paragraph, [540.0, 375.0, 428.0, 18.0], p5mhj83Ej6, 5762352]
[paragraph, [537.0, 421.0, 433.0, 18.0], q-Zau_E1qn, 5762352]
[paragraph, [537.0, 439.0, 433.0, 18.0], q-Zau_E1qn, 5762352]
[paragraph, [537.0, 457.0, 433.0, 18.0], q-Zau_E1qn, 5762352]
[paragraph, [537.0, 475.0, 433.0, 18.0], q-Zau_E1qn, 5762352]
[paragraph, [537.0, 493.0, 433.0, 18.0], q-Zau_E1qn, 5762352]
[paragraph, [537.0, 511.0, 433.0, 18.0], q-Zau_E1qn, 5762352]
[paragraph, [537.0, 529.0, 433.0, 18.0], q-Zau_E1qn, 5762352]
[paragraph, [537.0, 547.0, 433.0, 18.0], q-Zau_E1qn, 5762352]
[paragraph, [537.0, 565.0, 433.0, 18.0], q-Zau_E1qn, 5762352]
[paragraph, [537.0, 583.0, 433.0, 18.0], q-Zau_E1qn, 5762352]
[paragraph, [537.0, 601.0, 433.0, 18.0], q-Zau_E1qn, 5762352]
[paragraph, [537.0, 619.0, 433.0, 18.0], q-Zau_E1qn, 5762352]
[paragraph, [87.0, 474.0, 436.0, 18.0], gtM3Zu_Yc6, 5762352]
[paragraph, [87.0, 492.0, 436.0, 18.0], gtM3Zu_Yc6, 5762352]
[paragraph, [87.0, 510.0, 436.0, 18.0], gtM3Zu_Yc6, 5762352]
[paragraph, [87.0, 528.0, 436.0, 18.0], gtM3Zu_Yc6, 5762352]
[paragraph, [87.0, 546.0, 436.0, 18.0], gtM3Zu_Yc6, 5762352]
[paragraph, [87.0, 564.0, 436.0, 18.0], gtM3Zu_Yc6, 5762352]
[paragraph, [87.0, 582.0, 436.0, 18.0], gtM3Zu_Yc6, 5762352]
[paragraph, [87.0, 600.0, 436.0, 18.0], gtM3Zu_Yc6, 5762352]
[paragraph, [87.0, 618.0, 436.0, 18.0], gtM3Zu_Yc6, 5762352]
[paragraph, [87.0, 636.0, 436.0, 18.0], gtM3Zu_Yc6, 5762352]
[paragraph, [87.0, 654.0, 436.0, 18.0], gtM3Zu_Yc6, 5762352]
[paragraph, [87.0, 672.0, 436.0, 18.0], gtM3Zu_Yc6, 5762352]
[paragraph, [87.0, 690.0, 436.0, 18.0], gtM3Zu_Yc6, 5762352]
[paragraph, [87.0, 708.0, 436.0, 18.0], gtM3Zu_Yc6, 5762352]
[paragraph, [87.0, 726.0, 436.0, 18.0], gtM3Zu_Yc6, 5762352]
[paragraph, [87.0, 744.0, 436.0, 18.0], gtM3Zu_Yc6, 5762352]
[paragraph, [87.0, 762.0, 436.0, 18.0], gtM3Zu_Yc6, 5762352]
[paragraph, [87.0, 780.0, 436.0, 18.0], gtM3Zu_Yc6, 5762352]
[paragraph, [87.0, 798.0, 436.0, 18.0], gtM3Zu_Yc6, 5762352]
[section-title, [532.0, 660.0, 439.0, 30.0], jMdsDOhetS, 5762352]
[section-title, [532.0, 690.0, 439.0, 30.0], jMdsDOhetS, 5762352]
[section-title, [532.0, 720.0, 439.0, 30.0], jMdsDOhetS, 5762352]
[section-title, [532.0, 750.0, 439.0, 30.0], jMdsDOhetS, 5762352]
[paragraph, [536.0, 800.0, 432.0, 18.0], ez0b8hOu56, 5762352]
[paragraph, [536.0, 818.0, 432.0, 18.0], ez0b8hOu56, 5762352]
[paragraph, [536.0, 836.0, 432.0, 18.0], ez0b8hOu56, 5762352]
[paragraph, [536.0, 854.0, 432.0, 18.0], ez0b8hOu56, 5762352]
[paragraph, [536.0, 872.0, 432.0, 18.0], ez0b8hOu56, 5762352]
[paragraph, [536.0, 890.0, 432.0, 18.0], ez0b8hOu56, 5762352]
[paragraph, [536.0, 908.0, 432.0, 18.0], ez0b8hOu56, 5762352]
[paragraph, [536.0, 926.0, 432.0, 18.0], ez0b8hOu56, 5762352]
[paragraph, [536.0, 944.0, 432.0, 18.0], ez0b8hOu56, 5762352]
[paragraph, [536.0, 962.0, 432.0, 18.0], ez0b8hOu56, 5762352]
[paragraph, [536.0, 980.0, 432.0, 18.0], ez0b8hOu56, 5762352]
[paragraph, [536.0, 998.0, 432.0, 18.0], ez0b8hOu56, 5762352]
[paragraph, [91.0, 832.0, 431.0, 18.0], a17zwTVKZR, 5762352]
[paragraph, [91.0, 850.0, 431.0, 18.0], a17zwTVKZR, 5762352]
[paragraph, [91.0, 868.0, 431.0, 18.0], a17zwTVKZR, 5762352]
[paragraph, [91.0, 886.0, 431.0, 18.0], a17zwTVKZR, 5762352]
[paragraph, [91.0, 904.0, 431.0, 18.0], a17zwTVKZR, 5762352]
[paragraph, [91.0, 922.0, 431.0, 18.0], a17zwTVKZR, 5762352]
[paragraph, [91.0, 940.0, 431.0, 18.0], a17zwTVKZR, 5762352]
[paragraph, [91.0, 958.0, 431.0, 18.0], a17zwTVKZR, 5762352]
[paragraph, [91.0, 976.0, 431.0, 18.0], a17zwTVKZR, 5762352]
[paragraph, [91.0, 994.0, 431.0, 18.0], a17zwTVKZR, 5762352]
[paragraph, [91.0, 1012.0, 431.0, 18.0], a17zwTVKZR, 5762352]
[paragraph, [91.0, 1030.0, 431.0, 18.0], a17zwTVKZR, 5762352]
[paragraph, [91.0, 1048.0, 431.0, 18.0], a17zwTVKZR, 5762352]
[paragraph, [91.0, 1066.0, 431.0, 18.0], a17zwTVKZR, 5762352]
[paragraph, [91.0, 1084.0, 431.0, 18.0], a17zwTVKZR, 5762352]
[paragraph, [91.0, 1102.0, 431.0, 18.0], a17zwTVKZR, 5762352]
[paragraph, [91.0, 1120.0, 431.0, 18.0], a17zwTVKZR, 5762352]
[paragraph, [533.0, 1038.0, 437.0, 18.0], qzq_72bHQM, 5762352]
[paragraph, [533.0, 1056.0, 437.0, 18.0], qzq_72bHQM, 5762352]
[paragraph, [533.0, 1074.0, 437.0, 18.0], qzq_72bHQM, 5762352]
[paragraph, [533.0, 1092.0, 437.0, 18.0], qzq_72bHQM, 5762352]
[paragraph, [533.0, 1110.0, 437.0, 18.0], qzq_72bHQM, 5762352]
[paragraph, [533.0, 1128.0, 437.0, 18.0], qzq_72bHQM, 5762352]
[paragraph, [533.0, 1146.0, 437.0, 18.0], qzq_72bHQM, 5762352]
[paragraph, [533.0, 1164.0, 437.0, 18.0], qzq_72bHQM, 5762352]
[paragraph, [533.0, 1182.0, 437.0, 18.0], qzq_72bHQM, 5762352]
[paragraph, [533.0, 1200.0, 437.0, 18.0], qzq_72bHQM, 5762352]
[paragraph, [533.0, 1218.0, 437.0, 18.0], qzq_72bHQM, 5762352]
[paragraph, [533.0, 1236.0, 437.0, 18.0], qzq_72bHQM, 5762352]
[paragraph, [533.0, 1254.0, 437.0, 18.0], qzq_72bHQM, 5762352]
[paragraph, [533.0, 1272.0, 437.0, 18.0], qzq_72bHQM, 5762352]
[paragraph, [533.0, 1290.0, 437.0, 18.0], qzq_72bHQM, 5762352]
[paragraph, [93.0, 1166.0, 433.0, 18.0], tcgWpGsEqM, 5762352]
[paragraph, [93.0, 1184.0, 433.0, 18.0], tcgWpGsEqM, 5762352]
[paragraph, [93.0, 1202.0, 433.0, 18.0], tcgWpGsEqM, 5762352]
[paragraph, [93.0, 1220.0, 433.0, 18.0], tcgWpGsEqM, 5762352]
[paragraph, [93.0, 1238.0, 433.0, 18.0], tcgWpGsEqM, 5762352]
[paragraph, [93.0, 1256.0, 433.0, 18.0], tcgWpGsEqM, 5762352]
[paragraph, [93.0, 1274.0, 433.0, 18.0], tcgWpGsEqM, 5762352]
[paragraph, [93.0, 1292.0, 433.0, 18.0], tcgWpGsEqM, 5762352]
[paragraph, [93.0, 1310.0, 433.0, 18.0], tcgWpGsEqM, 5762352]
