[1483, 1081]
[flag, [254.0, 62.0, 566.0, 18.0], jkJ-EQxi7g, 5762465]
[flag, [254.0, 80.0, 566.0, 18.0], jkJ-EQxi7g, 5762465]
[flag, [254.0, 98.0, 566.0, 18.0], jkJ-EQxi7g, 5762465]
[flag, [254.0, 116.0, 566.0, 18.0], jkJ-EQxi7g, 5762465]
[flag, [254.0, 134.0, 566.0, 18.0], jkJ-EQxi7g, 5762465]
[flag, [254.0, 152.0, 566.0, 18.0], jkJ-EQxi7g, 5762465]
[flag, [254.0, 170.0, 566.0, 18.0], jkJ-EQxi7g, 5762465]
[flag, [254.0, 188.0, 566.0, 18.0], jkJ-EQxi7g, 5762465]
[flag, [254.0, 206.0, 566.0, 18.0], jkJ-EQxi7g, 5762465]
[folio, [699.0, 239.0, 116.0, 18.0], nPZ93mRnH2, 5762465]
[folio, [699.0, 257.0, 116.0, 18.0], nPZ93mRnH2, 5762465]
[folio, [699.0, 275.0, 116.0, 18.0], nPZ93mRnH2, 5762465]
[flag, [305.0, 241.0, 385.0, 18.0], BZdxatBcmo, 5762465]
[flag, [305.0, 259.0, 385.0, 18.0], BZdxatBcmo, 5762465]
[folio, [22.0, 317.0, 340.0, 18.0], i3MSOloSlH, 5762465]
[folio, [22.0, 335.0, 340.0, 18.0], i3MSOloSlH, 5762465]
[folio, [52.0, 360.0, 982.0, 18.0], jsth4AOcZp, 5762465]
[website-link, [324.0, 1385.0, 183.0, 18.0], b1YB-RnVed, 5762465]
[website-link, [55.0, 1387.0, 218.0, 18.0], mEcElspx_V, 5762465]
