[1725, 2513]
[flag, [1254.0, 37.0, 1223.0, 36.0], eINhmeDMpW, 5771410]
[flag, [1254.0, 73.0, 1223.0, 36.0], eINhmeDMpW, 5771410]
[flag, [1254.0, 109.0, 1223.0, 36.0], eINhmeDMpW, 5771410]
[flag, [1254.0, 145.0, 1223.0, 36.0], eINhmeDMpW, 5771410]
[flag, [1254.0, 181.0, 1223.0, 36.0], eINhmeDMpW, 5771410]
[flag, [1254.0, 217.0, 1223.0, 36.0], eINhmeDMpW, 5771410]
[flag, [1254.0, 253.0, 1223.0, 36.0], eINhmeDMpW, 5771410]
[flag, [1254.0, 289.0, 1223.0, 36.0], eINhmeDMpW, 5771410]
[flag, [1254.0, 325.0, 1223.0, 36.0], eINhmeDMpW, 5771410]
