[1725, 1313]
[paragraph, [787.0, 139.0, 423.0, 36.0], ZWieJ0D9dy, 5771333]
[paragraph, [787.0, 175.0, 423.0, 36.0], ZWieJ0D9dy, 5771333]
[paragraph, [787.0, 211.0, 423.0, 36.0], ZWieJ0D9dy, 5771333]
[paragraph, [787.0, 247.0, 423.0, 36.0], ZWieJ0D9dy, 5771333]
[paragraph, [787.0, 283.0, 423.0, 36.0], ZWieJ0D9dy, 5771333]
[paragraph, [787.0, 319.0, 423.0, 36.0], ZWieJ0D9dy, 5771333]
[paragraph, [787.0, 355.0, 423.0, 36.0], ZWieJ0D9dy, 5771333]
[paragraph, [787.0, 391.0, 423.0, 36.0], ZWieJ0D9dy, 5771333]
[paragraph, [787.0, 427.0, 423.0, 36.0], ZWieJ0D9dy, 5771333]
[paragraph, [787.0, 463.0, 423.0, 36.0], ZWieJ0D9dy, 5771333]
[paragraph, [663.0, 534.0, 530.0, 36.0], t0Cc5lAFZk, 5771333]
[paragraph, [663.0, 570.0, 530.0, 36.0], t0Cc5lAFZk, 5771333]
[paragraph, [663.0, 606.0, 530.0, 36.0], t0Cc5lAFZk, 5771333]
[paragraph, [111.0, 578.0, 543.0, 36.0], k8nyS5vKFe, 5771333]
[paragraph, [665.0, 656.0, 532.0, 36.0], SJ3IRvkLKu, 5771333]
[paragraph, [665.0, 692.0, 532.0, 36.0], SJ3IRvkLKu, 5771333]
[paragraph, [665.0, 728.0, 532.0, 36.0], SJ3IRvkLKu, 5771333]
[paragraph, [665.0, 764.0, 532.0, 36.0], SJ3IRvkLKu, 5771333]
[paragraph, [665.0, 800.0, 532.0, 36.0], SJ3IRvkLKu, 5771333]
[paragraph, [665.0, 836.0, 532.0, 36.0], SJ3IRvkLKu, 5771333]
[paragraph, [665.0, 872.0, 532.0, 36.0], SJ3IRvkLKu, 5771333]
[paragraph, [665.0, 908.0, 532.0, 36.0], SJ3IRvkLKu, 5771333]
[paragraph, [665.0, 944.0, 532.0, 36.0], SJ3IRvkLKu, 5771333]
[paragraph, [115.0, 662.0, 545.0, 36.0], 07XuzIgW-z, 5771333]
[paragraph, [115.0, 698.0, 545.0, 36.0], 07XuzIgW-z, 5771333]
[paragraph, [115.0, 734.0, 545.0, 36.0], 07XuzIgW-z, 5771333]
[paragraph, [115.0, 770.0, 545.0, 36.0], 07XuzIgW-z, 5771333]
[paragraph, [115.0, 806.0, 545.0, 36.0], 07XuzIgW-z, 5771333]
[paragraph, [110.0, 876.0, 552.0, 36.0], ZNKQxXcs5-, 5771333]
[paragraph, [110.0, 912.0, 552.0, 36.0], ZNKQxXcs5-, 5771333]
[paragraph, [110.0, 948.0, 552.0, 36.0], ZNKQxXcs5-, 5771333]
[paragraph, [110.0, 984.0, 552.0, 36.0], ZNKQxXcs5-, 5771333]
[paragraph, [834.0, 1012.0, 373.0, 36.0], b5-pCRA11H, 5771333]
[paragraph, [834.0, 1048.0, 373.0, 36.0], b5-pCRA11H, 5771333]
[paragraph, [834.0, 1084.0, 373.0, 36.0], b5-pCRA11H, 5771333]
[paragraph, [834.0, 1120.0, 373.0, 36.0], b5-pCRA11H, 5771333]
[paragraph, [834.0, 1156.0, 373.0, 36.0], b5-pCRA11H, 5771333]
[paragraph, [834.0, 1192.0, 373.0, 36.0], b5-pCRA11H, 5771333]
[paragraph, [834.0, 1228.0, 373.0, 36.0], b5-pCRA11H, 5771333]
[paragraph, [843.0, 1299.0, 374.0, 36.0], c7Jz2o_jTH, 5771333]
[paragraph, [843.0, 1335.0, 374.0, 36.0], c7Jz2o_jTH, 5771333]
[paragraph, [843.0, 1371.0, 374.0, 36.0], c7Jz2o_jTH, 5771333]
[author, [1064.0, 1438.0, 151.0, 36.0], dwj_uhlckY, 5771333]
[paragraph, [872.0, 1483.0, 336.0, 36.0], No_dRqMi3j, 5771333]
[paragraph, [872.0, 1519.0, 336.0, 36.0], No_dRqMi3j, 5771333]
[folio, [591.0, 1573.0, 149.0, 36.0], 4pJcKKo9aK, 5771333]
[folio, [78.0, 1670.0, 241.0, 36.0], aQNisQPO-7, 5771333]
