[1606, 1056]
[folio, [439.0, 97.0, 161.0, 36.0], shoonya_1s2G8SKS7UFQLI, 5684380]
[paragraph, [101.0, 157.0, 854.0, 36.0], 4aeh59zI89, 5684380]
[paragraph, [101.0, 193.0, 854.0, 36.0], 4aeh59zI89, 5684380]
[paragraph, [101.0, 229.0, 854.0, 36.0], 4aeh59zI89, 5684380]
[paragraph, [101.0, 265.0, 854.0, 36.0], 4aeh59zI89, 5684380]
[paragraph, [101.0, 301.0, 854.0, 36.0], 4aeh59zI89, 5684380]
[paragraph, [101.0, 337.0, 854.0, 36.0], 4aeh59zI89, 5684380]
[paragraph, [101.0, 373.0, 854.0, 36.0], 4aeh59zI89, 5684380]
[paragraph, [101.0, 409.0, 854.0, 36.0], 4aeh59zI89, 5684380]
[paragraph, [101.0, 445.0, 854.0, 36.0], 4aeh59zI89, 5684380]
[paragraph, [101.0, 481.0, 854.0, 36.0], 4aeh59zI89, 5684380]
[paragraph, [101.0, 517.0, 854.0, 36.0], 4aeh59zI89, 5684380]
[paragraph, [101.0, 553.0, 854.0, 36.0], 4aeh59zI89, 5684380]
[paragraph, [101.0, 589.0, 854.0, 36.0], 4aeh59zI89, 5684380]
[paragraph, [101.0, 625.0, 854.0, 36.0], 4aeh59zI89, 5684380]
[paragraph, [101.0, 661.0, 854.0, 36.0], 4aeh59zI89, 5684380]
[paragraph, [101.0, 697.0, 854.0, 36.0], 4aeh59zI89, 5684380]
[paragraph, [101.0, 733.0, 854.0, 36.0], 4aeh59zI89, 5684380]
[paragraph, [101.0, 769.0, 854.0, 36.0], 4aeh59zI89, 5684380]
[ordered-list, [166.0, 835.0, 613.0, 36.0], EL7ekKXPA8, 5684380]
[ordered-list, [166.0, 871.0, 613.0, 36.0], EL7ekKXPA8, 5684380]
[ordered-list, [166.0, 907.0, 613.0, 36.0], EL7ekKXPA8, 5684380]
[ordered-list, [166.0, 943.0, 613.0, 36.0], EL7ekKXPA8, 5684380]
[paragraph, [105.0, 1015.0, 848.0, 36.0], I7MqoykqcJ, 5684380]
[paragraph, [105.0, 1051.0, 848.0, 36.0], I7MqoykqcJ, 5684380]
[paragraph, [105.0, 1087.0, 848.0, 36.0], I7MqoykqcJ, 5684380]
[paragraph, [105.0, 1123.0, 848.0, 36.0], I7MqoykqcJ, 5684380]
[paragraph, [105.0, 1159.0, 848.0, 36.0], I7MqoykqcJ, 5684380]
[paragraph, [105.0, 1195.0, 848.0, 36.0], I7MqoykqcJ, 5684380]
[paragraph, [105.0, 1231.0, 848.0, 36.0], I7MqoykqcJ, 5684380]
[paragraph, [105.0, 1267.0, 848.0, 36.0], I7MqoykqcJ, 5684380]
[paragraph, [105.0, 1303.0, 848.0, 36.0], I7MqoykqcJ, 5684380]
[paragraph, [105.0, 1339.0, 848.0, 36.0], I7MqoykqcJ, 5684380]
[paragraph, [105.0, 1375.0, 848.0, 36.0], I7MqoykqcJ, 5684380]
[paragraph, [105.0, 1411.0, 848.0, 36.0], I7MqoykqcJ, 5684380]
[paragraph, [105.0, 1447.0, 848.0, 36.0], I7MqoykqcJ, 5684380]
