[2550, 1940]
[folio, [691.0, 0.0, 578.0, 46.5], shoonya_1sCW22K07869E6, 5683537]
[folio, [691.0, 46.5, 578.0, 46.5], shoonya_1sCW22K07869E6, 5683537]
[paragraph, [375.0, 184.0, 1426.0, 46.5], -UI3BDcEmd, 5683537]
[paragraph, [375.0, 230.5, 1426.0, 46.5], -UI3BDcEmd, 5683537]
[paragraph, [375.0, 277.0, 1426.0, 46.5], -UI3BDcEmd, 5683537]
[paragraph, [375.0, 323.5, 1426.0, 46.5], -UI3BDcEmd, 5683537]
[paragraph, [375.0, 370.0, 1426.0, 46.5], -UI3BDcEmd, 5683537]
[paragraph, [375.0, 416.5, 1426.0, 46.5], -UI3BDcEmd, 5683537]
[paragraph, [375.0, 463.0, 1426.0, 46.5], -UI3BDcEmd, 5683537]
[paragraph, [375.0, 509.5, 1426.0, 46.5], -UI3BDcEmd, 5683537]
[paragraph, [375.0, 556.0, 1426.0, 46.5], -UI3BDcEmd, 5683537]
[paragraph, [375.0, 602.5, 1426.0, 46.5], -UI3BDcEmd, 5683537]
[paragraph, [375.0, 649.0, 1426.0, 46.5], -UI3BDcEmd, 5683537]
[paragraph, [375.0, 695.5, 1426.0, 46.5], -UI3BDcEmd, 5683537]
[paragraph, [375.0, 742.0, 1426.0, 46.5], -UI3BDcEmd, 5683537]
[paragraph, [375.0, 788.5, 1426.0, 46.5], -UI3BDcEmd, 5683537]
[paragraph, [375.0, 835.0, 1426.0, 46.5], -UI3BDcEmd, 5683537]
[paragraph, [375.0, 881.5, 1426.0, 46.5], -UI3BDcEmd, 5683537]
[paragraph, [375.0, 928.0, 1426.0, 46.5], -UI3BDcEmd, 5683537]
[paragraph, [375.0, 974.5, 1426.0, 46.5], -UI3BDcEmd, 5683537]
[paragraph, [375.0, 1021.0, 1426.0, 46.5], -UI3BDcEmd, 5683537]
[paragraph, [375.0, 1067.5, 1426.0, 46.5], -UI3BDcEmd, 5683537]
[paragraph, [375.0, 1114.0, 1426.0, 46.5], -UI3BDcEmd, 5683537]
[paragraph, [375.0, 1160.5, 1426.0, 46.5], -UI3BDcEmd, 5683537]
[paragraph, [375.0, 1207.0, 1426.0, 46.5], -UI3BDcEmd, 5683537]
[paragraph, [375.0, 1253.5, 1426.0, 46.5], -UI3BDcEmd, 5683537]
[paragraph, [375.0, 1300.0, 1426.0, 46.5], -UI3BDcEmd, 5683537]
[paragraph, [375.0, 1346.5, 1426.0, 46.5], -UI3BDcEmd, 5683537]
[paragraph, [375.0, 1393.0, 1426.0, 46.5], -UI3BDcEmd, 5683537]
[paragraph, [375.0, 1439.5, 1426.0, 46.5], -UI3BDcEmd, 5683537]
[paragraph, [375.0, 1486.0, 1426.0, 46.5], -UI3BDcEmd, 5683537]
[paragraph, [375.0, 1532.5, 1426.0, 46.5], -UI3BDcEmd, 5683537]
[paragraph, [375.0, 1579.0, 1426.0, 46.5], -UI3BDcEmd, 5683537]
[paragraph, [375.0, 1625.5, 1426.0, 46.5], -UI3BDcEmd, 5683537]
[paragraph, [375.0, 1672.0, 1426.0, 46.5], -UI3BDcEmd, 5683537]
[paragraph, [375.0, 1718.5, 1426.0, 46.5], -UI3BDcEmd, 5683537]
[paragraph, [375.0, 1765.0, 1426.0, 46.5], -UI3BDcEmd, 5683537]
[paragraph, [375.0, 1811.5, 1426.0, 46.5], -UI3BDcEmd, 5683537]
[paragraph, [375.0, 1858.0, 1426.0, 46.5], -UI3BDcEmd, 5683537]
[paragraph, [375.0, 1904.5, 1426.0, 46.5], -UI3BDcEmd, 5683537]
[paragraph, [375.0, 1951.0, 1426.0, 46.5], -UI3BDcEmd, 5683537]
[paragraph, [375.0, 1997.5, 1426.0, 46.5], -UI3BDcEmd, 5683537]
[paragraph, [375.0, 2044.0, 1426.0, 46.5], -UI3BDcEmd, 5683537]
[paragraph, [375.0, 2090.5, 1426.0, 46.5], -UI3BDcEmd, 5683537]
[paragraph, [375.0, 2137.0, 1426.0, 46.5], -UI3BDcEmd, 5683537]
[paragraph, [375.0, 2183.5, 1426.0, 46.5], -UI3BDcEmd, 5683537]
[author, [1196.0, 2319.0, 612.0, 46.5], xj0dFQ2f6M, 5683537]
[author, [1196.0, 2365.5, 612.0, 46.5], xj0dFQ2f6M, 5683537]
