[1606, 1056]
[folio, [434.0, 96.0, 166.0, 36.0], aMz_UpbtRk, 5684158]
[paragraph, [242.0, 155.0, 479.0, 36.0], Tj6GWJHrU7, 5684158]
[paragraph, [242.0, 191.0, 479.0, 36.0], Tj6GWJHrU7, 5684158]
[paragraph, [242.0, 227.0, 479.0, 36.0], Tj6GWJHrU7, 5684158]
[paragraph, [242.0, 263.0, 479.0, 36.0], Tj6GWJHrU7, 5684158]
[paragraph, [242.0, 299.0, 479.0, 36.0], Tj6GWJHrU7, 5684158]
[paragraph, [242.0, 335.0, 479.0, 36.0], Tj6GWJHrU7, 5684158]
[paragraph, [242.0, 371.0, 479.0, 36.0], Tj6GWJHrU7, 5684158]
[paragraph, [246.0, 464.0, 426.0, 36.0], imp8V2to5t, 5684158]
[paragraph, [246.0, 500.0, 426.0, 36.0], imp8V2to5t, 5684158]
[paragraph, [246.0, 536.0, 426.0, 36.0], imp8V2to5t, 5684158]
[paragraph, [246.0, 572.0, 426.0, 36.0], imp8V2to5t, 5684158]
[paragraph, [246.0, 608.0, 426.0, 36.0], imp8V2to5t, 5684158]
[paragraph, [246.0, 644.0, 426.0, 36.0], imp8V2to5t, 5684158]
[paragraph, [246.0, 680.0, 426.0, 36.0], imp8V2to5t, 5684158]
[paragraph, [252.0, 780.0, 386.0, 36.0], y179OfjrcM, 5684158]
[paragraph, [252.0, 816.0, 386.0, 36.0], y179OfjrcM, 5684158]
[paragraph, [252.0, 852.0, 386.0, 36.0], y179OfjrcM, 5684158]
[paragraph, [252.0, 888.0, 386.0, 36.0], y179OfjrcM, 5684158]
[paragraph, [252.0, 924.0, 386.0, 36.0], y179OfjrcM, 5684158]
[paragraph, [252.0, 960.0, 386.0, 36.0], y179OfjrcM, 5684158]
[paragraph, [252.0, 996.0, 386.0, 36.0], y179OfjrcM, 5684158]
[paragraph, [250.0, 1098.0, 384.0, 36.0], 458D6htP3a, 5684158]
[paragraph, [250.0, 1134.0, 384.0, 36.0], 458D6htP3a, 5684158]
[paragraph, [250.0, 1170.0, 384.0, 36.0], 458D6htP3a, 5684158]
[paragraph, [250.0, 1206.0, 384.0, 36.0], 458D6htP3a, 5684158]
[paragraph, [250.0, 1242.0, 384.0, 36.0], 458D6htP3a, 5684158]
[paragraph, [250.0, 1278.0, 384.0, 36.0], 458D6htP3a, 5684158]
[paragraph, [250.0, 1314.0, 384.0, 36.0], 458D6htP3a, 5684158]
[author, [592.0, 1364.0, 227.0, 36.0], usAhGY91dx, 5684158]
