[1606, 1056]
[folio, [109.0, 105.0, 238.0, 36.0], shoonya_0sPYB20NBQCMCP, 5684137]
[folio, [450.0, 108.0, 161.0, 36.0], shoonya_1sI6OOU7PYT1XQ, 5684137]
[paragraph, [106.0, 162.0, 844.0, 36.0], shoonya_4sIF0KX0O3U6EF, 5684137]
[paragraph, [106.0, 198.0, 844.0, 36.0], shoonya_4sIF0KX0O3U6EF, 5684137]
[paragraph, [106.0, 234.0, 844.0, 36.0], shoonya_4sIF0KX0O3U6EF, 5684137]
[paragraph, [106.0, 270.0, 844.0, 36.0], shoonya_4sIF0KX0O3U6EF, 5684137]
[section-title, [377.0, 342.0, 305.0, 49.5], shoonya_5sHU89O6PGK4CT, 5684137]
[paragraph, [102.0, 415.0, 852.0, 36.0], 56Ip2a-6fB, 5684137]
[paragraph, [102.0, 451.0, 852.0, 36.0], 56Ip2a-6fB, 5684137]
[paragraph, [102.0, 487.0, 852.0, 36.0], 56Ip2a-6fB, 5684137]
[paragraph, [102.0, 523.0, 852.0, 36.0], 56Ip2a-6fB, 5684137]
[paragraph, [102.0, 559.0, 852.0, 36.0], 56Ip2a-6fB, 5684137]
[paragraph, [102.0, 595.0, 852.0, 36.0], 56Ip2a-6fB, 5684137]
[paragraph, [102.0, 631.0, 852.0, 36.0], 56Ip2a-6fB, 5684137]
[paragraph, [102.0, 667.0, 852.0, 36.0], 56Ip2a-6fB, 5684137]
[paragraph, [102.0, 703.0, 852.0, 36.0], 56Ip2a-6fB, 5684137]
[paragraph, [102.0, 739.0, 852.0, 36.0], 56Ip2a-6fB, 5684137]
[paragraph, [102.0, 775.0, 852.0, 36.0], 56Ip2a-6fB, 5684137]
[paragraph, [102.0, 811.0, 852.0, 36.0], 56Ip2a-6fB, 5684137]
[paragraph, [102.0, 847.0, 852.0, 36.0], 56Ip2a-6fB, 5684137]
[paragraph, [102.0, 883.0, 852.0, 36.0], 56Ip2a-6fB, 5684137]
[paragraph, [102.0, 919.0, 852.0, 36.0], 56Ip2a-6fB, 5684137]
[paragraph, [102.0, 955.0, 852.0, 36.0], 56Ip2a-6fB, 5684137]
[paragraph, [102.0, 991.0, 852.0, 36.0], 56Ip2a-6fB, 5684137]
[paragraph, [102.0, 1027.0, 852.0, 36.0], 56Ip2a-6fB, 5684137]
[paragraph, [102.0, 1063.0, 852.0, 36.0], 56Ip2a-6fB, 5684137]
[paragraph, [102.0, 1099.0, 852.0, 36.0], 56Ip2a-6fB, 5684137]
[paragraph, [102.0, 1135.0, 852.0, 36.0], 56Ip2a-6fB, 5684137]
[paragraph, [102.0, 1171.0, 852.0, 36.0], 56Ip2a-6fB, 5684137]
[paragraph, [102.0, 1207.0, 852.0, 36.0], 56Ip2a-6fB, 5684137]
[paragraph, [102.0, 1243.0, 852.0, 36.0], 56Ip2a-6fB, 5684137]
[paragraph, [102.0, 1279.0, 852.0, 36.0], 56Ip2a-6fB, 5684137]
[paragraph, [102.0, 1315.0, 852.0, 36.0], 56Ip2a-6fB, 5684137]
[paragraph, [102.0, 1351.0, 852.0, 36.0], 56Ip2a-6fB, 5684137]
[paragraph, [102.0, 1387.0, 852.0, 36.0], 56Ip2a-6fB, 5684137]
[paragraph, [178.0, 1464.0, 765.0, 36.0], -E48RnxbDv, 5684137]
