[1606, 1056]
[folio, [102.0, 102.0, 223.0, 36.0], shoonya_2sY0C5W39XB8Z8, 5683677]
[folio, [446.0, 102.0, 162.0, 36.0], shoonya_1s0FFS4ERUP6EX, 5683677]
[paragraph, [287.0, 150.0, 439.0, 36.0], kGM_td3B2_, 5683677]
[paragraph, [287.0, 186.0, 439.0, 36.0], kGM_td3B2_, 5683677]
[paragraph, [287.0, 222.0, 439.0, 36.0], kGM_td3B2_, 5683677]
[paragraph, [287.0, 258.0, 439.0, 36.0], kGM_td3B2_, 5683677]
[paragraph, [287.0, 294.0, 439.0, 36.0], kGM_td3B2_, 5683677]
[paragraph, [287.0, 330.0, 439.0, 36.0], kGM_td3B2_, 5683677]
[paragraph, [287.0, 366.0, 439.0, 36.0], kGM_td3B2_, 5683677]
[paragraph, [287.0, 402.0, 439.0, 36.0], kGM_td3B2_, 5683677]
[paragraph, [287.0, 438.0, 439.0, 36.0], kGM_td3B2_, 5683677]
[paragraph, [287.0, 474.0, 439.0, 36.0], kGM_td3B2_, 5683677]
[paragraph, [287.0, 510.0, 439.0, 36.0], kGM_td3B2_, 5683677]
[paragraph, [287.0, 546.0, 439.0, 36.0], kGM_td3B2_, 5683677]
[paragraph, [287.0, 582.0, 439.0, 36.0], kGM_td3B2_, 5683677]
[paragraph, [287.0, 618.0, 439.0, 36.0], kGM_td3B2_, 5683677]
[paragraph, [287.0, 654.0, 439.0, 36.0], kGM_td3B2_, 5683677]
[paragraph, [287.0, 690.0, 439.0, 36.0], kGM_td3B2_, 5683677]
[paragraph, [287.0, 726.0, 439.0, 36.0], kGM_td3B2_, 5683677]
[paragraph, [287.0, 762.0, 439.0, 36.0], kGM_td3B2_, 5683677]
[paragraph, [287.0, 798.0, 439.0, 36.0], kGM_td3B2_, 5683677]
[paragraph, [287.0, 834.0, 439.0, 36.0], kGM_td3B2_, 5683677]
[paragraph, [287.0, 870.0, 439.0, 36.0], kGM_td3B2_, 5683677]
[paragraph, [287.0, 906.0, 439.0, 36.0], kGM_td3B2_, 5683677]
[paragraph, [287.0, 942.0, 439.0, 36.0], kGM_td3B2_, 5683677]
[paragraph, [287.0, 978.0, 439.0, 36.0], kGM_td3B2_, 5683677]
[paragraph, [287.0, 1014.0, 439.0, 36.0], kGM_td3B2_, 5683677]
[paragraph, [287.0, 1050.0, 439.0, 36.0], kGM_td3B2_, 5683677]
[paragraph, [287.0, 1086.0, 439.0, 36.0], kGM_td3B2_, 5683677]
[paragraph, [287.0, 1122.0, 439.0, 36.0], kGM_td3B2_, 5683677]
[paragraph, [287.0, 1158.0, 439.0, 36.0], kGM_td3B2_, 5683677]
[paragraph, [287.0, 1194.0, 439.0, 36.0], kGM_td3B2_, 5683677]
[paragraph, [287.0, 1230.0, 439.0, 36.0], kGM_td3B2_, 5683677]
[paragraph, [287.0, 1266.0, 439.0, 36.0], kGM_td3B2_, 5683677]
[paragraph, [287.0, 1302.0, 439.0, 36.0], kGM_td3B2_, 5683677]
[paragraph, [287.0, 1338.0, 439.0, 36.0], kGM_td3B2_, 5683677]
[paragraph, [287.0, 1374.0, 439.0, 36.0], kGM_td3B2_, 5683677]
[paragraph, [287.0, 1410.0, 439.0, 36.0], kGM_td3B2_, 5683677]
[paragraph, [287.0, 1446.0, 439.0, 36.0], kGM_td3B2_, 5683677]
