[1606, 1056]
[folio, [446.0, 100.0, 161.0, 36.0], shoonya_1sNHN7VD0HGDTU, 5683481]
[folio, [107.0, 102.0, 220.0, 36.0], shoonya_0sVHSERUR2SF4H, 5683481]
[paragraph, [104.0, 158.0, 845.0, 36.0], gbtoW3Rs0V, 5683481]
[paragraph, [104.0, 194.0, 845.0, 36.0], gbtoW3Rs0V, 5683481]
[paragraph, [104.0, 230.0, 845.0, 36.0], gbtoW3Rs0V, 5683481]
[paragraph, [104.0, 266.0, 845.0, 36.0], gbtoW3Rs0V, 5683481]
[paragraph, [104.0, 302.0, 845.0, 36.0], gbtoW3Rs0V, 5683481]
[paragraph, [104.0, 338.0, 845.0, 36.0], gbtoW3Rs0V, 5683481]
[paragraph, [104.0, 374.0, 845.0, 36.0], gbtoW3Rs0V, 5683481]
[paragraph, [104.0, 410.0, 845.0, 36.0], gbtoW3Rs0V, 5683481]
[paragraph, [104.0, 446.0, 845.0, 36.0], gbtoW3Rs0V, 5683481]
[paragraph, [104.0, 482.0, 845.0, 36.0], gbtoW3Rs0V, 5683481]
[paragraph, [104.0, 518.0, 845.0, 36.0], gbtoW3Rs0V, 5683481]
[paragraph, [104.0, 554.0, 845.0, 36.0], gbtoW3Rs0V, 5683481]
[paragraph, [104.0, 590.0, 845.0, 36.0], gbtoW3Rs0V, 5683481]
[paragraph, [104.0, 626.0, 845.0, 36.0], gbtoW3Rs0V, 5683481]
[paragraph, [104.0, 662.0, 845.0, 36.0], gbtoW3Rs0V, 5683481]
[paragraph, [104.0, 698.0, 845.0, 36.0], gbtoW3Rs0V, 5683481]
[paragraph, [104.0, 734.0, 845.0, 36.0], gbtoW3Rs0V, 5683481]
[paragraph, [104.0, 770.0, 845.0, 36.0], gbtoW3Rs0V, 5683481]
[paragraph, [104.0, 806.0, 845.0, 36.0], gbtoW3Rs0V, 5683481]
[paragraph, [104.0, 876.0, 843.0, 36.0], ffaOnCKwm-, 5683481]
[paragraph, [104.0, 912.0, 843.0, 36.0], ffaOnCKwm-, 5683481]
[paragraph, [104.0, 948.0, 843.0, 36.0], ffaOnCKwm-, 5683481]
[paragraph, [102.0, 1010.0, 846.0, 36.0], 78Nry6PK1F, 5683481]
[paragraph, [102.0, 1046.0, 846.0, 36.0], 78Nry6PK1F, 5683481]
[paragraph, [102.0, 1082.0, 846.0, 36.0], 78Nry6PK1F, 5683481]
[paragraph, [102.0, 1148.0, 851.0, 36.0], -7K1M_em_5, 5683481]
[paragraph, [102.0, 1184.0, 851.0, 36.0], -7K1M_em_5, 5683481]
[paragraph, [102.0, 1220.0, 851.0, 36.0], -7K1M_em_5, 5683481]
[paragraph, [102.0, 1256.0, 851.0, 36.0], -7K1M_em_5, 5683481]
[paragraph, [102.0, 1292.0, 851.0, 36.0], -7K1M_em_5, 5683481]
[paragraph, [102.0, 1328.0, 851.0, 36.0], -7K1M_em_5, 5683481]
[paragraph, [102.0, 1364.0, 851.0, 36.0], -7K1M_em_5, 5683481]
[paragraph, [102.0, 1400.0, 851.0, 36.0], -7K1M_em_5, 5683481]
[paragraph, [102.0, 1436.0, 851.0, 36.0], -7K1M_em_5, 5683481]
