[1320, 1176]
[paragraph, [760.0, 192.0, 308.0, 18.0], 5yh-x6FgwO, 5693848]
[paragraph, [760.0, 210.0, 308.0, 18.0], 5yh-x6FgwO, 5693848]
[paragraph, [760.0, 228.0, 308.0, 18.0], 5yh-x6FgwO, 5693848]
[paragraph, [760.0, 246.0, 308.0, 18.0], 5yh-x6FgwO, 5693848]
[paragraph, [760.0, 264.0, 308.0, 18.0], 5yh-x6FgwO, 5693848]
[paragraph, [760.0, 282.0, 308.0, 18.0], 5yh-x6FgwO, 5693848]
[paragraph, [760.0, 300.0, 308.0, 18.0], 5yh-x6FgwO, 5693848]
[paragraph, [760.0, 318.0, 308.0, 18.0], 5yh-x6FgwO, 5693848]
[paragraph, [760.0, 336.0, 308.0, 18.0], 5yh-x6FgwO, 5693848]
[paragraph, [760.0, 354.0, 308.0, 18.0], 5yh-x6FgwO, 5693848]
[paragraph, [760.0, 372.0, 308.0, 18.0], 5yh-x6FgwO, 5693848]
[paragraph, [760.0, 390.0, 308.0, 18.0], 5yh-x6FgwO, 5693848]
[paragraph, [760.0, 408.0, 308.0, 18.0], 5yh-x6FgwO, 5693848]
[paragraph, [760.0, 426.0, 308.0, 18.0], 5yh-x6FgwO, 5693848]
[paragraph, [760.0, 444.0, 308.0, 18.0], 5yh-x6FgwO, 5693848]
[paragraph, [760.0, 462.0, 308.0, 18.0], 5yh-x6FgwO, 5693848]
[paragraph, [760.0, 480.0, 308.0, 18.0], 5yh-x6FgwO, 5693848]
[paragraph, [760.0, 498.0, 308.0, 18.0], 5yh-x6FgwO, 5693848]
[paragraph, [760.0, 516.0, 308.0, 18.0], 5yh-x6FgwO, 5693848]
[paragraph, [760.0, 534.0, 308.0, 18.0], 5yh-x6FgwO, 5693848]
[paragraph, [760.0, 552.0, 308.0, 18.0], 5yh-x6FgwO, 5693848]
[section-title, [143.0, 207.0, 572.0, 30.0], fmdmflL9zV, 5693848]
[section-title, [143.0, 237.0, 572.0, 30.0], fmdmflL9zV, 5693848]
[section-title, [143.0, 267.0, 572.0, 30.0], fmdmflL9zV, 5693848]
[section-title, [143.0, 297.0, 572.0, 30.0], fmdmflL9zV, 5693848]
[author, [340.0, 362.0, 187.0, 18.0], D0h91qIxMa, 5693848]
[sub-section-title, [109.0, 396.0, 299.0, 25.5], nHal2D5LEc, 5693848]
[paragraph, [438.0, 403.0, 305.0, 18.0], 7JLsyoP0lp, 5693848]
[paragraph, [438.0, 421.0, 305.0, 18.0], 7JLsyoP0lp, 5693848]
[paragraph, [438.0, 439.0, 305.0, 18.0], 7JLsyoP0lp, 5693848]
[paragraph, [438.0, 457.0, 305.0, 18.0], 7JLsyoP0lp, 5693848]
[paragraph, [438.0, 475.0, 305.0, 18.0], 7JLsyoP0lp, 5693848]
[paragraph, [438.0, 493.0, 305.0, 18.0], 7JLsyoP0lp, 5693848]
[paragraph, [438.0, 511.0, 305.0, 18.0], 7JLsyoP0lp, 5693848]
[paragraph, [438.0, 529.0, 305.0, 18.0], 7JLsyoP0lp, 5693848]
[paragraph, [107.0, 444.0, 318.0, 18.0], r6N_n59Tg0, 5693848]
[paragraph, [107.0, 462.0, 318.0, 18.0], r6N_n59Tg0, 5693848]
[paragraph, [107.0, 480.0, 318.0, 18.0], r6N_n59Tg0, 5693848]
[paragraph, [107.0, 498.0, 318.0, 18.0], r6N_n59Tg0, 5693848]
[paragraph, [107.0, 516.0, 318.0, 18.0], r6N_n59Tg0, 5693848]
[paragraph, [107.0, 534.0, 318.0, 18.0], r6N_n59Tg0, 5693848]
[paragraph, [107.0, 552.0, 318.0, 18.0], r6N_n59Tg0, 5693848]
[paragraph, [107.0, 570.0, 318.0, 18.0], r6N_n59Tg0, 5693848]
[paragraph, [107.0, 588.0, 318.0, 18.0], r6N_n59Tg0, 5693848]
[paragraph, [107.0, 606.0, 318.0, 18.0], r6N_n59Tg0, 5693848]
[paragraph, [107.0, 624.0, 318.0, 18.0], r6N_n59Tg0, 5693848]
[paragraph, [107.0, 642.0, 318.0, 18.0], r6N_n59Tg0, 5693848]
[paragraph, [107.0, 660.0, 318.0, 18.0], r6N_n59Tg0, 5693848]
[paragraph, [107.0, 678.0, 318.0, 18.0], r6N_n59Tg0, 5693848]
[paragraph, [107.0, 696.0, 318.0, 18.0], r6N_n59Tg0, 5693848]
[paragraph, [107.0, 714.0, 318.0, 18.0], r6N_n59Tg0, 5693848]
[paragraph, [107.0, 732.0, 318.0, 18.0], r6N_n59Tg0, 5693848]
[paragraph, [107.0, 750.0, 318.0, 18.0], r6N_n59Tg0, 5693848]
[paragraph, [107.0, 768.0, 318.0, 18.0], r6N_n59Tg0, 5693848]
[paragraph, [107.0, 786.0, 318.0, 18.0], r6N_n59Tg0, 5693848]
[paragraph, [107.0, 804.0, 318.0, 18.0], r6N_n59Tg0, 5693848]
[paragraph, [107.0, 822.0, 318.0, 18.0], r6N_n59Tg0, 5693848]
[paragraph, [107.0, 840.0, 318.0, 18.0], r6N_n59Tg0, 5693848]
[paragraph, [107.0, 858.0, 318.0, 18.0], r6N_n59Tg0, 5693848]
[paragraph, [107.0, 876.0, 318.0, 18.0], r6N_n59Tg0, 5693848]
[paragraph, [107.0, 894.0, 318.0, 18.0], r6N_n59Tg0, 5693848]
[paragraph, [107.0, 912.0, 318.0, 18.0], r6N_n59Tg0, 5693848]
[paragraph, [107.0, 930.0, 318.0, 18.0], r6N_n59Tg0, 5693848]
[paragraph, [107.0, 948.0, 318.0, 18.0], r6N_n59Tg0, 5693848]
[paragraph, [107.0, 966.0, 318.0, 18.0], r6N_n59Tg0, 5693848]
[paragraph, [107.0, 984.0, 318.0, 18.0], r6N_n59Tg0, 5693848]
[paragraph, [107.0, 1002.0, 318.0, 18.0], r6N_n59Tg0, 5693848]
[paragraph, [107.0, 1020.0, 318.0, 18.0], r6N_n59Tg0, 5693848]
[paragraph, [107.0, 1038.0, 318.0, 18.0], r6N_n59Tg0, 5693848]
[paragraph, [107.0, 1056.0, 318.0, 18.0], r6N_n59Tg0, 5693848]
[paragraph, [107.0, 1074.0, 318.0, 18.0], r6N_n59Tg0, 5693848]
[paragraph, [107.0, 1092.0, 318.0, 18.0], r6N_n59Tg0, 5693848]
[paragraph, [107.0, 1110.0, 318.0, 18.0], r6N_n59Tg0, 5693848]
[paragraph, [107.0, 1128.0, 318.0, 18.0], r6N_n59Tg0, 5693848]
[paragraph, [107.0, 1146.0, 318.0, 18.0], r6N_n59Tg0, 5693848]
[paragraph, [107.0, 1164.0, 318.0, 18.0], r6N_n59Tg0, 5693848]
[paragraph, [107.0, 1182.0, 318.0, 18.0], r6N_n59Tg0, 5693848]
[paragraph, [107.0, 1200.0, 318.0, 18.0], r6N_n59Tg0, 5693848]
[figure-caption, [525.0, 1016.0, 440.0, 18.0], MepNnonfua, 5693848]
[paragraph, [430.0, 1041.0, 308.0, 18.0], RvNauF3hwV, 5693848]
[paragraph, [430.0, 1059.0, 308.0, 18.0], RvNauF3hwV, 5693848]
[paragraph, [430.0, 1077.0, 308.0, 18.0], RvNauF3hwV, 5693848]
[paragraph, [430.0, 1095.0, 308.0, 18.0], RvNauF3hwV, 5693848]
[paragraph, [430.0, 1113.0, 308.0, 18.0], RvNauF3hwV, 5693848]
[paragraph, [430.0, 1131.0, 308.0, 18.0], RvNauF3hwV, 5693848]
[paragraph, [430.0, 1149.0, 308.0, 18.0], RvNauF3hwV, 5693848]
[paragraph, [430.0, 1167.0, 308.0, 18.0], RvNauF3hwV, 5693848]
[paragraph, [430.0, 1185.0, 308.0, 18.0], RvNauF3hwV, 5693848]
[paragraph, [430.0, 1203.0, 308.0, 18.0], RvNauF3hwV, 5693848]
[paragraph, [748.0, 1043.0, 309.0, 18.0], iQ33t8uNk3, 5693848]
[paragraph, [748.0, 1061.0, 309.0, 18.0], iQ33t8uNk3, 5693848]
[paragraph, [748.0, 1079.0, 309.0, 18.0], iQ33t8uNk3, 5693848]
[paragraph, [748.0, 1097.0, 309.0, 18.0], iQ33t8uNk3, 5693848]
[paragraph, [748.0, 1115.0, 309.0, 18.0], iQ33t8uNk3, 5693848]
[paragraph, [748.0, 1133.0, 309.0, 18.0], iQ33t8uNk3, 5693848]
[paragraph, [748.0, 1151.0, 309.0, 18.0], iQ33t8uNk3, 5693848]
[paragraph, [748.0, 1169.0, 309.0, 18.0], iQ33t8uNk3, 5693848]
[paragraph, [748.0, 1187.0, 309.0, 18.0], iQ33t8uNk3, 5693848]
[paragraph, [748.0, 1205.0, 309.0, 18.0], iQ33t8uNk3, 5693848]
