[2428, 1814]
[figure-caption, [323.0, 242.0, 1118.0, 36.0], adSqv1Dr-N, 5693866]
[quote, [733.0, 359.0, 566.0, 36.0], LhcYYomYe0, 5693866]
[quote, [733.0, 395.0, 566.0, 36.0], LhcYYomYe0, 5693866]
[quote, [733.0, 431.0, 566.0, 36.0], LhcYYomYe0, 5693866]
[quote, [733.0, 467.0, 566.0, 36.0], LhcYYomYe0, 5693866]
[quote, [733.0, 503.0, 566.0, 36.0], LhcYYomYe0, 5693866]
[quote, [733.0, 539.0, 566.0, 36.0], LhcYYomYe0, 5693866]
[quote, [733.0, 575.0, 566.0, 36.0], LhcYYomYe0, 5693866]
[quote, [803.0, 1258.0, 140.0, 36.0], tWAjjsi-aB, 5693866]
[quote, [803.0, 1294.0, 140.0, 36.0], tWAjjsi-aB, 5693866]
[quote, [803.0, 1330.0, 140.0, 36.0], tWAjjsi-aB, 5693866]
[quote, [803.0, 1366.0, 140.0, 36.0], tWAjjsi-aB, 5693866]
[quote, [803.0, 1402.0, 140.0, 36.0], tWAjjsi-aB, 5693866]
[quote, [803.0, 1438.0, 140.0, 36.0], tWAjjsi-aB, 5693866]
[quote, [803.0, 1474.0, 140.0, 36.0], tWAjjsi-aB, 5693866]
[quote, [803.0, 1510.0, 140.0, 36.0], tWAjjsi-aB, 5693866]
[quote, [803.0, 1546.0, 140.0, 36.0], tWAjjsi-aB, 5693866]
[quote, [267.0, 1328.0, 178.0, 36.0], _ksCk4RBgc, 5693866]
