[2428, 1814]
[quote, [1041.0, 196.0, 566.0, 36.0], w8C1Kd7iF5, 5693837]
[quote, [1041.0, 232.0, 566.0, 36.0], w8C1Kd7iF5, 5693837]
[quote, [1041.0, 268.0, 566.0, 36.0], w8C1Kd7iF5, 5693837]
[quote, [1041.0, 304.0, 566.0, 36.0], w8C1Kd7iF5, 5693837]
[quote, [529.0, 300.0, 289.0, 36.0], VWMvLCPQ5F, 5693837]
[quote, [529.0, 336.0, 289.0, 36.0], VWMvLCPQ5F, 5693837]
[quote, [529.0, 372.0, 289.0, 36.0], VWMvLCPQ5F, 5693837]
[quote, [529.0, 408.0, 289.0, 36.0], VWMvLCPQ5F, 5693837]
[quote, [529.0, 444.0, 289.0, 36.0], VWMvLCPQ5F, 5693837]
[quote, [1055.0, 959.0, 480.0, 36.0], whZnkB1x1P, 5693837]
[quote, [1055.0, 995.0, 480.0, 36.0], whZnkB1x1P, 5693837]
[quote, [1055.0, 1031.0, 480.0, 36.0], whZnkB1x1P, 5693837]
[quote, [1055.0, 1067.0, 480.0, 36.0], whZnkB1x1P, 5693837]
[quote, [1055.0, 1103.0, 480.0, 36.0], whZnkB1x1P, 5693837]
[folio, [575.0, 2301.0, 113.0, 36.0], hl1qB8YomK, 5693837]
