[2000, 1414]
[folio, [57.0, 115.0, 575.0, 36.0], nhDKbT3NrW, 6491986]
[folio, [57.0, 151.0, 575.0, 36.0], nhDKbT3NrW, 6491986]
[headline, [64.0, 207.0, 982.0, 67.5], bjEtuwG6m5, 6491986]
[headline, [64.0, 274.5, 982.0, 67.5], bjEtuwG6m5, 6491986]
[headline, [64.0, 342.0, 982.0, 67.5], bjEtuwG6m5, 6491986]
[headline, [64.0, 409.5, 982.0, 67.5], bjEtuwG6m5, 6491986]
[headline, [64.0, 477.0, 982.0, 67.5], bjEtuwG6m5, 6491986]
[headline, [64.0, 544.5, 982.0, 67.5], bjEtuwG6m5, 6491986]
[author, [62.0, 680.0, 611.0, 36.0], eXJYIijH4E, 6491986]
[author, [62.0, 716.0, 611.0, 36.0], eXJYIijH4E, 6491986]
