[2000, 1414]
[paragraph, [824.0, 700.0, 503.0, 36.0], cNO6IKcVOK, 6490933]
[paragraph, [824.0, 736.0, 503.0, 36.0], cNO6IKcVOK, 6490933]
[paragraph, [824.0, 772.0, 503.0, 36.0], cNO6IKcVOK, 6490933]
[paragraph, [824.0, 808.0, 503.0, 36.0], cNO6IKcVOK, 6490933]
[paragraph, [824.0, 844.0, 503.0, 36.0], cNO6IKcVOK, 6490933]
[paragraph, [810.0, 1100.0, 524.0, 36.0], shoonya_1s368KBD47090S, 6490933]
[paragraph, [810.0, 1136.0, 524.0, 36.0], shoonya_1s368KBD47090S, 6490933]
[paragraph, [810.0, 1172.0, 524.0, 36.0], shoonya_1s368KBD47090S, 6490933]
[paragraph, [810.0, 1208.0, 524.0, 36.0], shoonya_1s368KBD47090S, 6490933]
[flag, [26.0, 1481.0, 1387.0, 36.0], OXEys9I80O, 6490933]
[flag, [26.0, 1517.0, 1387.0, 36.0], OXEys9I80O, 6490933]
[flag, [26.0, 1553.0, 1387.0, 36.0], OXEys9I80O, 6490933]
[flag, [26.0, 1589.0, 1387.0, 36.0], OXEys9I80O, 6490933]
[flag, [26.0, 1625.0, 1387.0, 36.0], OXEys9I80O, 6490933]
[flag, [26.0, 1661.0, 1387.0, 36.0], OXEys9I80O, 6490933]
[flag, [26.0, 1697.0, 1387.0, 36.0], OXEys9I80O, 6490933]
[flag, [26.0, 1733.0, 1387.0, 36.0], OXEys9I80O, 6490933]
[flag, [26.0, 1769.0, 1387.0, 36.0], OXEys9I80O, 6490933]
[flag, [26.0, 1805.0, 1387.0, 36.0], OXEys9I80O, 6490933]
[website-link, [983.0, 1816.0, 333.0, 18.0], eApTIX5RYT, 6490933]
[website-link, [983.0, 1834.0, 333.0, 18.0], eApTIX5RYT, 6490933]
