[1320, 1176]
[folio, [930.0, 66.0, 170.0, 18.0], oCiRkywTN4, 5693765]
[folio, [930.0, 84.0, 170.0, 18.0], oCiRkywTN4, 5693765]
[folio, [930.0, 102.0, 170.0, 18.0], oCiRkywTN4, 5693765]
[folio, [930.0, 120.0, 170.0, 18.0], oCiRkywTN4, 5693765]
[folio, [930.0, 138.0, 170.0, 18.0], oCiRkywTN4, 5693765]
[answer, [415.0, 1011.0, 318.0, 18.0], IpI0s2Kmsa, 5693765]
[answer, [415.0, 1029.0, 318.0, 18.0], IpI0s2Kmsa, 5693765]
[answer, [415.0, 1047.0, 318.0, 18.0], IpI0s2Kmsa, 5693765]
[answer, [415.0, 1065.0, 318.0, 18.0], IpI0s2Kmsa, 5693765]
[answer, [415.0, 1083.0, 318.0, 18.0], IpI0s2Kmsa, 5693765]
[answer, [415.0, 1101.0, 318.0, 18.0], IpI0s2Kmsa, 5693765]
[answer, [415.0, 1119.0, 318.0, 18.0], IpI0s2Kmsa, 5693765]
[answer, [415.0, 1137.0, 318.0, 18.0], IpI0s2Kmsa, 5693765]
