[2000, 1414]
[headline, [44.0, 135.0, 688.0, 67.5], a2Cl3NGp3q, 6492006]
[headline, [44.0, 202.5, 688.0, 67.5], a2Cl3NGp3q, 6492006]
[headline, [44.0, 270.0, 688.0, 67.5], a2Cl3NGp3q, 6492006]
[headline, [44.0, 337.5, 688.0, 67.5], a2Cl3NGp3q, 6492006]
[headline, [44.0, 405.0, 688.0, 67.5], a2Cl3NGp3q, 6492006]
[headline, [44.0, 472.5, 688.0, 67.5], a2Cl3NGp3q, 6492006]
[headline, [44.0, 540.0, 688.0, 67.5], a2Cl3NGp3q, 6492006]
[headline, [44.0, 607.5, 688.0, 67.5], a2Cl3NGp3q, 6492006]
[headline, [44.0, 675.0, 688.0, 67.5], a2Cl3NGp3q, 6492006]
[sidebar, [922.0, 203.0, 414.0, 36.0], 3q0Hhfuvi8, 6492006]
[sidebar, [922.0, 239.0, 414.0, 36.0], 3q0Hhfuvi8, 6492006]
[sidebar, [922.0, 275.0, 414.0, 36.0], 3q0Hhfuvi8, 6492006]
[sidebar, [922.0, 311.0, 414.0, 36.0], 3q0Hhfuvi8, 6492006]
[sidebar, [922.0, 347.0, 414.0, 36.0], 3q0Hhfuvi8, 6492006]
[paragraph, [925.0, 1424.0, 376.0, 36.0], jMe4JzwRvZ, 6492006]
[paragraph, [925.0, 1460.0, 376.0, 36.0], jMe4JzwRvZ, 6492006]
[paragraph, [925.0, 1496.0, 376.0, 36.0], jMe4JzwRvZ, 6492006]
[paragraph, [925.0, 1532.0, 376.0, 36.0], jMe4JzwRvZ, 6492006]
[paragraph, [925.0, 1568.0, 376.0, 36.0], jMe4JzwRvZ, 6492006]
[paragraph, [497.0, 1525.0, 368.0, 36.0], sWllVKwn78, 6492006]
[paragraph, [497.0, 1561.0, 368.0, 36.0], sWllVKwn78, 6492006]
[paragraph, [497.0, 1597.0, 368.0, 36.0], sWllVKwn78, 6492006]
[paragraph, [497.0, 1633.0, 368.0, 36.0], sWllVKwn78, 6492006]
[paragraph, [497.0, 1669.0, 368.0, 36.0], sWllVKwn78, 6492006]
[paragraph, [497.0, 1705.0, 368.0, 36.0], sWllVKwn78, 6492006]
[paragraph, [61.0, 1539.0, 375.0, 36.0], LYUtrpli-1, 6492006]
[paragraph, [61.0, 1575.0, 375.0, 36.0], LYUtrpli-1, 6492006]
[paragraph, [61.0, 1611.0, 375.0, 36.0], LYUtrpli-1, 6492006]
[paragraph, [61.0, 1647.0, 375.0, 36.0], LYUtrpli-1, 6492006]
[paragraph, [61.0, 1683.0, 375.0, 36.0], LYUtrpli-1, 6492006]
[author, [932.0, 1653.0, 261.0, 36.0], 2sNtu94hDL, 6492006]
[author, [932.0, 1689.0, 261.0, 36.0], 2sNtu94hDL, 6492006]
