[1320, 1176]
[folio, [929.0, 54.0, 175.0, 18.0], shoonya_2sQ50T2IR0ITU8, 5694274]
[folio, [929.0, 72.0, 175.0, 18.0], shoonya_2sQ50T2IR0ITU8, 5694274]
[folio, [929.0, 90.0, 175.0, 18.0], shoonya_2sQ50T2IR0ITU8, 5694274]
[folio, [929.0, 108.0, 175.0, 18.0], shoonya_2sQ50T2IR0ITU8, 5694274]
[folio, [929.0, 126.0, 175.0, 18.0], shoonya_2sQ50T2IR0ITU8, 5694274]
[answer, [771.0, 177.0, 331.0, 18.0], shoonya_1sQKDYWURN0FGC, 5694274]
[answer, [771.0, 195.0, 331.0, 18.0], shoonya_1sQKDYWURN0FGC, 5694274]
[answer, [771.0, 213.0, 331.0, 18.0], shoonya_1sQKDYWURN0FGC, 5694274]
[answer, [771.0, 231.0, 331.0, 18.0], shoonya_1sQKDYWURN0FGC, 5694274]
[answer, [771.0, 249.0, 331.0, 18.0], shoonya_1sQKDYWURN0FGC, 5694274]
[answer, [771.0, 267.0, 331.0, 18.0], shoonya_1sQKDYWURN0FGC, 5694274]
[answer, [771.0, 285.0, 331.0, 18.0], shoonya_1sQKDYWURN0FGC, 5694274]
[answer, [771.0, 303.0, 331.0, 18.0], shoonya_1sQKDYWURN0FGC, 5694274]
[paragraph, [85.0, 187.0, 332.0, 18.0], shoonya_0sV9WLZ3HWLBMC, 5694274]
[paragraph, [85.0, 205.0, 332.0, 18.0], shoonya_0sV9WLZ3HWLBMC, 5694274]
[paragraph, [85.0, 223.0, 332.0, 18.0], shoonya_0sV9WLZ3HWLBMC, 5694274]
[paragraph, [85.0, 241.0, 332.0, 18.0], shoonya_0sV9WLZ3HWLBMC, 5694274]
[paragraph, [85.0, 259.0, 332.0, 18.0], shoonya_0sV9WLZ3HWLBMC, 5694274]
[paragraph, [85.0, 277.0, 332.0, 18.0], shoonya_0sV9WLZ3HWLBMC, 5694274]
[paragraph, [85.0, 295.0, 332.0, 18.0], shoonya_0sV9WLZ3HWLBMC, 5694274]
[paragraph, [85.0, 313.0, 332.0, 18.0], shoonya_0sV9WLZ3HWLBMC, 5694274]
[paragraph, [85.0, 331.0, 332.0, 18.0], shoonya_0sV9WLZ3HWLBMC, 5694274]
[answer, [777.0, 327.0, 322.0, 18.0], lwY2GB009l, 5694274]
[answer, [777.0, 345.0, 322.0, 18.0], lwY2GB009l, 5694274]
[answer, [777.0, 363.0, 322.0, 18.0], lwY2GB009l, 5694274]
[answer, [777.0, 381.0, 322.0, 18.0], lwY2GB009l, 5694274]
[answer, [777.0, 399.0, 322.0, 18.0], lwY2GB009l, 5694274]
[answer, [777.0, 417.0, 322.0, 18.0], lwY2GB009l, 5694274]
[answer, [777.0, 435.0, 322.0, 18.0], lwY2GB009l, 5694274]
[answer, [777.0, 453.0, 322.0, 18.0], lwY2GB009l, 5694274]
[answer, [777.0, 471.0, 322.0, 18.0], lwY2GB009l, 5694274]
[answer, [777.0, 489.0, 322.0, 18.0], lwY2GB009l, 5694274]
[answer, [777.0, 507.0, 322.0, 18.0], lwY2GB009l, 5694274]
[answer, [777.0, 525.0, 322.0, 18.0], lwY2GB009l, 5694274]
[answer, [777.0, 543.0, 322.0, 18.0], lwY2GB009l, 5694274]
[answer, [777.0, 561.0, 322.0, 18.0], lwY2GB009l, 5694274]
[answer, [777.0, 579.0, 322.0, 18.0], lwY2GB009l, 5694274]
[answer, [777.0, 597.0, 322.0, 18.0], lwY2GB009l, 5694274]
[answer, [777.0, 615.0, 322.0, 18.0], lwY2GB009l, 5694274]
[answer, [85.0, 447.0, 339.0, 18.0], k90HU6mycE, 5694274]
[answer, [85.0, 465.0, 339.0, 18.0], k90HU6mycE, 5694274]
[answer, [85.0, 483.0, 339.0, 18.0], k90HU6mycE, 5694274]
[answer, [85.0, 501.0, 339.0, 18.0], k90HU6mycE, 5694274]
[answer, [85.0, 519.0, 339.0, 18.0], k90HU6mycE, 5694274]
[answer, [85.0, 537.0, 339.0, 18.0], k90HU6mycE, 5694274]
[answer, [85.0, 555.0, 339.0, 18.0], k90HU6mycE, 5694274]
[answer, [85.0, 573.0, 339.0, 18.0], k90HU6mycE, 5694274]
[answer, [85.0, 591.0, 339.0, 18.0], k90HU6mycE, 5694274]
[answer, [85.0, 609.0, 339.0, 18.0], k90HU6mycE, 5694274]
[answer, [85.0, 627.0, 339.0, 18.0], k90HU6mycE, 5694274]
[answer, [85.0, 645.0, 339.0, 18.0], k90HU6mycE, 5694274]
[answer, [85.0, 663.0, 339.0, 18.0], k90HU6mycE, 5694274]
[answer, [85.0, 681.0, 339.0, 18.0], k90HU6mycE, 5694274]
[answer, [85.0, 699.0, 339.0, 18.0], k90HU6mycE, 5694274]
[answer, [85.0, 717.0, 339.0, 18.0], k90HU6mycE, 5694274]
[answer, [85.0, 735.0, 339.0, 18.0], k90HU6mycE, 5694274]
[answer, [85.0, 753.0, 339.0, 18.0], k90HU6mycE, 5694274]
[answer, [85.0, 771.0, 339.0, 18.0], k90HU6mycE, 5694274]
[answer, [85.0, 789.0, 339.0, 18.0], k90HU6mycE, 5694274]
[answer, [85.0, 807.0, 339.0, 18.0], k90HU6mycE, 5694274]
[answer, [85.0, 825.0, 339.0, 18.0], k90HU6mycE, 5694274]
[answer, [85.0, 843.0, 339.0, 18.0], k90HU6mycE, 5694274]
[answer, [85.0, 861.0, 339.0, 18.0], k90HU6mycE, 5694274]
[answer, [85.0, 879.0, 339.0, 18.0], k90HU6mycE, 5694274]
[answer, [85.0, 897.0, 339.0, 18.0], k90HU6mycE, 5694274]
[answer, [85.0, 915.0, 339.0, 18.0], k90HU6mycE, 5694274]
[answer, [85.0, 933.0, 339.0, 18.0], k90HU6mycE, 5694274]
[answer, [85.0, 951.0, 339.0, 18.0], k90HU6mycE, 5694274]
[answer, [85.0, 969.0, 339.0, 18.0], k90HU6mycE, 5694274]
[answer, [85.0, 987.0, 339.0, 18.0], k90HU6mycE, 5694274]
[answer, [85.0, 1005.0, 339.0, 18.0], k90HU6mycE, 5694274]
[answer, [85.0, 1023.0, 339.0, 18.0], k90HU6mycE, 5694274]
[answer, [85.0, 1041.0, 339.0, 18.0], k90HU6mycE, 5694274]
[answer, [85.0, 1059.0, 339.0, 18.0], k90HU6mycE, 5694274]
[answer, [431.0, 520.0, 326.0, 18.0], shoonya_3sMU80254O65IA, 5694274]
[answer, [431.0, 538.0, 326.0, 18.0], shoonya_3sMU80254O65IA, 5694274]
[answer, [431.0, 556.0, 326.0, 18.0], shoonya_3sMU80254O65IA, 5694274]
[answer, [431.0, 574.0, 326.0, 18.0], shoonya_3sMU80254O65IA, 5694274]
[answer, [431.0, 592.0, 326.0, 18.0], shoonya_3sMU80254O65IA, 5694274]
[answer, [431.0, 610.0, 326.0, 18.0], shoonya_3sMU80254O65IA, 5694274]
[answer, [431.0, 628.0, 326.0, 18.0], shoonya_3sMU80254O65IA, 5694274]
[answer, [431.0, 646.0, 326.0, 18.0], shoonya_3sMU80254O65IA, 5694274]
[answer, [431.0, 664.0, 326.0, 18.0], shoonya_3sMU80254O65IA, 5694274]
[answer, [431.0, 682.0, 326.0, 18.0], shoonya_3sMU80254O65IA, 5694274]
[answer, [431.0, 700.0, 326.0, 18.0], shoonya_3sMU80254O65IA, 5694274]
[answer, [431.0, 718.0, 326.0, 18.0], shoonya_3sMU80254O65IA, 5694274]
[answer, [431.0, 736.0, 326.0, 18.0], shoonya_3sMU80254O65IA, 5694274]
[answer, [431.0, 754.0, 326.0, 18.0], shoonya_3sMU80254O65IA, 5694274]
[answer, [431.0, 772.0, 326.0, 18.0], shoonya_3sMU80254O65IA, 5694274]
[answer, [431.0, 790.0, 326.0, 18.0], shoonya_3sMU80254O65IA, 5694274]
[answer, [431.0, 808.0, 326.0, 18.0], shoonya_3sMU80254O65IA, 5694274]
[answer, [781.0, 698.0, 326.0, 18.0], 8TASRC0Cxl, 5694274]
[answer, [781.0, 716.0, 326.0, 18.0], 8TASRC0Cxl, 5694274]
[answer, [781.0, 734.0, 326.0, 18.0], 8TASRC0Cxl, 5694274]
[answer, [781.0, 752.0, 326.0, 18.0], 8TASRC0Cxl, 5694274]
[answer, [781.0, 770.0, 326.0, 18.0], 8TASRC0Cxl, 5694274]
[answer, [781.0, 788.0, 326.0, 18.0], 8TASRC0Cxl, 5694274]
[answer, [781.0, 806.0, 326.0, 18.0], 8TASRC0Cxl, 5694274]
[answer, [70.0, 1076.0, 372.0, 18.0], hntRMVBpUp, 5694274]
[answer, [70.0, 1094.0, 372.0, 18.0], hntRMVBpUp, 5694274]
[answer, [70.0, 1112.0, 372.0, 18.0], hntRMVBpUp, 5694274]
[answer, [70.0, 1130.0, 372.0, 18.0], hntRMVBpUp, 5694274]
[answer, [70.0, 1148.0, 372.0, 18.0], hntRMVBpUp, 5694274]
[answer, [70.0, 1166.0, 372.0, 18.0], hntRMVBpUp, 5694274]
[answer, [70.0, 1184.0, 372.0, 18.0], hntRMVBpUp, 5694274]
[answer, [70.0, 1202.0, 372.0, 18.0], hntRMVBpUp, 5694274]
[answer, [70.0, 1220.0, 372.0, 18.0], hntRMVBpUp, 5694274]
[answer, [70.0, 1238.0, 372.0, 18.0], hntRMVBpUp, 5694274]
