[2000, 1414]
[sidebar, [53.0, 1247.0, 627.0, 36.0], c7AwSvWR99, 6492120]
[sidebar, [53.0, 1283.0, 627.0, 36.0], c7AwSvWR99, 6492120]
[sidebar, [53.0, 1319.0, 627.0, 36.0], c7AwSvWR99, 6492120]
[sidebar, [53.0, 1355.0, 627.0, 36.0], c7AwSvWR99, 6492120]
[sidebar, [53.0, 1391.0, 627.0, 36.0], c7AwSvWR99, 6492120]
[sidebar, [53.0, 1427.0, 627.0, 36.0], c7AwSvWR99, 6492120]
[sidebar, [53.0, 1463.0, 627.0, 36.0], c7AwSvWR99, 6492120]
[sidebar, [53.0, 1499.0, 627.0, 36.0], c7AwSvWR99, 6492120]
[sidebar, [53.0, 1535.0, 627.0, 36.0], c7AwSvWR99, 6492120]
[sidebar, [53.0, 1571.0, 627.0, 36.0], c7AwSvWR99, 6492120]
[sidebar, [53.0, 1607.0, 627.0, 36.0], c7AwSvWR99, 6492120]
[sidebar, [53.0, 1643.0, 627.0, 36.0], c7AwSvWR99, 6492120]
[sidebar, [53.0, 1679.0, 627.0, 36.0], c7AwSvWR99, 6492120]
[sidebar, [53.0, 1715.0, 627.0, 36.0], c7AwSvWR99, 6492120]
[sidebar, [53.0, 1751.0, 627.0, 36.0], c7AwSvWR99, 6492120]
[sidebar, [53.0, 1787.0, 627.0, 36.0], c7AwSvWR99, 6492120]
[sidebar, [53.0, 1823.0, 627.0, 36.0], c7AwSvWR99, 6492120]
[sidebar, [53.0, 1859.0, 627.0, 36.0], c7AwSvWR99, 6492120]
[paragraph, [705.0, 1263.0, 590.0, 36.0], 7jQcRATtxc, 6492120]
[paragraph, [705.0, 1299.0, 590.0, 36.0], 7jQcRATtxc, 6492120]
[paragraph, [705.0, 1335.0, 590.0, 36.0], 7jQcRATtxc, 6492120]
[paragraph, [705.0, 1371.0, 590.0, 36.0], 7jQcRATtxc, 6492120]
[paragraph, [705.0, 1407.0, 590.0, 36.0], 7jQcRATtxc, 6492120]
[paragraph, [703.0, 1477.0, 618.0, 36.0], G3V2dHeiDO, 6492120]
[paragraph, [703.0, 1513.0, 618.0, 36.0], G3V2dHeiDO, 6492120]
[paragraph, [703.0, 1549.0, 618.0, 36.0], G3V2dHeiDO, 6492120]
[paragraph, [703.0, 1585.0, 618.0, 36.0], G3V2dHeiDO, 6492120]
[paragraph, [703.0, 1621.0, 618.0, 36.0], G3V2dHeiDO, 6492120]
[paragraph, [691.0, 1692.0, 618.0, 36.0], NrV93lJo_X, 6492120]
[paragraph, [691.0, 1728.0, 618.0, 36.0], NrV93lJo_X, 6492120]
[paragraph, [691.0, 1764.0, 618.0, 36.0], NrV93lJo_X, 6492120]
[paragraph, [691.0, 1800.0, 618.0, 36.0], NrV93lJo_X, 6492120]
