[690, 512]
[folio, [202.0, 34.0, 100.0, 18.0], T_wni_TiSM, 6492276]
[author, [362.0, 92.0, 104.0, 18.0], 9VWAZXy6s_, 6492276]
[paragraph, [257.0, 128.0, 218.0, 18.0], Jg1MW_bsPT, 6492276]
[paragraph, [257.0, 146.0, 218.0, 18.0], Jg1MW_bsPT, 6492276]
[paragraph, [257.0, 164.0, 218.0, 18.0], Jg1MW_bsPT, 6492276]
[paragraph, [257.0, 182.0, 218.0, 18.0], Jg1MW_bsPT, 6492276]
[paragraph, [257.0, 200.0, 218.0, 18.0], Jg1MW_bsPT, 6492276]
[paragraph, [257.0, 218.0, 218.0, 18.0], Jg1MW_bsPT, 6492276]
[paragraph, [257.0, 236.0, 218.0, 18.0], Jg1MW_bsPT, 6492276]
[paragraph, [257.0, 254.0, 218.0, 18.0], Jg1MW_bsPT, 6492276]
[paragraph, [257.0, 272.0, 218.0, 18.0], Jg1MW_bsPT, 6492276]
[paragraph, [28.0, 130.0, 219.0, 18.0], lBCXml3Xnn, 6492276]
[paragraph, [28.0, 148.0, 219.0, 18.0], lBCXml3Xnn, 6492276]
[paragraph, [28.0, 166.0, 219.0, 18.0], lBCXml3Xnn, 6492276]
[paragraph, [28.0, 184.0, 219.0, 18.0], lBCXml3Xnn, 6492276]
[paragraph, [28.0, 202.0, 219.0, 18.0], lBCXml3Xnn, 6492276]
[paragraph, [28.0, 220.0, 219.0, 18.0], lBCXml3Xnn, 6492276]
[paragraph, [28.0, 238.0, 219.0, 18.0], lBCXml3Xnn, 6492276]
[paragraph, [28.0, 256.0, 219.0, 18.0], lBCXml3Xnn, 6492276]
[paragraph, [28.0, 274.0, 219.0, 18.0], lBCXml3Xnn, 6492276]
[paragraph, [28.0, 292.0, 219.0, 18.0], lBCXml3Xnn, 6492276]
[paragraph, [28.0, 310.0, 219.0, 18.0], lBCXml3Xnn, 6492276]
[paragraph, [28.0, 328.0, 219.0, 18.0], lBCXml3Xnn, 6492276]
[paragraph, [28.0, 346.0, 219.0, 18.0], lBCXml3Xnn, 6492276]
[paragraph, [28.0, 364.0, 219.0, 18.0], lBCXml3Xnn, 6492276]
[paragraph, [28.0, 382.0, 219.0, 18.0], lBCXml3Xnn, 6492276]
[paragraph, [255.0, 296.0, 220.0, 18.0], 0g650FD3eF, 6492276]
[paragraph, [255.0, 314.0, 220.0, 18.0], 0g650FD3eF, 6492276]
[paragraph, [255.0, 332.0, 220.0, 18.0], 0g650FD3eF, 6492276]
[paragraph, [255.0, 350.0, 220.0, 18.0], 0g650FD3eF, 6492276]
[paragraph, [255.0, 368.0, 220.0, 18.0], 0g650FD3eF, 6492276]
[paragraph, [255.0, 386.0, 220.0, 18.0], 0g650FD3eF, 6492276]
[paragraph, [255.0, 404.0, 220.0, 18.0], 0g650FD3eF, 6492276]
[paragraph, [255.0, 422.0, 220.0, 18.0], 0g650FD3eF, 6492276]
[paragraph, [255.0, 440.0, 220.0, 18.0], 0g650FD3eF, 6492276]
[paragraph, [255.0, 458.0, 220.0, 18.0], 0g650FD3eF, 6492276]
[paragraph, [255.0, 476.0, 220.0, 18.0], 0g650FD3eF, 6492276]
[paragraph, [255.0, 494.0, 220.0, 18.0], 0g650FD3eF, 6492276]
[paragraph, [255.0, 512.0, 220.0, 18.0], 0g650FD3eF, 6492276]
[paragraph, [255.0, 530.0, 220.0, 18.0], 0g650FD3eF, 6492276]
[paragraph, [255.0, 548.0, 220.0, 18.0], 0g650FD3eF, 6492276]
[paragraph, [255.0, 566.0, 220.0, 18.0], 0g650FD3eF, 6492276]
[paragraph, [255.0, 584.0, 220.0, 18.0], 0g650FD3eF, 6492276]
[paragraph, [255.0, 602.0, 220.0, 18.0], 0g650FD3eF, 6492276]
[paragraph, [30.0, 412.0, 215.0, 18.0], KEfBr0RJi1, 6492276]
[paragraph, [30.0, 430.0, 215.0, 18.0], KEfBr0RJi1, 6492276]
[paragraph, [30.0, 448.0, 215.0, 18.0], KEfBr0RJi1, 6492276]
[paragraph, [30.0, 466.0, 215.0, 18.0], KEfBr0RJi1, 6492276]
[paragraph, [30.0, 484.0, 215.0, 18.0], KEfBr0RJi1, 6492276]
[paragraph, [30.0, 502.0, 215.0, 18.0], KEfBr0RJi1, 6492276]
[paragraph, [30.0, 520.0, 215.0, 18.0], KEfBr0RJi1, 6492276]
[paragraph, [30.0, 538.0, 215.0, 18.0], KEfBr0RJi1, 6492276]
[paragraph, [30.0, 556.0, 215.0, 18.0], KEfBr0RJi1, 6492276]
[paragraph, [30.0, 574.0, 215.0, 18.0], KEfBr0RJi1, 6492276]
[paragraph, [30.0, 592.0, 215.0, 18.0], KEfBr0RJi1, 6492276]
[paragraph, [30.0, 610.0, 215.0, 18.0], KEfBr0RJi1, 6492276]
