[2000, 1414]
[flag, [90.0, 29.0, 1263.0, 36.0], N4fVi7eEUX, 6491210]
[flag, [90.0, 65.0, 1263.0, 36.0], N4fVi7eEUX, 6491210]
[flag, [90.0, 101.0, 1263.0, 36.0], N4fVi7eEUX, 6491210]
[flag, [90.0, 137.0, 1263.0, 36.0], N4fVi7eEUX, 6491210]
[flag, [90.0, 173.0, 1263.0, 36.0], N4fVi7eEUX, 6491210]
[flag, [90.0, 209.0, 1263.0, 36.0], N4fVi7eEUX, 6491210]
[flag, [90.0, 245.0, 1263.0, 36.0], N4fVi7eEUX, 6491210]
[flag, [90.0, 281.0, 1263.0, 36.0], N4fVi7eEUX, 6491210]
[flag, [90.0, 317.0, 1263.0, 36.0], N4fVi7eEUX, 6491210]
[flag, [90.0, 353.0, 1263.0, 36.0], N4fVi7eEUX, 6491210]
[flag, [90.0, 389.0, 1263.0, 36.0], N4fVi7eEUX, 6491210]
[flag, [966.0, 431.0, 383.0, 36.0], 7f_twAQQxH, 6491210]
[flag, [966.0, 467.0, 383.0, 36.0], 7f_twAQQxH, 6491210]
[flag, [966.0, 503.0, 383.0, 36.0], 7f_twAQQxH, 6491210]
[flag, [966.0, 539.0, 383.0, 36.0], 7f_twAQQxH, 6491210]
[flag, [966.0, 575.0, 383.0, 36.0], 7f_twAQQxH, 6491210]
[flag, [966.0, 611.0, 383.0, 36.0], 7f_twAQQxH, 6491210]
[flag, [966.0, 647.0, 383.0, 36.0], 7f_twAQQxH, 6491210]
[flag, [966.0, 683.0, 383.0, 36.0], 7f_twAQQxH, 6491210]
[flag, [966.0, 719.0, 383.0, 36.0], 7f_twAQQxH, 6491210]
[flag, [966.0, 755.0, 383.0, 36.0], 7f_twAQQxH, 6491210]
[flag, [966.0, 791.0, 383.0, 36.0], 7f_twAQQxH, 6491210]
[flag, [966.0, 827.0, 383.0, 36.0], 7f_twAQQxH, 6491210]
[flag, [966.0, 863.0, 383.0, 36.0], 7f_twAQQxH, 6491210]
[flag, [966.0, 899.0, 383.0, 36.0], 7f_twAQQxH, 6491210]
[flag, [966.0, 935.0, 383.0, 36.0], 7f_twAQQxH, 6491210]
[flag, [966.0, 971.0, 383.0, 36.0], 7f_twAQQxH, 6491210]
[flag, [966.0, 1007.0, 383.0, 36.0], 7f_twAQQxH, 6491210]
[flag, [966.0, 1043.0, 383.0, 36.0], 7f_twAQQxH, 6491210]
[flag, [966.0, 1079.0, 383.0, 36.0], 7f_twAQQxH, 6491210]
[flag, [966.0, 1115.0, 383.0, 36.0], 7f_twAQQxH, 6491210]
[flag, [966.0, 1151.0, 383.0, 36.0], 7f_twAQQxH, 6491210]
[flag, [966.0, 1187.0, 383.0, 36.0], 7f_twAQQxH, 6491210]
[author, [266.0, 593.0, 282.0, 36.0], nyq_RaY5rD, 6491210]
[author, [266.0, 629.0, 282.0, 36.0], nyq_RaY5rD, 6491210]
[contact-info, [263.0, 683.0, 325.0, 36.0], Mg4sm9PyAs, 6491210]
[contact-info, [263.0, 719.0, 325.0, 36.0], Mg4sm9PyAs, 6491210]
[author, [268.0, 796.0, 266.0, 36.0], p3HfkoYPrP, 6491210]
[author, [268.0, 832.0, 266.0, 36.0], p3HfkoYPrP, 6491210]
[contact-info, [259.0, 892.0, 321.0, 36.0], EhlyTx-2Ib, 6491210]
[author, [250.0, 1001.0, 289.0, 36.0], _Ipg0DgN7g, 6491210]
[author, [250.0, 1037.0, 289.0, 36.0], _Ipg0DgN7g, 6491210]
[contact-info, [289.0, 1090.0, 282.0, 36.0], QgNDutVLjM, 6491210]
[author, [250.0, 1227.0, 296.0, 36.0], 2mgyg_6et1, 6491210]
[website-link, [1003.0, 1256.0, 261.0, 18.0], GXi1rCAAbj, 6491210]
[website-link, [1003.0, 1274.0, 261.0, 18.0], GXi1rCAAbj, 6491210]
[paragraph, [1055.0, 1299.0, 152.0, 36.0], Scs0XZNJsD, 6491210]
[contact-info, [272.0, 1302.0, 309.0, 36.0], VQGBu_WL95, 6491210]
[contact-info, [983.0, 1408.0, 299.0, 36.0], Wt6m1MBS_T, 6491210]
[author, [252.0, 1429.0, 266.0, 36.0], 9aLuN9OeZD, 6491210]
[contact-info, [243.0, 1505.0, 358.0, 36.0], i_xgvq_M7Y, 6491210]
[contact-info, [243.0, 1541.0, 358.0, 36.0], i_xgvq_M7Y, 6491210]
[author, [268.0, 1659.0, 252.0, 36.0], NkEaPi9nlM, 6491210]
[author, [268.0, 1695.0, 252.0, 36.0], NkEaPi9nlM, 6491210]
[contact-info, [281.0, 1780.0, 293.0, 36.0], tyvMM7Ia2z, 6491210]
[contact-info, [281.0, 1816.0, 293.0, 36.0], tyvMM7Ia2z, 6491210]
