[2000, 1414]
[headline, [459.0, 238.0, 574.0, 67.5], A_TQPGx_80, 6492145]
[headline, [459.0, 305.5, 574.0, 67.5], A_TQPGx_80, 6492145]
[paragraph, [496.0, 517.0, 410.0, 36.0], IGeDcpBBWo, 6492145]
[paragraph, [496.0, 553.0, 410.0, 36.0], IGeDcpBBWo, 6492145]
[paragraph, [496.0, 589.0, 410.0, 36.0], IGeDcpBBWo, 6492145]
[paragraph, [496.0, 625.0, 410.0, 36.0], IGeDcpBBWo, 6492145]
[paragraph, [496.0, 661.0, 410.0, 36.0], IGeDcpBBWo, 6492145]
[paragraph, [496.0, 697.0, 410.0, 36.0], IGeDcpBBWo, 6492145]
[paragraph, [931.0, 519.0, 440.0, 36.0], E6x9T0a_nS, 6492145]
[paragraph, [931.0, 555.0, 440.0, 36.0], E6x9T0a_nS, 6492145]
[paragraph, [931.0, 591.0, 440.0, 36.0], E6x9T0a_nS, 6492145]
[paragraph, [931.0, 627.0, 440.0, 36.0], E6x9T0a_nS, 6492145]
[paragraph, [931.0, 663.0, 440.0, 36.0], E6x9T0a_nS, 6492145]
[paragraph, [931.0, 699.0, 440.0, 36.0], E6x9T0a_nS, 6492145]
[paragraph, [910.0, 793.0, 464.0, 36.0], WJ-UO4V90p, 6492145]
[paragraph, [910.0, 829.0, 464.0, 36.0], WJ-UO4V90p, 6492145]
[paragraph, [910.0, 865.0, 464.0, 36.0], WJ-UO4V90p, 6492145]
[paragraph, [910.0, 901.0, 464.0, 36.0], WJ-UO4V90p, 6492145]
[paragraph, [910.0, 937.0, 464.0, 36.0], WJ-UO4V90p, 6492145]
[paragraph, [910.0, 973.0, 464.0, 36.0], WJ-UO4V90p, 6492145]
[author, [494.0, 975.0, 219.0, 36.0], uD1mw-IcXW, 6492145]
[paragraph, [942.0, 1167.0, 424.0, 36.0], pAUs1Dr6ls, 6492145]
[paragraph, [942.0, 1203.0, 424.0, 36.0], pAUs1Dr6ls, 6492145]
[paragraph, [942.0, 1239.0, 424.0, 36.0], pAUs1Dr6ls, 6492145]
[paragraph, [942.0, 1275.0, 424.0, 36.0], pAUs1Dr6ls, 6492145]
[paragraph, [942.0, 1311.0, 424.0, 36.0], pAUs1Dr6ls, 6492145]
[author, [935.0, 1609.0, 238.0, 36.0], 6ADapQzPQV, 6492145]
[author, [935.0, 1645.0, 238.0, 36.0], 6ADapQzPQV, 6492145]
[folio, [67.0, 1869.0, 321.0, 36.0], yNcGQWkn5i, 6492145]
[website-link, [1051.0, 1879.0, 319.0, 18.0], 2agcscjDzY, 6492145]
[website-link, [1051.0, 1897.0, 319.0, 18.0], 2agcscjDzY, 6492145]
