[2000, 1414]
[folio, [116.0, 127.0, 162.0, 36.0], iCFTm6QzhQ, 6491067]
[headline, [77.0, 226.0, 1097.0, 67.5], _FwQAZQwtJ, 6491067]
[headline, [77.0, 293.5, 1097.0, 67.5], _FwQAZQwtJ, 6491067]
[headline, [77.0, 361.0, 1097.0, 67.5], _FwQAZQwtJ, 6491067]
[headline, [77.0, 428.5, 1097.0, 67.5], _FwQAZQwtJ, 6491067]
[headline, [77.0, 496.0, 1097.0, 67.5], _FwQAZQwtJ, 6491067]
[paragraph, [102.0, 664.0, 369.0, 36.0], s-_Yjdri7s, 6491067]
[paragraph, [102.0, 700.0, 369.0, 36.0], s-_Yjdri7s, 6491067]
[paragraph, [102.0, 736.0, 369.0, 36.0], s-_Yjdri7s, 6491067]
[paragraph, [102.0, 772.0, 369.0, 36.0], s-_Yjdri7s, 6491067]
[paragraph, [102.0, 808.0, 369.0, 36.0], s-_Yjdri7s, 6491067]
[paragraph, [102.0, 844.0, 369.0, 36.0], s-_Yjdri7s, 6491067]
[author, [266.0, 1037.0, 130.0, 36.0], n9PGLRH-vG, 6491067]
[paragraph, [261.0, 1091.0, 111.0, 36.0], 8tHT6WgwsI, 6491067]
[paragraph, [104.0, 1185.0, 374.0, 36.0], 4TEf9kZ_fb, 6491067]
[paragraph, [104.0, 1221.0, 374.0, 36.0], 4TEf9kZ_fb, 6491067]
[paragraph, [104.0, 1257.0, 374.0, 36.0], 4TEf9kZ_fb, 6491067]
[paragraph, [104.0, 1293.0, 374.0, 36.0], 4TEf9kZ_fb, 6491067]
[paragraph, [104.0, 1329.0, 374.0, 36.0], 4TEf9kZ_fb, 6491067]
[paragraph, [104.0, 1365.0, 374.0, 36.0], 4TEf9kZ_fb, 6491067]
[paragraph, [104.0, 1401.0, 374.0, 36.0], 4TEf9kZ_fb, 6491067]
[paragraph, [104.0, 1437.0, 374.0, 36.0], 4TEf9kZ_fb, 6491067]
[paragraph, [887.0, 1185.0, 380.0, 36.0], USFmlLlVYS, 6491067]
[paragraph, [887.0, 1221.0, 380.0, 36.0], USFmlLlVYS, 6491067]
[paragraph, [887.0, 1257.0, 380.0, 36.0], USFmlLlVYS, 6491067]
[paragraph, [887.0, 1293.0, 380.0, 36.0], USFmlLlVYS, 6491067]
[paragraph, [500.0, 1192.0, 374.0, 36.0], 6Elg2aSsZw, 6491067]
[paragraph, [500.0, 1228.0, 374.0, 36.0], 6Elg2aSsZw, 6491067]
[paragraph, [500.0, 1264.0, 374.0, 36.0], 6Elg2aSsZw, 6491067]
[paragraph, [500.0, 1300.0, 374.0, 36.0], 6Elg2aSsZw, 6491067]
[paragraph, [500.0, 1336.0, 374.0, 36.0], 6Elg2aSsZw, 6491067]
[paragraph, [500.0, 1372.0, 374.0, 36.0], 6Elg2aSsZw, 6491067]
[paragraph, [500.0, 1408.0, 374.0, 36.0], 6Elg2aSsZw, 6491067]
[paragraph, [500.0, 1444.0, 374.0, 36.0], 6Elg2aSsZw, 6491067]
[paragraph, [966.0, 1567.0, 321.0, 36.0], _Ala898wC0, 6491067]
[paragraph, [966.0, 1603.0, 321.0, 36.0], _Ala898wC0, 6491067]
[paragraph, [966.0, 1639.0, 321.0, 36.0], _Ala898wC0, 6491067]
[paragraph, [966.0, 1675.0, 321.0, 36.0], _Ala898wC0, 6491067]
[website-link, [114.0, 1837.0, 281.0, 18.0], xkULMAwoRj, 6491067]
[website-link, [114.0, 1855.0, 281.0, 18.0], xkULMAwoRj, 6491067]
[website-link, [114.0, 1873.0, 281.0, 18.0], xkULMAwoRj, 6491067]
