[2000, 1414]
[headline, [473.0, 242.0, 471.0, 67.5], kKgdu1n3Qh, 6491540]
[headline, [473.0, 309.5, 471.0, 67.5], kKgdu1n3Qh, 6491540]
[headline, [473.0, 377.0, 471.0, 67.5], kKgdu1n3Qh, 6491540]
[headline, [473.0, 444.5, 471.0, 67.5], kKgdu1n3Qh, 6491540]
[headline, [473.0, 512.0, 471.0, 67.5], kKgdu1n3Qh, 6491540]
[headline, [473.0, 579.5, 471.0, 67.5], kKgdu1n3Qh, 6491540]
[headline, [473.0, 647.0, 471.0, 67.5], kKgdu1n3Qh, 6491540]
[headline, [473.0, 714.5, 471.0, 67.5], kKgdu1n3Qh, 6491540]
[headline, [473.0, 782.0, 471.0, 67.5], kKgdu1n3Qh, 6491540]
[headline, [473.0, 849.5, 471.0, 67.5], kKgdu1n3Qh, 6491540]
