[2428, 1814]
[answer, [869.0, 165.0, 699.0, 36.0], RL7p3g7gTq, 5693823]
[answer, [869.0, 201.0, 699.0, 36.0], RL7p3g7gTq, 5693823]
[answer, [869.0, 237.0, 699.0, 36.0], RL7p3g7gTq, 5693823]
[answer, [869.0, 273.0, 699.0, 36.0], RL7p3g7gTq, 5693823]
[answer, [140.0, 255.0, 695.0, 36.0], 2B5kWHGONd, 5693823]
[answer, [140.0, 291.0, 695.0, 36.0], 2B5kWHGONd, 5693823]
[answer, [140.0, 327.0, 695.0, 36.0], 2B5kWHGONd, 5693823]
[paragraph, [869.0, 325.0, 690.0, 36.0], ofN1tGp4um, 5693823]
[paragraph, [869.0, 361.0, 690.0, 36.0], ofN1tGp4um, 5693823]
[answer, [133.0, 436.0, 706.0, 36.0], e_hxsRdDJ8, 5693823]
[answer, [133.0, 472.0, 706.0, 36.0], e_hxsRdDJ8, 5693823]
[answer, [133.0, 508.0, 706.0, 36.0], e_hxsRdDJ8, 5693823]
[answer, [133.0, 544.0, 706.0, 36.0], e_hxsRdDJ8, 5693823]
[answer, [869.0, 748.0, 692.0, 36.0], Ce_ZduecHP, 5693823]
[answer, [869.0, 784.0, 692.0, 36.0], Ce_ZduecHP, 5693823]
[paragraph, [869.0, 857.0, 695.0, 36.0], rcT6ZBE8Dh, 5693823]
[paragraph, [869.0, 893.0, 695.0, 36.0], rcT6ZBE8Dh, 5693823]
[paragraph, [901.0, 934.0, 536.0, 36.0], skkLTzq2I_, 5693823]
[paragraph, [867.0, 982.0, 690.0, 36.0], InScFhCA20, 5693823]
[paragraph, [867.0, 1018.0, 690.0, 36.0], InScFhCA20, 5693823]
[paragraph, [869.0, 1088.0, 699.0, 36.0], G0-C0HMOil, 5693823]
[paragraph, [869.0, 1124.0, 699.0, 36.0], G0-C0HMOil, 5693823]
[paragraph, [869.0, 1160.0, 699.0, 36.0], G0-C0HMOil, 5693823]
[paragraph, [869.0, 1196.0, 699.0, 36.0], G0-C0HMOil, 5693823]
[paragraph, [869.0, 1232.0, 699.0, 36.0], G0-C0HMOil, 5693823]
[paragraph, [869.0, 1268.0, 699.0, 36.0], G0-C0HMOil, 5693823]
[paragraph, [865.0, 1323.0, 699.0, 36.0], Jkb03_J2yx, 5693823]
[paragraph, [865.0, 1359.0, 699.0, 36.0], Jkb03_J2yx, 5693823]
[paragraph, [865.0, 1395.0, 699.0, 36.0], Jkb03_J2yx, 5693823]
[paragraph, [865.0, 1431.0, 699.0, 36.0], Jkb03_J2yx, 5693823]
[paragraph, [865.0, 1467.0, 699.0, 36.0], Jkb03_J2yx, 5693823]
[paragraph, [865.0, 1503.0, 699.0, 36.0], Jkb03_J2yx, 5693823]
[paragraph, [865.0, 1539.0, 699.0, 36.0], Jkb03_J2yx, 5693823]
[paragraph, [865.0, 1575.0, 699.0, 36.0], Jkb03_J2yx, 5693823]
[paragraph, [865.0, 1611.0, 699.0, 36.0], Jkb03_J2yx, 5693823]
[paragraph, [865.0, 1647.0, 699.0, 36.0], Jkb03_J2yx, 5693823]
[paragraph, [865.0, 1683.0, 699.0, 36.0], Jkb03_J2yx, 5693823]
[paragraph, [865.0, 1719.0, 699.0, 36.0], Jkb03_J2yx, 5693823]
[paragraph, [865.0, 1755.0, 699.0, 36.0], Jkb03_J2yx, 5693823]
[paragraph, [865.0, 1791.0, 699.0, 36.0], Jkb03_J2yx, 5693823]
[paragraph, [865.0, 1827.0, 699.0, 36.0], Jkb03_J2yx, 5693823]
[answer, [142.0, 1477.0, 695.0, 36.0], Z3LMlBh-mH, 5693823]
[answer, [142.0, 1513.0, 695.0, 36.0], Z3LMlBh-mH, 5693823]
[paragraph, [135.0, 1586.0, 699.0, 36.0], d30UiYAaKs, 5693823]
[answer, [135.0, 1742.0, 697.0, 36.0], HJP1bqPkbr, 5693823]
[answer, [135.0, 1778.0, 697.0, 36.0], HJP1bqPkbr, 5693823]
[paragraph, [869.0, 1896.0, 702.0, 36.0], T5UB-KGfzC, 5693823]
[paragraph, [869.0, 1932.0, 702.0, 36.0], T5UB-KGfzC, 5693823]
[paragraph, [869.0, 1968.0, 702.0, 36.0], T5UB-KGfzC, 5693823]
[paragraph, [869.0, 2004.0, 702.0, 36.0], T5UB-KGfzC, 5693823]
[paragraph, [869.0, 2040.0, 702.0, 36.0], T5UB-KGfzC, 5693823]
[paragraph, [869.0, 2076.0, 702.0, 36.0], T5UB-KGfzC, 5693823]
[paragraph, [869.0, 2112.0, 702.0, 36.0], T5UB-KGfzC, 5693823]
[paragraph, [869.0, 2148.0, 702.0, 36.0], T5UB-KGfzC, 5693823]
[paragraph, [869.0, 2184.0, 702.0, 36.0], T5UB-KGfzC, 5693823]
[answer, [140.0, 2129.0, 699.0, 36.0], dQEEz7XAaX, 5693823]
[answer, [140.0, 2165.0, 699.0, 36.0], dQEEz7XAaX, 5693823]
[answer, [140.0, 2201.0, 699.0, 36.0], dQEEz7XAaX, 5693823]
