[2000, 1414]
[headline, [183.0, 127.0, 1030.0, 67.5], 3dEDPDb_nH, 6492199]
[paragraph, [404.0, 1227.0, 609.0, 36.0], Twjl4ZE3zX, 6492199]
[paragraph, [404.0, 1263.0, 609.0, 36.0], Twjl4ZE3zX, 6492199]
[paragraph, [404.0, 1299.0, 609.0, 36.0], Twjl4ZE3zX, 6492199]
[headline, [304.0, 1363.0, 836.0, 67.5], 6efeR6IPPv, 6492199]
[headline, [304.0, 1430.5, 836.0, 67.5], 6efeR6IPPv, 6492199]
[headline, [304.0, 1498.0, 836.0, 67.5], 6efeR6IPPv, 6492199]
[headline, [304.0, 1565.5, 836.0, 67.5], 6efeR6IPPv, 6492199]
[author, [643.0, 1766.0, 123.0, 36.0], fcd2RGrd9F, 6492199]
