[674, 487]
[paragraph, [37.0, 31.0, 99.0, 18.0], SHPmq2xthY, 6534310]
[quote, [212.0, 183.0, 152.0, 18.0], DVucc7E_ID, 6534310]
[quote, [37.0, 294.0, 90.0, 18.0], V_2TzrBAbm, 6534310]
[quote, [37.0, 312.0, 90.0, 18.0], V_2TzrBAbm, 6534310]
[quote, [222.0, 309.0, 75.0, 18.0], hX9TgWfQn0, 6534310]
[quote, [222.0, 327.0, 75.0, 18.0], hX9TgWfQn0, 6534310]
[quote, [329.0, 358.0, 122.0, 18.0], 2vwaX3Sy4Q, 6534310]
[quote, [329.0, 376.0, 122.0, 18.0], 2vwaX3Sy4Q, 6534310]
[quote, [50.0, 359.0, 83.0, 18.0], ypenWHQn2y, 6534310]
