[697, 485]
[quote, [173.0, 65.0, 72.0, 18.0], o5mDSOpJSn, 6533448]
[quote, [114.0, 244.0, 93.0, 18.0], OqRkHlpHjT, 6533448]
[quote, [114.0, 262.0, 93.0, 18.0], OqRkHlpHjT, 6533448]
[quote, [251.0, 253.0, 105.0, 18.0], YycUE7s69n, 6533448]
[quote, [251.0, 271.0, 105.0, 18.0], YycUE7s69n, 6533448]
[quote, [251.0, 289.0, 105.0, 18.0], YycUE7s69n, 6533448]
[quote, [111.0, 424.0, 96.0, 18.0], ueIoBKrRHS, 6533448]
[quote, [111.0, 442.0, 96.0, 18.0], ueIoBKrRHS, 6533448]
[quote, [185.0, 575.0, 41.0, 18.0], mYcQULvM9V, 6533448]
