[792, 612]
[quote, [305.0, 97.0, 99.0, 18.0], TmqRAvgx_B, 6533258]
[quote, [441.0, 130.0, 69.0, 18.0], cPhLD_WLiz, 6533258]
[quote, [441.0, 148.0, 69.0, 18.0], cPhLD_WLiz, 6533258]
[quote, [441.0, 166.0, 69.0, 18.0], cPhLD_WLiz, 6533258]
[quote, [441.0, 184.0, 69.0, 18.0], cPhLD_WLiz, 6533258]
[quote, [349.0, 131.0, 66.0, 18.0], CVxXXh70-R, 6533258]
[quote, [349.0, 149.0, 66.0, 18.0], CVxXXh70-R, 6533258]
[quote, [204.0, 147.0, 81.0, 18.0], llUPIy2W9n, 6533258]
[quote, [204.0, 165.0, 81.0, 18.0], llUPIy2W9n, 6533258]
[quote, [83.0, 405.0, 421.0, 18.0], IdZkc5kTYM, 6533258]
[quote, [83.0, 423.0, 421.0, 18.0], IdZkc5kTYM, 6533258]
