[2000, 1414]
[sidebar, [54.0, 961.0, 385.0, 36.0], xJmzYk3oME, 6533661]
[sidebar, [54.0, 997.0, 385.0, 36.0], xJmzYk3oME, 6533661]
[sidebar, [54.0, 1033.0, 385.0, 36.0], xJmzYk3oME, 6533661]
[sidebar, [54.0, 1069.0, 385.0, 36.0], xJmzYk3oME, 6533661]
[sidebar, [54.0, 1105.0, 385.0, 36.0], xJmzYk3oME, 6533661]
[sidebar, [54.0, 1141.0, 385.0, 36.0], xJmzYk3oME, 6533661]
[paragraph, [495.0, 961.0, 414.0, 36.0], 93w0_zvj1O, 6533661]
[paragraph, [495.0, 997.0, 414.0, 36.0], 93w0_zvj1O, 6533661]
[paragraph, [495.0, 1033.0, 414.0, 36.0], 93w0_zvj1O, 6533661]
[paragraph, [495.0, 1069.0, 414.0, 36.0], 93w0_zvj1O, 6533661]
[paragraph, [495.0, 1105.0, 414.0, 36.0], 93w0_zvj1O, 6533661]
[paragraph, [495.0, 1141.0, 414.0, 36.0], 93w0_zvj1O, 6533661]
[paragraph, [495.0, 1177.0, 414.0, 36.0], 93w0_zvj1O, 6533661]
[paragraph, [495.0, 1213.0, 414.0, 36.0], 93w0_zvj1O, 6533661]
[paragraph, [61.0, 1267.0, 419.0, 36.0], DsGTQY_nK9, 6533661]
[paragraph, [61.0, 1303.0, 419.0, 36.0], DsGTQY_nK9, 6533661]
[paragraph, [61.0, 1339.0, 419.0, 36.0], DsGTQY_nK9, 6533661]
[paragraph, [61.0, 1375.0, 419.0, 36.0], DsGTQY_nK9, 6533661]
[paragraph, [61.0, 1411.0, 419.0, 36.0], DsGTQY_nK9, 6533661]
[paragraph, [61.0, 1447.0, 419.0, 36.0], DsGTQY_nK9, 6533661]
[paragraph, [493.0, 1346.0, 415.0, 36.0], dD6GmFsbZx, 6533661]
[paragraph, [493.0, 1382.0, 415.0, 36.0], dD6GmFsbZx, 6533661]
[paragraph, [493.0, 1418.0, 415.0, 36.0], dD6GmFsbZx, 6533661]
[paragraph, [493.0, 1454.0, 415.0, 36.0], dD6GmFsbZx, 6533661]
[paragraph, [493.0, 1490.0, 415.0, 36.0], dD6GmFsbZx, 6533661]
[paragraph, [493.0, 1526.0, 415.0, 36.0], dD6GmFsbZx, 6533661]
[paragraph, [493.0, 1562.0, 415.0, 36.0], dD6GmFsbZx, 6533661]
[paragraph, [493.0, 1598.0, 415.0, 36.0], dD6GmFsbZx, 6533661]
[paragraph, [67.0, 1621.0, 414.0, 36.0], yNZaq7e-Yi, 6533661]
[paragraph, [67.0, 1657.0, 414.0, 36.0], yNZaq7e-Yi, 6533661]
[paragraph, [67.0, 1693.0, 414.0, 36.0], yNZaq7e-Yi, 6533661]
[paragraph, [67.0, 1729.0, 414.0, 36.0], yNZaq7e-Yi, 6533661]
[paragraph, [67.0, 1765.0, 414.0, 36.0], yNZaq7e-Yi, 6533661]
[paragraph, [67.0, 1801.0, 414.0, 36.0], yNZaq7e-Yi, 6533661]
[paragraph, [927.0, 1736.0, 371.0, 36.0], bmHrsGOHFw, 6533661]
[paragraph, [927.0, 1772.0, 371.0, 36.0], bmHrsGOHFw, 6533661]
[paragraph, [927.0, 1808.0, 371.0, 36.0], bmHrsGOHFw, 6533661]
