[2000, 1414]
[folio, [127.0, 128.0, 210.0, 36.0], -R-VKpRX7p, 6534208]
[headline, [121.0, 224.0, 684.0, 67.5], 6YeimVeuMl, 6534208]
[headline, [121.0, 291.5, 684.0, 67.5], 6YeimVeuMl, 6534208]
[headline, [121.0, 359.0, 684.0, 67.5], 6YeimVeuMl, 6534208]
[sidebar, [132.0, 676.0, 340.0, 36.0], 6juiZNDfme, 6534208]
[sidebar, [132.0, 712.0, 340.0, 36.0], 6juiZNDfme, 6534208]
[sidebar, [132.0, 748.0, 340.0, 36.0], 6juiZNDfme, 6534208]
[author, [266.0, 1037.0, 135.0, 36.0], VlGGaT8i-V, 6534208]
[paragraph, [910.0, 1207.0, 372.0, 36.0], sqle1Czg7s, 6534208]
[paragraph, [910.0, 1243.0, 372.0, 36.0], sqle1Czg7s, 6534208]
[paragraph, [910.0, 1279.0, 372.0, 36.0], sqle1Czg7s, 6534208]
[paragraph, [910.0, 1315.0, 372.0, 36.0], sqle1Czg7s, 6534208]
[paragraph, [910.0, 1351.0, 372.0, 36.0], sqle1Czg7s, 6534208]
[paragraph, [522.0, 1209.0, 367.0, 36.0], l0wK0NuvCk, 6534208]
[paragraph, [522.0, 1245.0, 367.0, 36.0], l0wK0NuvCk, 6534208]
[paragraph, [522.0, 1281.0, 367.0, 36.0], l0wK0NuvCk, 6534208]
[paragraph, [132.0, 1210.0, 335.0, 36.0], jU4_EEWS4o, 6534208]
[paragraph, [132.0, 1246.0, 335.0, 36.0], jU4_EEWS4o, 6534208]
[paragraph, [132.0, 1282.0, 335.0, 36.0], jU4_EEWS4o, 6534208]
[paragraph, [518.0, 1410.0, 370.0, 36.0], de-tOX3Kd8, 6534208]
[paragraph, [518.0, 1446.0, 370.0, 36.0], de-tOX3Kd8, 6534208]
[paragraph, [518.0, 1482.0, 370.0, 36.0], de-tOX3Kd8, 6534208]
[paragraph, [518.0, 1518.0, 370.0, 36.0], de-tOX3Kd8, 6534208]
[paragraph, [518.0, 1554.0, 370.0, 36.0], de-tOX3Kd8, 6534208]
[paragraph, [130.0, 1530.0, 331.0, 36.0], gExBPd8jmt, 6534208]
[paragraph, [130.0, 1566.0, 331.0, 36.0], gExBPd8jmt, 6534208]
[paragraph, [130.0, 1602.0, 331.0, 36.0], gExBPd8jmt, 6534208]
[paragraph, [130.0, 1638.0, 331.0, 36.0], gExBPd8jmt, 6534208]
[sidebar, [910.0, 1581.0, 321.0, 36.0], 1J5SO_Trld, 6534208]
[sidebar, [910.0, 1617.0, 321.0, 36.0], 1J5SO_Trld, 6534208]
[sidebar, [910.0, 1653.0, 321.0, 36.0], 1J5SO_Trld, 6534208]
[website-link, [164.0, 1855.0, 211.0, 18.0], L8gi4_ltn6, 6534208]
[website-link, [164.0, 1873.0, 211.0, 18.0], L8gi4_ltn6, 6534208]
