[663, 496]
[quote, [26.0, 28.0, 85.0, 18.0], 33rXe1mzba, 6534422]
[quote, [371.0, 32.0, 82.0, 18.0], ObJOj43Sr3, 6534422]
[quote, [371.0, 50.0, 82.0, 18.0], ObJOj43Sr3, 6534422]
[quote, [371.0, 68.0, 82.0, 18.0], ObJOj43Sr3, 6534422]
[quote, [217.0, 33.0, 94.0, 18.0], zBvHmxZR22, 6534422]
[quote, [37.0, 46.0, 92.0, 18.0], daW34t6A_h, 6534422]
[quote, [37.0, 64.0, 92.0, 18.0], daW34t6A_h, 6534422]
[quote, [145.0, 69.0, 55.0, 18.0], 81MDbNYOty, 6534422]
[quote, [389.0, 69.0, 64.0, 18.0], uetpsGglpi, 6534422]
[quote, [389.0, 87.0, 64.0, 18.0], uetpsGglpi, 6534422]
[quote, [27.0, 244.0, 429.0, 18.0], bX-aV8ABEs, 6534422]
[quote, [35.0, 266.0, 72.0, 18.0], 1Kl8Dafs_g, 6534422]
[quote, [35.0, 284.0, 72.0, 18.0], 1Kl8Dafs_g, 6534422]
[quote, [35.0, 302.0, 72.0, 18.0], 1Kl8Dafs_g, 6534422]
[quote, [29.0, 463.0, 173.0, 18.0], q-lU5DDtdy, 6534422]
[quote, [29.0, 481.0, 173.0, 18.0], q-lU5DDtdy, 6534422]
[quote, [259.0, 464.0, 140.0, 18.0], -67nshLKDv, 6534422]
[quote, [51.0, 483.0, 136.0, 18.0], liPrwUtosP, 6534422]
[quote, [51.0, 501.0, 136.0, 18.0], liPrwUtosP, 6534422]
[quote, [51.0, 519.0, 136.0, 18.0], liPrwUtosP, 6534422]
[quote, [277.0, 489.0, 114.0, 18.0], xjwO8CW38r, 6534422]
[quote, [277.0, 507.0, 114.0, 18.0], xjwO8CW38r, 6534422]
[quote, [277.0, 525.0, 114.0, 18.0], xjwO8CW38r, 6534422]
