[2000, 1414]
[flag, [457.0, 169.0, 534.0, 36.0], 7dnsY8qmDh, 6534394]
[flag, [457.0, 205.0, 534.0, 36.0], 7dnsY8qmDh, 6534394]
[flag, [457.0, 241.0, 534.0, 36.0], 7dnsY8qmDh, 6534394]
[flag, [457.0, 277.0, 534.0, 36.0], 7dnsY8qmDh, 6534394]
[flag, [457.0, 313.0, 534.0, 36.0], 7dnsY8qmDh, 6534394]
[flag, [457.0, 349.0, 534.0, 36.0], 7dnsY8qmDh, 6534394]
[headline, [109.0, 619.0, 866.0, 67.5], SqkFV8lDb4, 6534394]
[headline, [109.0, 686.5, 866.0, 67.5], SqkFV8lDb4, 6534394]
[section-title, [773.0, 923.0, 538.0, 52.5], gYALco3-ib, 6534394]
[section-title, [121.0, 928.0, 268.0, 52.5], B2h7nLZWFp, 6534394]
[paragraph, [766.0, 992.0, 564.0, 36.0], jjZNqC2SMp, 6534394]
[paragraph, [766.0, 1028.0, 564.0, 36.0], jjZNqC2SMp, 6534394]
[paragraph, [766.0, 1064.0, 564.0, 36.0], jjZNqC2SMp, 6534394]
[paragraph, [766.0, 1100.0, 564.0, 36.0], jjZNqC2SMp, 6534394]
[paragraph, [766.0, 1136.0, 564.0, 36.0], jjZNqC2SMp, 6534394]
[paragraph, [766.0, 1172.0, 564.0, 36.0], jjZNqC2SMp, 6534394]
[paragraph, [118.0, 997.0, 564.0, 36.0], w8ek3l8Z0C, 6534394]
[paragraph, [118.0, 1033.0, 564.0, 36.0], w8ek3l8Z0C, 6534394]
[paragraph, [118.0, 1069.0, 564.0, 36.0], w8ek3l8Z0C, 6534394]
[paragraph, [118.0, 1105.0, 564.0, 36.0], w8ek3l8Z0C, 6534394]
[paragraph, [118.0, 1141.0, 564.0, 36.0], w8ek3l8Z0C, 6534394]
[paragraph, [118.0, 1177.0, 564.0, 36.0], w8ek3l8Z0C, 6534394]
[section-title, [947.0, 1336.0, 270.0, 52.5], cL4PvKEE-I, 6534394]
[paragraph, [942.0, 1449.0, 377.0, 36.0], RyqlgvogLy, 6534394]
[paragraph, [942.0, 1485.0, 377.0, 36.0], RyqlgvogLy, 6534394]
[paragraph, [942.0, 1521.0, 377.0, 36.0], RyqlgvogLy, 6534394]
[paragraph, [942.0, 1557.0, 377.0, 36.0], RyqlgvogLy, 6534394]
[paragraph, [942.0, 1593.0, 377.0, 36.0], RyqlgvogLy, 6534394]
[paragraph, [942.0, 1629.0, 377.0, 36.0], RyqlgvogLy, 6534394]
[paragraph, [942.0, 1665.0, 377.0, 36.0], RyqlgvogLy, 6534394]
[folio, [161.0, 1850.0, 138.0, 36.0], shoonya_0sFL24X05SLB47, 6534394]
