[2000, 1414]
[folio, [130.0, 128.0, 84.0, 36.0], DsCByOnFv8, 6534431]
[headline, [134.0, 240.0, 795.0, 67.5], 7lLG16sNp9, 6534431]
[headline, [134.0, 307.5, 795.0, 67.5], 7lLG16sNp9, 6534431]
[section-title, [189.0, 676.0, 1046.0, 52.5], p_3YDzh3qn, 6534431]
[section-title, [189.0, 728.5, 1046.0, 52.5], p_3YDzh3qn, 6534431]
[paragraph, [728.0, 833.0, 560.0, 36.0], 2p-NIqoaf1, 6534431]
[paragraph, [728.0, 869.0, 560.0, 36.0], 2p-NIqoaf1, 6534431]
[paragraph, [129.0, 842.0, 554.0, 36.0], xUAV_s3fJS, 6534431]
[paragraph, [129.0, 878.0, 554.0, 36.0], xUAV_s3fJS, 6534431]
[paragraph, [731.0, 1097.0, 562.0, 36.0], 687YntRdFW, 6534431]
[paragraph, [731.0, 1133.0, 562.0, 36.0], 687YntRdFW, 6534431]
[website-link, [1030.0, 1823.0, 249.0, 18.0], _qXinUXc4V, 6534431]
