[2000, 1414]
[flag, [289.0, 77.0, 829.0, 36.0], SDZCeU8Qyy, 6534083]
[flag, [289.0, 113.0, 829.0, 36.0], SDZCeU8Qyy, 6534083]
[flag, [289.0, 149.0, 829.0, 36.0], SDZCeU8Qyy, 6534083]
[flag, [289.0, 185.0, 829.0, 36.0], SDZCeU8Qyy, 6534083]
[flag, [289.0, 221.0, 829.0, 36.0], SDZCeU8Qyy, 6534083]
[flag, [289.0, 257.0, 829.0, 36.0], SDZCeU8Qyy, 6534083]
[flag, [289.0, 293.0, 829.0, 36.0], SDZCeU8Qyy, 6534083]
[flag, [289.0, 329.0, 829.0, 36.0], SDZCeU8Qyy, 6534083]
[flag, [289.0, 365.0, 829.0, 36.0], SDZCeU8Qyy, 6534083]
[flag, [289.0, 401.0, 829.0, 36.0], SDZCeU8Qyy, 6534083]
[flag, [289.0, 437.0, 829.0, 36.0], SDZCeU8Qyy, 6534083]
[flag, [289.0, 473.0, 829.0, 36.0], SDZCeU8Qyy, 6534083]
[paragraph, [342.0, 564.0, 769.0, 36.0], cCD3vy-R-s, 6534083]
[paragraph, [342.0, 600.0, 769.0, 36.0], cCD3vy-R-s, 6534083]
[paragraph, [82.0, 744.0, 353.0, 36.0], z0I8_9MJzZ, 6534083]
[paragraph, [529.0, 751.0, 345.0, 36.0], S-2ubsazEZ, 6534083]
[paragraph, [981.0, 757.0, 347.0, 36.0], nd8IE_NRmb, 6534083]
[folio, [621.0, 1788.0, 164.0, 36.0], Az36zLznib, 6534083]
[website-link, [513.0, 1874.0, 384.0, 18.0], 3paUiIbqL3, 6534083]
[website-link, [513.0, 1892.0, 384.0, 18.0], 3paUiIbqL3, 6534083]
[website-link, [513.0, 1910.0, 384.0, 18.0], 3paUiIbqL3, 6534083]
