[2000, 1414]
[folio, [1069.0, 75.0, 266.0, 36.0], 05Q8jVMf11, 6534004]
[flag, [360.0, 148.0, 686.0, 36.0], XTP7wMhFjX, 6534004]
[flag, [360.0, 184.0, 686.0, 36.0], XTP7wMhFjX, 6534004]
[flag, [360.0, 220.0, 686.0, 36.0], XTP7wMhFjX, 6534004]
[flag, [360.0, 256.0, 686.0, 36.0], XTP7wMhFjX, 6534004]
[section-title, [464.0, 351.0, 476.0, 52.5], kQEWYSZmaI, 6534004]
[folio, [82.0, 1902.0, 178.0, 36.0], ys7a_HDmDy, 6534004]
[website-link, [1036.0, 1908.0, 291.0, 18.0], VgqQxpOISI, 6534004]
[website-link, [1036.0, 1926.0, 291.0, 18.0], VgqQxpOISI, 6534004]
