[2000, 1414]
[folio, [60.0, 74.0, 252.0, 36.0], 9np-Abc9W2, 6534296]
[folio, [1074.0, 79.0, 273.0, 36.0], jv7_MISzNZ, 6534296]
[flag, [326.0, 176.0, 765.0, 36.0], oPkllMJLC9, 6534296]
[flag, [326.0, 212.0, 765.0, 36.0], oPkllMJLC9, 6534296]
[flag, [326.0, 248.0, 765.0, 36.0], oPkllMJLC9, 6534296]
[flag, [326.0, 284.0, 765.0, 36.0], oPkllMJLC9, 6534296]
[flag, [326.0, 320.0, 765.0, 36.0], oPkllMJLC9, 6534296]
[flag, [326.0, 356.0, 765.0, 36.0], oPkllMJLC9, 6534296]
[flag, [326.0, 392.0, 765.0, 36.0], oPkllMJLC9, 6534296]
[flag, [326.0, 428.0, 765.0, 36.0], oPkllMJLC9, 6534296]
[flag, [326.0, 464.0, 765.0, 36.0], oPkllMJLC9, 6534296]
[flag, [326.0, 500.0, 765.0, 36.0], oPkllMJLC9, 6534296]
[flag, [326.0, 536.0, 765.0, 36.0], oPkllMJLC9, 6534296]
[author, [60.0, 1408.0, 394.0, 36.0], mZKYvDCF5s, 6534296]
[author, [60.0, 1444.0, 394.0, 36.0], mZKYvDCF5s, 6534296]
[paragraph, [56.0, 1491.0, 616.0, 36.0], Z1aYadBaEX, 6534296]
[paragraph, [56.0, 1527.0, 616.0, 36.0], Z1aYadBaEX, 6534296]
[paragraph, [56.0, 1563.0, 616.0, 36.0], Z1aYadBaEX, 6534296]
[paragraph, [56.0, 1599.0, 616.0, 36.0], Z1aYadBaEX, 6534296]
[paragraph, [820.0, 1858.0, 532.0, 36.0], je8QIvYaOl, 6534296]
