[792, 612]
[quote, [91.0, 94.0, 198.0, 18.0], shoonya_0s6AMIP0J1LN9N, 6534199]
[quote, [91.0, 112.0, 198.0, 18.0], shoonya_0s6AMIP0J1LN9N, 6534199]
[quote, [307.0, 94.0, 121.0, 18.0], S4t1dy6qjl, 6534199]
[quote, [312.0, 120.0, 126.0, 18.0], Gh2qcM_PEu, 6534199]
[quote, [312.0, 138.0, 126.0, 18.0], Gh2qcM_PEu, 6534199]
[quote, [312.0, 156.0, 126.0, 18.0], Gh2qcM_PEu, 6534199]
[quote, [88.0, 137.0, 151.0, 18.0], JQ3wgXh0gi, 6534199]
[quote, [88.0, 155.0, 151.0, 18.0], JQ3wgXh0gi, 6534199]
[quote, [91.0, 396.0, 194.0, 18.0], Hkt6BNv8bd, 6534199]
[quote, [91.0, 414.0, 194.0, 18.0], Hkt6BNv8bd, 6534199]
[quote, [311.0, 396.0, 204.0, 18.0], 1kCoxU0v0P, 6534199]
[quote, [412.0, 443.0, 103.0, 18.0], bsqsUfecxB, 6534199]
[quote, [412.0, 461.0, 103.0, 18.0], bsqsUfecxB, 6534199]
[quote, [412.0, 479.0, 103.0, 18.0], bsqsUfecxB, 6534199]
[quote, [193.0, 452.0, 97.0, 18.0], K8FBpOT8kU, 6534199]
[quote, [193.0, 470.0, 97.0, 18.0], K8FBpOT8kU, 6534199]
