[669, 485]
[quote, [85.0, 42.0, 122.0, 18.0], GFfG6NKVrB, 6533260]
[quote, [85.0, 60.0, 122.0, 18.0], GFfG6NKVrB, 6533260]
[quote, [85.0, 78.0, 122.0, 18.0], GFfG6NKVrB, 6533260]
[quote, [252.0, 45.0, 108.0, 18.0], fwdw48VEvt, 6533260]
[quote, [252.0, 63.0, 108.0, 18.0], fwdw48VEvt, 6533260]
[quote, [32.0, 229.0, 110.0, 18.0], Ua4UMqlo8u, 6533260]
[quote, [32.0, 247.0, 110.0, 18.0], Ua4UMqlo8u, 6533260]
[quote, [32.0, 265.0, 110.0, 18.0], Ua4UMqlo8u, 6533260]
[quote, [346.0, 234.0, 100.0, 18.0], xT3lIHarTa, 6533260]
[quote, [346.0, 252.0, 100.0, 18.0], xT3lIHarTa, 6533260]
[quote, [32.0, 399.0, 69.0, 18.0], 2IDOCCKG1B, 6533260]
[quote, [30.0, 447.0, 90.0, 18.0], s3gZtF4v7z, 6533260]
[quote, [30.0, 465.0, 90.0, 18.0], s3gZtF4v7z, 6533260]
[quote, [30.0, 483.0, 90.0, 18.0], s3gZtF4v7z, 6533260]
[quote, [30.0, 501.0, 90.0, 18.0], s3gZtF4v7z, 6533260]
