[2000, 1414]
[flag, [109.0, 590.0, 632.0, 36.0], HwOqMaVluu, 6533221]
[flag, [109.0, 626.0, 632.0, 36.0], HwOqMaVluu, 6533221]
[flag, [109.0, 662.0, 632.0, 36.0], HwOqMaVluu, 6533221]
[section-title, [270.0, 1003.0, 478.0, 52.5], _6KUybxnFa, 6533221]
[paragraph, [125.0, 1100.0, 1155.0, 36.0], gKi7ulL47l, 6533221]
[paragraph, [125.0, 1136.0, 1155.0, 36.0], gKi7ulL47l, 6533221]
[paragraph, [666.0, 1231.0, 620.0, 36.0], GnUZU7jc-9, 6533221]
[paragraph, [666.0, 1267.0, 620.0, 36.0], GnUZU7jc-9, 6533221]
[paragraph, [666.0, 1303.0, 620.0, 36.0], GnUZU7jc-9, 6533221]
[paragraph, [666.0, 1339.0, 620.0, 36.0], GnUZU7jc-9, 6533221]
[paragraph, [125.0, 1238.0, 509.0, 36.0], Zy8IlA4QT-, 6533221]
[paragraph, [125.0, 1274.0, 509.0, 36.0], Zy8IlA4QT-, 6533221]
[paragraph, [125.0, 1310.0, 509.0, 36.0], Zy8IlA4QT-, 6533221]
[paragraph, [125.0, 1346.0, 509.0, 36.0], Zy8IlA4QT-, 6533221]
[paragraph, [668.0, 1630.0, 620.0, 36.0], TgOCMSO81h, 6533221]
[paragraph, [668.0, 1666.0, 620.0, 36.0], TgOCMSO81h, 6533221]
[paragraph, [668.0, 1702.0, 620.0, 36.0], TgOCMSO81h, 6533221]
[website-link, [1018.0, 1823.0, 265.0, 18.0], bnRlus9931, 6533221]
[website-link, [1018.0, 1841.0, 265.0, 18.0], bnRlus9931, 6533221]
