[674, 487]
[quote, [33.0, 38.0, 412.0, 18.0], shoonya_0s57FI2W1DIX59, 6534487]
[quote, [76.0, 70.0, 123.0, 18.0], KR-Jdfvpqt, 6534487]
[quote, [76.0, 88.0, 123.0, 18.0], KR-Jdfvpqt, 6534487]
[quote, [257.0, 283.0, 114.0, 18.0], aNZ1gnTO9W, 6534487]
[quote, [257.0, 301.0, 114.0, 18.0], aNZ1gnTO9W, 6534487]
[quote, [384.0, 283.0, 58.0, 18.0], rNAcVEfzyK, 6534487]
[quote, [384.0, 301.0, 58.0, 18.0], rNAcVEfzyK, 6534487]
[quote, [32.0, 286.0, 204.0, 18.0], zvFdhF3J2S, 6534487]
[quote, [32.0, 304.0, 204.0, 18.0], zvFdhF3J2S, 6534487]
[quote, [212.0, 438.0, 191.0, 18.0], NmDRoFECXJ, 6534487]
[quote, [321.0, 460.0, 105.0, 18.0], 2V-kGS8JMY, 6534487]
[quote, [321.0, 478.0, 105.0, 18.0], 2V-kGS8JMY, 6534487]
[quote, [47.0, 474.0, 89.0, 18.0], eYGiSqcrxy, 6534487]
[quote, [42.0, 509.0, 102.0, 18.0], xAcRKR7QMd, 6534487]
[quote, [42.0, 527.0, 102.0, 18.0], xAcRKR7QMd, 6534487]
