[674, 487]
[quote, [39.0, 38.0, 419.0, 18.0], shoonya_0s9NNP39LXOF3C, 6534465]
[quote, [193.0, 184.0, 262.0, 18.0], ry2szRUrj9, 6534465]
[quote, [38.0, 185.0, 141.0, 18.0], ErHcZSfhl_, 6534465]
[quote, [38.0, 203.0, 141.0, 18.0], ErHcZSfhl_, 6534465]
[quote, [202.0, 218.0, 117.0, 18.0], DmsDyLkj0F, 6534465]
[quote, [364.0, 235.0, 96.0, 18.0], cn4UpaPsip, 6534465]
[quote, [364.0, 253.0, 96.0, 18.0], cn4UpaPsip, 6534465]
[quote, [364.0, 271.0, 96.0, 18.0], cn4UpaPsip, 6534465]
[quote, [193.0, 428.0, 176.0, 18.0], yKuNhs0IZl, 6534465]
[quote, [193.0, 446.0, 176.0, 18.0], yKuNhs0IZl, 6534465]
[quote, [39.0, 613.0, 337.0, 18.0], r-btrAyYsV, 6534465]
