[674, 487]
[figure-caption, [37.0, 30.0, 211.0, 18.0], _GVnNq-gQB, 6534307]
[quote, [36.0, 220.0, 79.0, 18.0], uugtCrTulT, 6534307]
[quote, [355.0, 223.0, 83.0, 18.0], ADsKfMY3fp, 6534307]
[quote, [355.0, 241.0, 83.0, 18.0], ADsKfMY3fp, 6534307]
[quote, [355.0, 259.0, 83.0, 18.0], ADsKfMY3fp, 6534307]
[quote, [355.0, 277.0, 83.0, 18.0], ADsKfMY3fp, 6534307]
[quote, [37.0, 409.0, 419.0, 18.0], f9eTA6RDwr, 6534307]
[quote, [37.0, 427.0, 419.0, 18.0], f9eTA6RDwr, 6534307]
[quote, [37.0, 445.0, 419.0, 18.0], f9eTA6RDwr, 6534307]
[quote, [37.0, 463.0, 419.0, 18.0], f9eTA6RDwr, 6534307]
[quote, [37.0, 481.0, 419.0, 18.0], f9eTA6RDwr, 6534307]
[quote, [37.0, 499.0, 419.0, 18.0], f9eTA6RDwr, 6534307]
[quote, [37.0, 517.0, 419.0, 18.0], f9eTA6RDwr, 6534307]
[quote, [37.0, 535.0, 419.0, 18.0], f9eTA6RDwr, 6534307]
[quote, [37.0, 553.0, 419.0, 18.0], f9eTA6RDwr, 6534307]
[quote, [37.0, 571.0, 419.0, 18.0], f9eTA6RDwr, 6534307]
[quote, [37.0, 589.0, 419.0, 18.0], f9eTA6RDwr, 6534307]
[quote, [37.0, 607.0, 419.0, 18.0], f9eTA6RDwr, 6534307]
[quote, [256.0, 414.0, 94.0, 18.0], KWEXJpNp03, 6534307]
[quote, [256.0, 432.0, 94.0, 18.0], KWEXJpNp03, 6534307]
[quote, [64.0, 426.0, 88.0, 18.0], shoonya_0sWTA77ZABF1JX, 6534307]
[quote, [64.0, 444.0, 88.0, 18.0], shoonya_0sWTA77ZABF1JX, 6534307]
[quote, [169.0, 475.0, 56.0, 18.0], y64LXhUmsh, 6534307]
[quote, [169.0, 493.0, 56.0, 18.0], y64LXhUmsh, 6534307]
