[657, 493]
[quote, [332.0, 112.0, 83.0, 18.0], 9fICkZMWOx, 6534437]
[quote, [332.0, 130.0, 83.0, 18.0], 9fICkZMWOx, 6534437]
[quote, [332.0, 148.0, 83.0, 18.0], 9fICkZMWOx, 6534437]
[quote, [130.0, 118.0, 141.0, 18.0], rijQbqUz3A, 6534437]
[quote, [130.0, 136.0, 141.0, 18.0], rijQbqUz3A, 6534437]
[quote, [130.0, 154.0, 141.0, 18.0], rijQbqUz3A, 6534437]
[quote, [159.0, 235.0, 113.0, 18.0], mhGKxELuVE, 6534437]
[quote, [159.0, 253.0, 113.0, 18.0], mhGKxELuVE, 6534437]
[quote, [193.0, 323.0, 263.0, 18.0], nhMxDZCa2G, 6534437]
[quote, [193.0, 341.0, 263.0, 18.0], nhMxDZCa2G, 6534437]
[quote, [37.0, 339.0, 88.0, 18.0], 2lYAFIQszL, 6534437]
[quote, [37.0, 357.0, 88.0, 18.0], 2lYAFIQszL, 6534437]
[quote, [37.0, 375.0, 88.0, 18.0], 2lYAFIQszL, 6534437]
[quote, [37.0, 393.0, 88.0, 18.0], 2lYAFIQszL, 6534437]
[quote, [309.0, 356.0, 51.0, 18.0], sGmX4nu9HU, 6534437]
[quote, [309.0, 374.0, 51.0, 18.0], sGmX4nu9HU, 6534437]
[quote, [309.0, 392.0, 51.0, 18.0], sGmX4nu9HU, 6534437]
[quote, [237.0, 361.0, 63.0, 18.0], 64e1jDplsz, 6534437]
[quote, [358.0, 370.0, 95.0, 18.0], fIlJsh_yOE, 6534437]
[quote, [358.0, 388.0, 95.0, 18.0], fIlJsh_yOE, 6534437]
[quote, [358.0, 406.0, 95.0, 18.0], fIlJsh_yOE, 6534437]
