[792, 612]
[quote, [308.0, 90.0, 97.0, 18.0], Yhs3qITile, 6534183]
[quote, [90.0, 94.0, 83.0, 18.0], krX0XVFM21, 6534183]
[quote, [229.0, 159.0, 66.0, 18.0], lIFPL5FtCL, 6534183]
[quote, [229.0, 177.0, 66.0, 18.0], lIFPL5FtCL, 6534183]
[quote, [149.0, 212.0, 103.0, 18.0], UWhpCAJ_zK, 6534183]
[quote, [328.0, 315.0, 94.0, 18.0], 1xuVfm3SUm, 6534183]
[quote, [328.0, 333.0, 94.0, 18.0], 1xuVfm3SUm, 6534183]
[quote, [328.0, 351.0, 94.0, 18.0], 1xuVfm3SUm, 6534183]
[quote, [328.0, 369.0, 94.0, 18.0], 1xuVfm3SUm, 6534183]
[quote, [90.0, 401.0, 94.0, 18.0], bDW5vnjRAW, 6534183]
[quote, [354.0, 622.0, 63.0, 18.0], 2SGgk0DTPW, 6534183]
[quote, [354.0, 640.0, 63.0, 18.0], 2SGgk0DTPW, 6534183]
[quote, [354.0, 658.0, 63.0, 18.0], 2SGgk0DTPW, 6534183]
[quote, [153.0, 636.0, 68.0, 18.0], T4fwKMMJ6R, 6534183]
[quote, [153.0, 654.0, 68.0, 18.0], T4fwKMMJ6R, 6534183]
