[657, 493]
[quote, [46.0, 136.0, 95.0, 18.0], jyKBj9pgyU, 6533409]
[quote, [356.0, 157.0, 92.0, 18.0], yWkzkZrM0f, 6533409]
[quote, [115.0, 262.0, 110.0, 18.0], TTJcgo2AUU, 6533409]
[quote, [115.0, 280.0, 110.0, 18.0], TTJcgo2AUU, 6533409]
[quote, [308.0, 279.0, 105.0, 18.0], OuYJM5R3jE, 6533409]
[quote, [349.0, 320.0, 103.0, 18.0], LrhAe315fV, 6533409]
[quote, [349.0, 338.0, 103.0, 18.0], LrhAe315fV, 6533409]
[quote, [349.0, 356.0, 103.0, 18.0], LrhAe315fV, 6533409]
[quote, [161.0, 343.0, 87.0, 18.0], 5l_gcNHBLf, 6533409]
[quote, [166.0, 390.0, 89.0, 18.0], n4S2zCbMMQ, 6533409]
[quote, [166.0, 408.0, 89.0, 18.0], n4S2zCbMMQ, 6533409]
