[657, 493]
[quote, [82.0, 108.0, 98.0, 18.0], shoonya_0sYPXY9AI3HHD4, 6533337]
[quote, [82.0, 126.0, 98.0, 18.0], shoonya_0sYPXY9AI3HHD4, 6533337]
[quote, [320.0, 115.0, 84.0, 18.0], oMJ39ZL8hI, 6533337]
[quote, [320.0, 133.0, 84.0, 18.0], oMJ39ZL8hI, 6533337]
[quote, [197.0, 116.0, 92.0, 18.0], qsOi1Xc2Tu, 6533337]
[quote, [197.0, 134.0, 92.0, 18.0], qsOi1Xc2Tu, 6533337]
[quote, [391.0, 174.0, 52.0, 18.0], wjHxsTcAXK, 6533337]
[quote, [373.0, 274.0, 78.0, 18.0], ghFDC5JMOd, 6533337]
[quote, [373.0, 292.0, 78.0, 18.0], ghFDC5JMOd, 6533337]
[quote, [220.0, 321.0, 231.0, 18.0], FlcvyB5td_, 6533337]
[quote, [100.0, 330.0, 88.0, 18.0], MWN30TsTwB, 6533337]
[quote, [100.0, 348.0, 88.0, 18.0], MWN30TsTwB, 6533337]
[quote, [350.0, 353.0, 92.0, 18.0], eS8FWizWVI, 6533337]
[quote, [350.0, 371.0, 92.0, 18.0], eS8FWizWVI, 6533337]
[quote, [41.0, 441.0, 87.0, 18.0], 0oPfRquXfD, 6533337]
[quote, [41.0, 459.0, 87.0, 18.0], 0oPfRquXfD, 6533337]
[quote, [28.0, 501.0, 240.0, 18.0], osCY1NqvOE, 6533337]
