[674, 487]
[figure-caption, [319.0, 30.0, 131.0, 18.0], PzqNNMEImV, 6533749]
[figure-caption, [33.0, 32.0, 192.0, 18.0], VsgBgMBU-N, 6533749]
[figure-caption, [33.0, 50.0, 192.0, 18.0], VsgBgMBU-N, 6533749]
[quote, [226.0, 32.0, 88.0, 18.0], U4ewYwQ1-3, 6533749]
[quote, [328.0, 61.0, 126.0, 18.0], YIFeuuODot, 6533749]
[quote, [328.0, 79.0, 126.0, 18.0], YIFeuuODot, 6533749]
[quote, [45.0, 199.0, 113.0, 18.0], ZzUx4Vzy4F, 6533749]
[quote, [45.0, 217.0, 113.0, 18.0], ZzUx4Vzy4F, 6533749]
[quote, [205.0, 406.0, 186.0, 18.0], GbZljygsGX, 6533749]
[quote, [205.0, 424.0, 186.0, 18.0], GbZljygsGX, 6533749]
[quote, [39.0, 413.0, 139.0, 18.0], 1ecJ98b1pk, 6533749]
[quote, [39.0, 431.0, 139.0, 18.0], 1ecJ98b1pk, 6533749]
