[674, 487]
[quote, [27.0, 40.0, 178.0, 18.0], shoonya_0sD0YR36T5WANW, 6534472]
[quote, [50.0, 64.0, 171.0, 18.0], 0fll4-xPvj, 6534472]
[quote, [50.0, 82.0, 171.0, 18.0], 0fll4-xPvj, 6534472]
[quote, [238.0, 76.0, 77.0, 18.0], _t6wdtFOR9, 6534472]
[quote, [238.0, 94.0, 77.0, 18.0], _t6wdtFOR9, 6534472]
[quote, [244.0, 230.0, 206.0, 18.0], -GqsOnIJbl, 6534472]
[quote, [310.0, 268.0, 122.0, 18.0], IBVu98RbJY, 6534472]
[quote, [310.0, 286.0, 122.0, 18.0], IBVu98RbJY, 6534472]
[quote, [310.0, 304.0, 122.0, 18.0], IBVu98RbJY, 6534472]
[quote, [28.0, 372.0, 159.0, 18.0], h29lRBu9Yv, 6534472]
[quote, [244.0, 402.0, 150.0, 18.0], eQ2XKOAHot, 6534472]
[quote, [135.0, 428.0, 85.0, 18.0], FrNWwCFf5S, 6534472]
[quote, [135.0, 446.0, 85.0, 18.0], FrNWwCFf5S, 6534472]
[quote, [135.0, 464.0, 85.0, 18.0], FrNWwCFf5S, 6534472]
[quote, [244.0, 433.0, 81.0, 18.0], D8yQ5aT8es, 6534472]
[quote, [244.0, 451.0, 81.0, 18.0], D8yQ5aT8es, 6534472]
[quote, [244.0, 469.0, 81.0, 18.0], D8yQ5aT8es, 6534472]
[quote, [355.0, 433.0, 67.0, 18.0], RaUlGtGNz3, 6534472]
[quote, [355.0, 451.0, 67.0, 18.0], RaUlGtGNz3, 6534472]
[quote, [355.0, 469.0, 67.0, 18.0], RaUlGtGNz3, 6534472]
[quote, [55.0, 566.0, 120.0, 18.0], mglUDSjjIU, 6534472]
[quote, [55.0, 584.0, 120.0, 18.0], mglUDSjjIU, 6534472]
