[2000, 1414]
[quote, [42.0, 141.0, 1309.0, 36.0], nAbTG2Jhux, 6534441]
[quote, [42.0, 177.0, 1309.0, 36.0], nAbTG2Jhux, 6534441]
[quote, [42.0, 213.0, 1309.0, 36.0], nAbTG2Jhux, 6534441]
[quote, [42.0, 249.0, 1309.0, 36.0], nAbTG2Jhux, 6534441]
[paragraph, [65.0, 1215.0, 375.0, 36.0], 91Ut3tkS39, 6534441]
[paragraph, [65.0, 1251.0, 375.0, 36.0], 91Ut3tkS39, 6534441]
[paragraph, [65.0, 1287.0, 375.0, 36.0], 91Ut3tkS39, 6534441]
[paragraph, [65.0, 1323.0, 375.0, 36.0], 91Ut3tkS39, 6534441]
[paragraph, [65.0, 1359.0, 375.0, 36.0], 91Ut3tkS39, 6534441]
[paragraph, [65.0, 1395.0, 375.0, 36.0], 91Ut3tkS39, 6534441]
[paragraph, [65.0, 1431.0, 375.0, 36.0], 91Ut3tkS39, 6534441]
[paragraph, [916.0, 1219.0, 384.0, 36.0], rytNMwws38, 6534441]
[paragraph, [916.0, 1255.0, 384.0, 36.0], rytNMwws38, 6534441]
[paragraph, [916.0, 1291.0, 384.0, 36.0], rytNMwws38, 6534441]
[paragraph, [916.0, 1327.0, 384.0, 36.0], rytNMwws38, 6534441]
[paragraph, [916.0, 1363.0, 384.0, 36.0], rytNMwws38, 6534441]
[paragraph, [916.0, 1399.0, 384.0, 36.0], rytNMwws38, 6534441]
[paragraph, [491.0, 1226.0, 385.0, 36.0], j3c4A_hBBh, 6534441]
[paragraph, [491.0, 1262.0, 385.0, 36.0], j3c4A_hBBh, 6534441]
[paragraph, [491.0, 1298.0, 385.0, 36.0], j3c4A_hBBh, 6534441]
[paragraph, [491.0, 1334.0, 385.0, 36.0], j3c4A_hBBh, 6534441]
[paragraph, [491.0, 1370.0, 385.0, 36.0], j3c4A_hBBh, 6534441]
[paragraph, [491.0, 1406.0, 385.0, 36.0], j3c4A_hBBh, 6534441]
[paragraph, [60.0, 1523.0, 399.0, 36.0], L_KxBXnSCI, 6534441]
[paragraph, [60.0, 1559.0, 399.0, 36.0], L_KxBXnSCI, 6534441]
[paragraph, [60.0, 1595.0, 399.0, 36.0], L_KxBXnSCI, 6534441]
[paragraph, [60.0, 1631.0, 399.0, 36.0], L_KxBXnSCI, 6534441]
[paragraph, [60.0, 1667.0, 399.0, 36.0], L_KxBXnSCI, 6534441]
[paragraph, [60.0, 1703.0, 399.0, 36.0], L_KxBXnSCI, 6534441]
[paragraph, [918.0, 1525.0, 415.0, 36.0], YxLAgWq_6A, 6534441]
[paragraph, [918.0, 1561.0, 415.0, 36.0], YxLAgWq_6A, 6534441]
[paragraph, [918.0, 1597.0, 415.0, 36.0], YxLAgWq_6A, 6534441]
[paragraph, [918.0, 1633.0, 415.0, 36.0], YxLAgWq_6A, 6534441]
[paragraph, [918.0, 1669.0, 415.0, 36.0], YxLAgWq_6A, 6534441]
[paragraph, [918.0, 1705.0, 415.0, 36.0], YxLAgWq_6A, 6534441]
[paragraph, [493.0, 1532.0, 389.0, 36.0], toX4DJegH9, 6534441]
[paragraph, [493.0, 1568.0, 389.0, 36.0], toX4DJegH9, 6534441]
[paragraph, [493.0, 1604.0, 389.0, 36.0], toX4DJegH9, 6534441]
[paragraph, [493.0, 1640.0, 389.0, 36.0], toX4DJegH9, 6534441]
[paragraph, [493.0, 1676.0, 389.0, 36.0], toX4DJegH9, 6534441]
[paragraph, [493.0, 1712.0, 389.0, 36.0], toX4DJegH9, 6534441]
