[674, 487]
[quote, [48.0, 27.0, 205.0, 18.0], _-a-A68fGr, 6534377]
[quote, [338.0, 33.0, 126.0, 18.0], shoonya_0s8ECYFFCIMDQN, 6534377]
[quote, [338.0, 51.0, 126.0, 18.0], shoonya_0s8ECYFFCIMDQN, 6534377]
[quote, [47.0, 58.0, 79.0, 18.0], Q73xe-pk_w, 6534377]
[quote, [211.0, 58.0, 77.0, 18.0], CwLc7zxOpG, 6534377]
[quote, [211.0, 76.0, 77.0, 18.0], CwLc7zxOpG, 6534377]
[quote, [164.0, 173.0, 113.0, 18.0], dlaAg2Z8Rm, 6534377]
[quote, [164.0, 191.0, 113.0, 18.0], dlaAg2Z8Rm, 6534377]
[quote, [40.0, 419.0, 191.0, 18.0], NWSqI_P33i, 6534377]
[quote, [259.0, 438.0, 149.0, 18.0], xr3tFJupS-, 6534377]
[quote, [259.0, 456.0, 149.0, 18.0], xr3tFJupS-, 6534377]
[quote, [73.0, 451.0, 142.0, 18.0], uuA2cTQV7E, 6534377]
[quote, [73.0, 469.0, 142.0, 18.0], uuA2cTQV7E, 6534377]
[quote, [258.0, 516.0, 79.0, 18.0], UDQv0aBlMR, 6534377]
[quote, [258.0, 534.0, 79.0, 18.0], UDQv0aBlMR, 6534377]
[quote, [258.0, 552.0, 79.0, 18.0], UDQv0aBlMR, 6534377]
[quote, [258.0, 570.0, 79.0, 18.0], UDQv0aBlMR, 6534377]
[quote, [38.0, 588.0, 133.0, 18.0], iX6q839ZC7, 6534377]
