[792, 612]
[quote, [239.0, 99.0, 126.0, 18.0], QnbNpzoeKw, 6533265]
[quote, [239.0, 117.0, 126.0, 18.0], QnbNpzoeKw, 6533265]
[quote, [388.0, 99.0, 123.0, 18.0], 2_Wd0xiA3O, 6533265]
[quote, [388.0, 117.0, 123.0, 18.0], 2_Wd0xiA3O, 6533265]
[quote, [388.0, 135.0, 123.0, 18.0], 2_Wd0xiA3O, 6533265]
[quote, [91.0, 309.0, 64.0, 18.0], s-mbHMJ-3Y, 6533265]
[quote, [91.0, 327.0, 64.0, 18.0], s-mbHMJ-3Y, 6533265]
[quote, [91.0, 345.0, 64.0, 18.0], s-mbHMJ-3Y, 6533265]
[quote, [91.0, 363.0, 64.0, 18.0], s-mbHMJ-3Y, 6533265]
[quote, [94.0, 403.0, 335.0, 18.0], 3iXJ9PZ1Y3, 6533265]
[quote, [223.0, 439.0, 137.0, 18.0], m4NA7pskUW, 6533265]
[quote, [223.0, 457.0, 137.0, 18.0], m4NA7pskUW, 6533265]
[quote, [223.0, 475.0, 137.0, 18.0], m4NA7pskUW, 6533265]
