[674, 487]
[quote, [29.0, 33.0, 117.0, 18.0], nqr58GsyiT, 6534415]
[quote, [190.0, 36.0, 103.0, 18.0], vDBYBmJ8bL, 6534415]
[quote, [190.0, 54.0, 103.0, 18.0], vDBYBmJ8bL, 6534415]
[quote, [190.0, 72.0, 103.0, 18.0], vDBYBmJ8bL, 6534415]
[quote, [190.0, 90.0, 103.0, 18.0], vDBYBmJ8bL, 6534415]
[quote, [304.0, 36.0, 111.0, 18.0], vcFeYQpLHG, 6534415]
[quote, [304.0, 54.0, 111.0, 18.0], vcFeYQpLHG, 6534415]
[quote, [304.0, 72.0, 111.0, 18.0], vcFeYQpLHG, 6534415]
[quote, [27.0, 223.0, 101.0, 18.0], nbaQTnv445, 6534415]
[quote, [314.0, 225.0, 119.0, 18.0], bWCApSuLtz, 6534415]
[quote, [314.0, 243.0, 119.0, 18.0], bWCApSuLtz, 6534415]
[quote, [135.0, 229.0, 91.0, 18.0], Cm6IGKN3a9, 6534415]
[quote, [135.0, 247.0, 91.0, 18.0], Cm6IGKN3a9, 6534415]
[quote, [135.0, 265.0, 91.0, 18.0], Cm6IGKN3a9, 6534415]
[quote, [122.0, 433.0, 180.0, 18.0], M-n5ahaaoR, 6534415]
[quote, [122.0, 451.0, 180.0, 18.0], M-n5ahaaoR, 6534415]
[quote, [122.0, 469.0, 180.0, 18.0], M-n5ahaaoR, 6534415]
