[663, 496]
[quote, [35.0, 38.0, 299.0, 18.0], JEkCKHWhO_, 6534252]
[quote, [94.0, 70.0, 75.0, 18.0], ahVv9JL_rK, 6534252]
[quote, [94.0, 88.0, 75.0, 18.0], ahVv9JL_rK, 6534252]
[quote, [161.0, 77.0, 110.0, 18.0], UvmnIXPwNT, 6534252]
[quote, [161.0, 95.0, 110.0, 18.0], UvmnIXPwNT, 6534252]
[quote, [161.0, 113.0, 110.0, 18.0], UvmnIXPwNT, 6534252]
[quote, [353.0, 328.0, 104.0, 18.0], nEZT91PWxO, 6534252]
[quote, [353.0, 346.0, 104.0, 18.0], nEZT91PWxO, 6534252]
[quote, [353.0, 364.0, 104.0, 18.0], nEZT91PWxO, 6534252]
[quote, [35.0, 333.0, 195.0, 18.0], UOKVkvx9nZ, 6534252]
