[657, 493]
[quote, [39.0, 116.0, 96.0, 18.0], VGenNO_2Eo, 6533187]
[quote, [39.0, 134.0, 96.0, 18.0], VGenNO_2Eo, 6533187]
[quote, [172.0, 116.0, 111.0, 18.0], vVFKS8bxPy, 6533187]
[quote, [172.0, 134.0, 111.0, 18.0], vVFKS8bxPy, 6533187]
[quote, [333.0, 132.0, 102.0, 18.0], 038BC376Ir, 6533187]
[quote, [333.0, 150.0, 102.0, 18.0], 038BC376Ir, 6533187]
[quote, [345.0, 250.0, 74.0, 18.0], jbkdYvfqUm, 6533187]
[quote, [402.0, 278.0, 60.0, 18.0], 467dYb0rNG, 6533187]
[quote, [375.0, 348.0, 80.0, 18.0], t5VJChNy9b, 6533187]
[quote, [375.0, 366.0, 80.0, 18.0], t5VJChNy9b, 6533187]
[quote, [54.0, 457.0, 134.0, 18.0], 9NhDTfDWt1, 6533187]
[quote, [54.0, 475.0, 134.0, 18.0], 9NhDTfDWt1, 6533187]
[quote, [54.0, 493.0, 134.0, 18.0], 9NhDTfDWt1, 6533187]
[quote, [288.0, 464.0, 100.0, 18.0], 7sLR8p9Bf_, 6533187]
[quote, [288.0, 482.0, 100.0, 18.0], 7sLR8p9Bf_, 6533187]
[quote, [288.0, 500.0, 100.0, 18.0], 7sLR8p9Bf_, 6533187]
