[669, 485]
[figure-caption, [29.0, 32.0, 221.0, 18.0], 36lQ6r2GH9, 6533622]
[figure-caption, [29.0, 50.0, 221.0, 18.0], 36lQ6r2GH9, 6533622]
[figure-caption, [262.0, 34.0, 142.0, 18.0], i6ViBRlNud, 6533622]
[quote, [34.0, 72.0, 98.0, 18.0], vUee7c_oW1, 6533622]
[quote, [34.0, 90.0, 98.0, 18.0], vUee7c_oW1, 6533622]
[quote, [34.0, 108.0, 98.0, 18.0], vUee7c_oW1, 6533622]
[quote, [34.0, 126.0, 98.0, 18.0], vUee7c_oW1, 6533622]
[quote, [276.0, 85.0, 111.0, 18.0], vOQFMXSB5X, 6533622]
[quote, [276.0, 103.0, 111.0, 18.0], vOQFMXSB5X, 6533622]
[quote, [276.0, 121.0, 111.0, 18.0], vOQFMXSB5X, 6533622]
[quote, [276.0, 139.0, 111.0, 18.0], vOQFMXSB5X, 6533622]
[quote, [299.0, 210.0, 63.0, 18.0], pxra2cP4Cy, 6533622]
[quote, [299.0, 228.0, 63.0, 18.0], pxra2cP4Cy, 6533622]
[quote, [299.0, 246.0, 63.0, 18.0], pxra2cP4Cy, 6533622]
[figure-caption, [19.0, 322.0, 77.0, 18.0], VvskIHJcS9, 6533622]
[quote, [253.0, 322.0, 129.0, 18.0], oE5cxoJqS1, 6533622]
[quote, [253.0, 340.0, 129.0, 18.0], oE5cxoJqS1, 6533622]
[quote, [34.0, 345.0, 43.0, 18.0], bJndLo9i1b, 6533622]
[quote, [85.0, 352.0, 91.0, 18.0], cXuFwdNY1D, 6533622]
[quote, [85.0, 370.0, 91.0, 18.0], cXuFwdNY1D, 6533622]
[quote, [85.0, 388.0, 91.0, 18.0], cXuFwdNY1D, 6533622]
