[697, 485]
[quote, [97.0, 49.0, 67.0, 18.0], shoonya_0sH2O1QMX7B61B, 6533675]
[quote, [289.0, 49.0, 38.0, 18.0], lIfEAfZXYy, 6533675]
[quote, [337.0, 95.0, 98.0, 18.0], o7qTmkrzRU, 6533675]
[quote, [337.0, 113.0, 98.0, 18.0], o7qTmkrzRU, 6533675]
[quote, [117.0, 235.0, 82.0, 18.0], 1qgHISwDB-, 6533675]
[quote, [298.0, 244.0, 102.0, 18.0], 6_KCD1YPPY, 6533675]
[quote, [298.0, 262.0, 102.0, 18.0], 6_KCD1YPPY, 6533675]
[quote, [154.0, 447.0, 88.0, 18.0], RHhy0--B8N, 6533675]
[quote, [154.0, 465.0, 88.0, 18.0], RHhy0--B8N, 6533675]
[quote, [320.0, 459.0, 47.0, 18.0], mf5LZMreZB, 6533675]
