[674, 487]
[figure-caption, [36.0, 32.0, 420.0, 18.0], AgV8x3tKiS, 6534184]
[quote, [156.0, 121.0, 33.0, 18.0], wkEcJC8n9q, 6534184]
[quote, [359.0, 129.0, 49.0, 18.0], fUpdKQsq98, 6534184]
[quote, [247.0, 144.0, 33.0, 18.0], mPTRKzhZ7_, 6534184]
[quote, [299.0, 202.0, 51.0, 18.0], 4TePhekUHx, 6534184]
[figure-caption, [37.0, 248.0, 334.0, 18.0], 6oi-_HFHDK, 6534184]
[figure-caption, [32.0, 276.0, 243.0, 18.0], fRY50VkZMV, 6534184]
[quote, [302.0, 278.0, 108.0, 18.0], JMwDrCBRsg, 6534184]
[quote, [302.0, 296.0, 108.0, 18.0], JMwDrCBRsg, 6534184]
[quote, [154.0, 302.0, 102.0, 18.0], XoPaqyUGUk, 6534184]
[quote, [154.0, 320.0, 102.0, 18.0], XoPaqyUGUk, 6534184]
[quote, [50.0, 303.0, 66.0, 18.0], uNLu2X1BQU, 6534184]
[quote, [50.0, 321.0, 66.0, 18.0], uNLu2X1BQU, 6534184]
[quote, [297.0, 424.0, 42.0, 18.0], Mc8Zu9X4Nw, 6534184]
[quote, [169.0, 484.0, 109.0, 18.0], RlDuKFZF7I, 6534184]
[quote, [53.0, 487.0, 54.0, 18.0], -5Gm1ICIrp, 6534184]
[quote, [379.0, 510.0, 76.0, 18.0], YbvRHGA_bG, 6534184]
[quote, [379.0, 528.0, 76.0, 18.0], YbvRHGA_bG, 6534184]
