[657, 493]
[figure-caption, [267.0, 109.0, 198.0, 18.0], dA1pFb-IzF, 6533620]
[quote, [36.0, 110.0, 112.0, 18.0], gFnG-xv9Yz, 6533620]
[quote, [36.0, 128.0, 112.0, 18.0], gFnG-xv9Yz, 6533620]
[quote, [36.0, 146.0, 112.0, 18.0], gFnG-xv9Yz, 6533620]
[quote, [36.0, 164.0, 112.0, 18.0], gFnG-xv9Yz, 6533620]
[quote, [333.0, 150.0, 93.0, 18.0], USDFw22oSE, 6533620]
[quote, [333.0, 168.0, 93.0, 18.0], USDFw22oSE, 6533620]
[quote, [312.0, 261.0, 85.0, 18.0], rJ-SoFpaxc, 6533620]
[quote, [312.0, 279.0, 85.0, 18.0], rJ-SoFpaxc, 6533620]
[figure-caption, [205.0, 315.0, 255.0, 18.0], SgJ4PldIYH, 6533620]
[quote, [35.0, 330.0, 92.0, 18.0], w4BvirGWfi, 6533620]
[quote, [35.0, 348.0, 92.0, 18.0], w4BvirGWfi, 6533620]
[quote, [202.0, 350.0, 136.0, 18.0], aS2xpo5GY4, 6533620]
[quote, [202.0, 368.0, 136.0, 18.0], aS2xpo5GY4, 6533620]
[quote, [202.0, 386.0, 136.0, 18.0], aS2xpo5GY4, 6533620]
[quote, [202.0, 404.0, 136.0, 18.0], aS2xpo5GY4, 6533620]
[quote, [134.0, 472.0, 121.0, 18.0], hz0D4UiYKG, 6533620]
[quote, [134.0, 490.0, 121.0, 18.0], hz0D4UiYKG, 6533620]
