[674, 487]
[paragraph, [34.0, 36.0, 420.0, 18.0], shoonya_0s5SDGZWBH2871, 6533938]
[quote, [232.0, 67.0, 184.0, 18.0], AwDAB5kn6f, 6533938]
[quote, [60.0, 91.0, 96.0, 18.0], 56Ew6HmLm4, 6533938]
[quote, [60.0, 109.0, 96.0, 18.0], 56Ew6HmLm4, 6533938]
[quote, [366.0, 142.0, 87.0, 18.0], di7Msjz4Oq, 6533938]
[quote, [366.0, 160.0, 87.0, 18.0], di7Msjz4Oq, 6533938]
[quote, [366.0, 178.0, 87.0, 18.0], di7Msjz4Oq, 6533938]
[quote, [366.0, 196.0, 87.0, 18.0], di7Msjz4Oq, 6533938]
[quote, [366.0, 214.0, 87.0, 18.0], di7Msjz4Oq, 6533938]
[quote, [203.0, 283.0, 164.0, 18.0], oXZ853tSZ8, 6533938]
[quote, [353.0, 467.0, 57.0, 18.0], w5iK5kCp6i, 6533938]
[quote, [248.0, 500.0, 54.0, 18.0], Wl7fpf1-ft, 6533938]
[figure-caption, [36.0, 608.0, 341.0, 18.0], x-llClq-Z8, 6533938]
