[792, 612]
[quote, [364.0, 107.0, 69.0, 18.0], ikpl3CZ_zh, 6534440]
[quote, [364.0, 125.0, 69.0, 18.0], ikpl3CZ_zh, 6534440]
[quote, [243.0, 123.0, 59.0, 18.0], 2C0LX41xGa, 6534440]
[quote, [310.0, 137.0, 69.0, 18.0], erzedN9qHE, 6534440]
[quote, [310.0, 173.0, 69.0, 18.0], erzedN9qHE, 6534440]
[quote, [89.0, 181.0, 74.0, 18.0], CX5pJ7czC1, 6534440]
[quote, [89.0, 199.0, 74.0, 18.0], CX5pJ7czC1, 6534440]
[quote, [89.0, 217.0, 74.0, 18.0], CX5pJ7czC1, 6534440]
[quote, [337.0, 395.0, 104.0, 18.0], R5CqfbGJkr, 6534440]
[quote, [337.0, 413.0, 104.0, 18.0], R5CqfbGJkr, 6534440]
[quote, [337.0, 431.0, 104.0, 18.0], R5CqfbGJkr, 6534440]
[quote, [116.0, 397.0, 127.0, 18.0], wNv6B8t1_P, 6534440]
[quote, [116.0, 415.0, 127.0, 18.0], wNv6B8t1_P, 6534440]
[quote, [116.0, 433.0, 127.0, 18.0], wNv6B8t1_P, 6534440]
[quote, [97.0, 437.0, 104.0, 18.0], VUpZnM64oC, 6534440]
[quote, [97.0, 455.0, 104.0, 18.0], VUpZnM64oC, 6534440]
[quote, [97.0, 473.0, 104.0, 18.0], VUpZnM64oC, 6534440]
[quote, [289.0, 552.0, 71.0, 18.0], PtYusvO0v6, 6534440]
[quote, [289.0, 570.0, 71.0, 18.0], PtYusvO0v6, 6534440]
