[663, 496]
[figure-caption, [29.0, 33.0, 209.0, 18.0], CuVnF9bd4g, 6533755]
[figure-caption, [251.0, 33.0, 167.0, 18.0], E-vxdMMNUn, 6533755]
[quote, [117.0, 46.0, 129.0, 18.0], 9jCtPASzp3, 6533755]
[quote, [117.0, 64.0, 129.0, 18.0], 9jCtPASzp3, 6533755]
[figure-caption, [256.0, 196.0, 198.0, 18.0], WcTs5WZOR7, 6533755]
[figure-caption, [27.0, 227.0, 181.0, 18.0], EELT9xXxhO, 6533755]
[quote, [250.0, 230.0, 81.0, 18.0], hr4w0xrgiq, 6533755]
[quote, [82.0, 245.0, 108.0, 18.0], sIORFD1PzI, 6533755]
[quote, [82.0, 263.0, 108.0, 18.0], sIORFD1PzI, 6533755]
[figure-caption, [32.0, 438.0, 234.0, 18.0], -612WgulYZ, 6533755]
[quote, [286.0, 438.0, 95.0, 18.0], ajquIJXS8e, 6533755]
[quote, [286.0, 456.0, 95.0, 18.0], ajquIJXS8e, 6533755]
[quote, [62.0, 456.0, 131.0, 18.0], EGufKZnc2y, 6533755]
[quote, [62.0, 474.0, 131.0, 18.0], EGufKZnc2y, 6533755]
[quote, [179.0, 496.0, 39.0, 18.0], 4OMmY2N2C3, 6533755]
