[669, 485]
[paragraph, [23.0, 36.0, 138.0, 18.0], 4uBJturl10, 6533394]
[quote, [334.0, 55.0, 111.0, 18.0], ZphdDPV3Za, 6533394]
[quote, [334.0, 73.0, 111.0, 18.0], ZphdDPV3Za, 6533394]
[quote, [334.0, 91.0, 111.0, 18.0], ZphdDPV3Za, 6533394]
[quote, [38.0, 76.0, 98.0, 18.0], zKxk6KN1qk, 6533394]
[quote, [38.0, 94.0, 98.0, 18.0], zKxk6KN1qk, 6533394]
[quote, [38.0, 112.0, 98.0, 18.0], zKxk6KN1qk, 6533394]
[quote, [38.0, 130.0, 98.0, 18.0], zKxk6KN1qk, 6533394]
[quote, [205.0, 89.0, 87.0, 18.0], 8oZJCue_3R, 6533394]
[quote, [205.0, 107.0, 87.0, 18.0], 8oZJCue_3R, 6533394]
[paragraph, [267.0, 348.0, 124.0, 18.0], 5qGy-NFMUR, 6533394]
[quote, [337.0, 367.0, 79.0, 18.0], QztxOZ2-vj, 6533394]
[quote, [337.0, 385.0, 79.0, 18.0], QztxOZ2-vj, 6533394]
[quote, [23.0, 376.0, 97.0, 18.0], L01elSFozm, 6533394]
[quote, [23.0, 394.0, 97.0, 18.0], L01elSFozm, 6533394]
[quote, [23.0, 412.0, 97.0, 18.0], L01elSFozm, 6533394]
[quote, [23.0, 430.0, 97.0, 18.0], L01elSFozm, 6533394]
