[792, 612]
[figure-caption, [89.0, 95.0, 193.0, 18.0], shoonya_0sOVN0H3UR3WHN, 6534313]
[quote, [191.0, 123.0, 91.0, 18.0], tuSO1Kz3PJ, 6534313]
[quote, [325.0, 124.0, 92.0, 18.0], wDdu6TOAOP, 6534313]
[quote, [402.0, 245.0, 93.0, 18.0], uXHSBB7H1e, 6534313]
[quote, [402.0, 263.0, 93.0, 18.0], uXHSBB7H1e, 6534313]
[quote, [402.0, 281.0, 93.0, 18.0], uXHSBB7H1e, 6534313]
[figure-caption, [92.0, 398.0, 93.0, 18.0], Let6ASWhPm, 6534313]
[quote, [246.0, 402.0, 133.0, 18.0], khx8bZc57D, 6534313]
[quote, [246.0, 420.0, 133.0, 18.0], khx8bZc57D, 6534313]
[quote, [246.0, 438.0, 133.0, 18.0], khx8bZc57D, 6534313]
