[669, 485]
[quote, [347.0, 34.0, 98.0, 18.0], 1QQKOOVjOm, 6534477]
[quote, [347.0, 52.0, 98.0, 18.0], 1QQKOOVjOm, 6534477]
[quote, [347.0, 70.0, 98.0, 18.0], 1QQKOOVjOm, 6534477]
[quote, [31.0, 63.0, 93.0, 18.0], shoonya_0sJYTNJFC9RU6S, 6534477]
[quote, [31.0, 81.0, 93.0, 18.0], shoonya_0sJYTNJFC9RU6S, 6534477]
[quote, [31.0, 99.0, 93.0, 18.0], shoonya_0sJYTNJFC9RU6S, 6534477]
[quote, [136.0, 69.0, 72.0, 18.0], sT1h9XOxxw, 6534477]
[quote, [136.0, 87.0, 72.0, 18.0], sT1h9XOxxw, 6534477]
[quote, [136.0, 105.0, 72.0, 18.0], sT1h9XOxxw, 6534477]
[quote, [104.0, 280.0, 54.0, 18.0], TJJ1Bge8jA, 6534477]
[quote, [25.0, 432.0, 123.0, 18.0], rzvmbW7k6b, 6534477]
[quote, [25.0, 450.0, 123.0, 18.0], rzvmbW7k6b, 6534477]
[quote, [25.0, 468.0, 123.0, 18.0], rzvmbW7k6b, 6534477]
[quote, [25.0, 486.0, 123.0, 18.0], rzvmbW7k6b, 6534477]
[quote, [344.0, 457.0, 60.0, 18.0], 2EKCAmwV7V, 6534477]
[quote, [344.0, 475.0, 60.0, 18.0], 2EKCAmwV7V, 6534477]
