[674, 487]
[figure-caption, [31.0, 36.0, 112.0, 18.0], UkOomMpNUn, 6533682]
[figure-caption, [159.0, 36.0, 79.0, 18.0], vEqtbOb13R, 6533682]
[figure-caption, [28.0, 244.0, 222.0, 18.0], -SWgqKd_wz, 6533682]
[figure-caption, [251.0, 244.0, 197.0, 18.0], Cx-VbCefGL, 6533682]
[quote, [253.0, 271.0, 135.0, 18.0], JmB5GGpida, 6533682]
[quote, [253.0, 289.0, 135.0, 18.0], JmB5GGpida, 6533682]
[quote, [100.0, 450.0, 137.0, 18.0], e-tDwmZ10r, 6533682]
[quote, [100.0, 468.0, 137.0, 18.0], e-tDwmZ10r, 6533682]
[quote, [284.0, 460.0, 82.0, 18.0], mSPxg2yP7k, 6533682]
[quote, [284.0, 478.0, 82.0, 18.0], mSPxg2yP7k, 6533682]
[quote, [42.0, 504.0, 105.0, 18.0], T8UEGbMXkW, 6533682]
[quote, [42.0, 522.0, 105.0, 18.0], T8UEGbMXkW, 6533682]
