[669, 485]
[figure-caption, [30.0, 31.0, 202.0, 18.0], olIlBE2Fg1, 6534202]
[figure-caption, [30.0, 49.0, 202.0, 18.0], olIlBE2Fg1, 6534202]
[quote, [360.0, 76.0, 51.0, 18.0], nE64dP-wPE, 6534202]
[quote, [34.0, 277.0, 76.0, 18.0], qQ_z8UiWgP, 6534202]
[quote, [34.0, 295.0, 76.0, 18.0], qQ_z8UiWgP, 6534202]
[quote, [348.0, 277.0, 87.0, 18.0], lzqr0nUwB_, 6534202]
[quote, [348.0, 295.0, 87.0, 18.0], lzqr0nUwB_, 6534202]
[quote, [348.0, 313.0, 87.0, 18.0], lzqr0nUwB_, 6534202]
[quote, [348.0, 331.0, 87.0, 18.0], lzqr0nUwB_, 6534202]
[figure-caption, [211.0, 431.0, 117.0, 18.0], 7Hx_kB_VBh, 6534202]
[quote, [96.0, 435.0, 79.0, 18.0], SZpYLfzSz0, 6534202]
[quote, [96.0, 453.0, 79.0, 18.0], SZpYLfzSz0, 6534202]
[quote, [379.0, 459.0, 61.0, 18.0], L3ZAKtoMne, 6534202]
[quote, [379.0, 477.0, 61.0, 18.0], L3ZAKtoMne, 6534202]
