[657, 493]
[quote, [57.0, 89.0, 130.0, 18.0], q_JUHvyV-n, 6534429]
[quote, [57.0, 107.0, 130.0, 18.0], q_JUHvyV-n, 6534429]
[quote, [57.0, 125.0, 130.0, 18.0], q_JUHvyV-n, 6534429]
[quote, [231.0, 89.0, 168.0, 18.0], SjtyW7W6HY, 6534429]
[quote, [318.0, 417.0, 142.0, 18.0], 6ubWpXTVMi, 6534429]
[quote, [318.0, 435.0, 142.0, 18.0], 6ubWpXTVMi, 6534429]
[quote, [318.0, 453.0, 142.0, 18.0], 6ubWpXTVMi, 6534429]
[quote, [67.0, 422.0, 129.0, 18.0], brF6ZydeP3, 6534429]
[quote, [67.0, 440.0, 129.0, 18.0], brF6ZydeP3, 6534429]
[quote, [67.0, 458.0, 129.0, 18.0], brF6ZydeP3, 6534429]
