[697, 485]
[quote, [334.0, 53.0, 89.0, 18.0], 9bleTQOfvm, 6534318]
[quote, [334.0, 71.0, 89.0, 18.0], 9bleTQOfvm, 6534318]
[quote, [334.0, 89.0, 89.0, 18.0], 9bleTQOfvm, 6534318]
[quote, [76.0, 57.0, 122.0, 18.0], uKKOjOl1-U, 6534318]
[quote, [76.0, 75.0, 122.0, 18.0], uKKOjOl1-U, 6534318]
[quote, [321.0, 218.0, 71.0, 18.0], QsOkJGVO0J, 6534318]
[quote, [356.0, 270.0, 79.0, 18.0], CIJ1HCTjwg, 6534318]
[quote, [356.0, 288.0, 79.0, 18.0], CIJ1HCTjwg, 6534318]
[quote, [121.0, 272.0, 116.0, 18.0], oAYqUQ24zC, 6534318]
[quote, [121.0, 290.0, 116.0, 18.0], oAYqUQ24zC, 6534318]
[subsub-ordered-list, [263.0, 466.0, 79.0, 18.0], yve1QT-PlJ, 6534318]
[subsub-ordered-list, [263.0, 484.0, 79.0, 18.0], yve1QT-PlJ, 6534318]
