[2000, 1414]
[quote, [859.0, 708.0, 431.0, 36.0], mF4opNgJe7, 6533906]
[quote, [859.0, 744.0, 431.0, 36.0], mF4opNgJe7, 6533906]
[quote, [859.0, 780.0, 431.0, 36.0], mF4opNgJe7, 6533906]
[quote, [859.0, 816.0, 431.0, 36.0], mF4opNgJe7, 6533906]
[paragraph, [844.0, 1100.0, 441.0, 36.0], XuUgZVikvd, 6533906]
[paragraph, [844.0, 1136.0, 441.0, 36.0], XuUgZVikvd, 6533906]
[paragraph, [844.0, 1172.0, 441.0, 36.0], XuUgZVikvd, 6533906]
[paragraph, [844.0, 1208.0, 441.0, 36.0], XuUgZVikvd, 6533906]
[flag, [397.0, 1544.0, 622.0, 36.0], fY6EUtBMDx, 6533906]
[flag, [397.0, 1580.0, 622.0, 36.0], fY6EUtBMDx, 6533906]
[flag, [397.0, 1616.0, 622.0, 36.0], fY6EUtBMDx, 6533906]
[flag, [397.0, 1652.0, 622.0, 36.0], fY6EUtBMDx, 6533906]
[flag, [397.0, 1688.0, 622.0, 36.0], fY6EUtBMDx, 6533906]
[flag, [397.0, 1724.0, 622.0, 36.0], fY6EUtBMDx, 6533906]
[flag, [397.0, 1760.0, 622.0, 36.0], fY6EUtBMDx, 6533906]
[flag, [397.0, 1796.0, 622.0, 36.0], fY6EUtBMDx, 6533906]
[website-link, [1003.0, 1810.0, 304.0, 18.0], 2r1RGhXlAs, 6533906]
[website-link, [1003.0, 1828.0, 304.0, 18.0], 2r1RGhXlAs, 6533906]
[website-link, [1003.0, 1846.0, 304.0, 18.0], 2r1RGhXlAs, 6533906]
