[674, 487]
[figure-caption, [29.0, 28.0, 279.0, 18.0], eaHdngAOWr, 6534303]
[figure-caption, [33.0, 202.0, 418.0, 18.0], SPDKYT9qYx, 6534303]
[quote, [99.0, 440.0, 148.0, 18.0], 8KtLJu2LKC, 6534303]
[quote, [99.0, 458.0, 148.0, 18.0], 8KtLJu2LKC, 6534303]
[quote, [328.0, 454.0, 91.0, 18.0], YFv0Q1r_gX, 6534303]
[quote, [328.0, 472.0, 91.0, 18.0], YFv0Q1r_gX, 6534303]
[quote, [328.0, 490.0, 91.0, 18.0], YFv0Q1r_gX, 6534303]
[quote, [51.0, 481.0, 66.0, 18.0], YR7_uOMPXa, 6534303]
[quote, [288.0, 504.0, 82.0, 18.0], WcnXTHSEuj, 6534303]
[quote, [288.0, 522.0, 82.0, 18.0], WcnXTHSEuj, 6534303]
