[663, 496]
[quote, [27.0, 38.0, 297.0, 18.0], 4s_AKreTiW, 6534454]
[quote, [122.0, 52.0, 80.0, 18.0], mXmQETDtf3, 6534454]
[quote, [122.0, 70.0, 80.0, 18.0], mXmQETDtf3, 6534454]
[quote, [247.0, 52.0, 136.0, 18.0], UfUq9RK_PU, 6534454]
[quote, [247.0, 70.0, 136.0, 18.0], UfUq9RK_PU, 6534454]
[quote, [27.0, 77.0, 77.0, 18.0], Y2nf0rpIco, 6534454]
[quote, [27.0, 95.0, 77.0, 18.0], Y2nf0rpIco, 6534454]
[quote, [398.0, 103.0, 60.0, 18.0], J5uqIOLJS_, 6534454]
[quote, [398.0, 121.0, 60.0, 18.0], J5uqIOLJS_, 6534454]
[quote, [34.0, 241.0, 416.0, 18.0], 83VOKEMDKU, 6534454]
[quote, [31.0, 255.0, 168.0, 18.0], duSxC19lO1, 6534454]
[quote, [31.0, 273.0, 168.0, 18.0], duSxC19lO1, 6534454]
[quote, [31.0, 291.0, 168.0, 18.0], duSxC19lO1, 6534454]
[quote, [197.0, 255.0, 78.0, 18.0], hUcxPzlgic, 6534454]
[quote, [197.0, 273.0, 78.0, 18.0], hUcxPzlgic, 6534454]
[quote, [325.0, 256.0, 126.0, 18.0], Bul22XjdpV, 6534454]
[quote, [325.0, 274.0, 126.0, 18.0], Bul22XjdpV, 6534454]
[quote, [325.0, 292.0, 126.0, 18.0], Bul22XjdpV, 6534454]
[quote, [29.0, 421.0, 183.0, 18.0], W8prfoMf23, 6534454]
[quote, [32.0, 441.0, 121.0, 18.0], c3T1mhHMzP, 6534454]
[quote, [32.0, 459.0, 121.0, 18.0], c3T1mhHMzP, 6534454]
