[792, 612]
[paragraph, [91.0, 100.0, 168.0, 18.0], R3HHyEKa6d, 6534200]
[paragraph, [91.0, 118.0, 168.0, 18.0], R3HHyEKa6d, 6534200]
[quote, [276.0, 100.0, 83.0, 18.0], 3Ydinhz7sO, 6534200]
[quote, [276.0, 118.0, 83.0, 18.0], 3Ydinhz7sO, 6534200]
[quote, [276.0, 136.0, 83.0, 18.0], 3Ydinhz7sO, 6534200]
[quote, [223.0, 306.0, 133.0, 18.0], shoonya_0sS33SUSYOPL82, 6534200]
[quote, [223.0, 324.0, 133.0, 18.0], shoonya_0sS33SUSYOPL82, 6534200]
[figure-caption, [311.0, 496.0, 204.0, 18.0], 1uAVuppPXP, 6534200]
[figure-caption, [311.0, 514.0, 204.0, 18.0], 1uAVuppPXP, 6534200]
[quote, [194.0, 504.0, 93.0, 18.0], VNYansXwMe, 6534200]
[quote, [194.0, 522.0, 93.0, 18.0], VNYansXwMe, 6534200]
[quote, [393.0, 534.0, 114.0, 18.0], ztO-eV7WPn, 6534200]
[quote, [393.0, 552.0, 114.0, 18.0], ztO-eV7WPn, 6534200]
[quote, [393.0, 570.0, 114.0, 18.0], ztO-eV7WPn, 6534200]
