[663, 496]
[quote, [34.0, 37.0, 230.0, 18.0], shoonya_0s0LNJU1NXJFWD, 6534468]
[quote, [357.0, 58.0, 99.0, 18.0], eN4BaHHExj, 6534468]
[quote, [357.0, 76.0, 99.0, 18.0], eN4BaHHExj, 6534468]
[quote, [357.0, 94.0, 99.0, 18.0], eN4BaHHExj, 6534468]
[quote, [154.0, 66.0, 116.0, 18.0], AWEbFwWOy8, 6534468]
[quote, [154.0, 84.0, 116.0, 18.0], AWEbFwWOy8, 6534468]
[quote, [40.0, 77.0, 106.0, 18.0], BL86rRczCu, 6534468]
[quote, [40.0, 95.0, 106.0, 18.0], BL86rRczCu, 6534468]
[quote, [38.0, 239.0, 227.0, 18.0], 391hWzF5w_, 6534468]
[quote, [205.0, 256.0, 71.0, 18.0], nc2SWhRBh6, 6534468]
[quote, [38.0, 276.0, 112.0, 18.0], -JJhpyM_IT, 6534468]
[quote, [38.0, 294.0, 112.0, 18.0], -JJhpyM_IT, 6534468]
[quote, [313.0, 444.0, 98.0, 18.0], nZj3Bi4rpx, 6534468]
[quote, [313.0, 462.0, 98.0, 18.0], nZj3Bi4rpx, 6534468]
[quote, [36.0, 447.0, 188.0, 18.0], DCMMxNcY59, 6534468]
[quote, [46.0, 475.0, 117.0, 18.0], FF8pjtLUE1, 6534468]
[quote, [238.0, 602.0, 159.0, 18.0], kujppEhxcM, 6534468]
