[2000, 1414]
[author, [602.0, 157.0, 223.0, 36.0], 1tWw2Jbn7l, 6533496]
[flag, [274.0, 1107.0, 901.0, 36.0], vl8NDE_MTX, 6533496]
[flag, [274.0, 1143.0, 901.0, 36.0], vl8NDE_MTX, 6533496]
[flag, [274.0, 1179.0, 901.0, 36.0], vl8NDE_MTX, 6533496]
[flag, [274.0, 1215.0, 901.0, 36.0], vl8NDE_MTX, 6533496]
[paragraph, [928.0, 1592.0, 372.0, 36.0], -wGqmXnzCr, 6533496]
[paragraph, [928.0, 1628.0, 372.0, 36.0], -wGqmXnzCr, 6533496]
[paragraph, [928.0, 1664.0, 372.0, 36.0], -wGqmXnzCr, 6533496]
[paragraph, [928.0, 1700.0, 372.0, 36.0], -wGqmXnzCr, 6533496]
[paragraph, [501.0, 1601.0, 363.0, 36.0], Jy1HlTFT5G, 6533496]
[paragraph, [501.0, 1637.0, 363.0, 36.0], Jy1HlTFT5G, 6533496]
[paragraph, [501.0, 1673.0, 363.0, 36.0], Jy1HlTFT5G, 6533496]
[paragraph, [501.0, 1709.0, 363.0, 36.0], Jy1HlTFT5G, 6533496]
[sidebar, [72.0, 1620.0, 349.0, 36.0], M-0w5_eoVs, 6533496]
[sidebar, [72.0, 1656.0, 349.0, 36.0], M-0w5_eoVs, 6533496]
[sidebar, [72.0, 1692.0, 349.0, 36.0], M-0w5_eoVs, 6533496]
