[697, 485]
[quote, [89.0, 48.0, 102.0, 18.0], 0jLovWF5Nj, 6533223]
[quote, [89.0, 66.0, 102.0, 18.0], 0jLovWF5Nj, 6533223]
[quote, [322.0, 82.0, 67.0, 18.0], MFKtAMSx98, 6533223]
[quote, [322.0, 100.0, 67.0, 18.0], MFKtAMSx98, 6533223]
[quote, [38.0, 227.0, 170.0, 18.0], KjZXyJbaAw, 6533223]
[quote, [147.0, 284.0, 69.0, 18.0], qzqKaeEOYR, 6533223]
[quote, [147.0, 302.0, 69.0, 18.0], qzqKaeEOYR, 6533223]
[quote, [118.0, 408.0, 49.0, 18.0], Fduv8pc0ZW, 6533223]
[quote, [261.0, 424.0, 108.0, 18.0], Uspw2DGpwQ, 6533223]
[quote, [261.0, 442.0, 108.0, 18.0], Uspw2DGpwQ, 6533223]
