[1637, 1070]
[paragraph, [197.0, 102.0, 703.0, 36.0], 8NrAim3KMG, 5654431]
[paragraph, [197.0, 138.0, 703.0, 36.0], 8NrAim3KMG, 5654431]
[paragraph, [197.0, 174.0, 703.0, 36.0], 8NrAim3KMG, 5654431]
[paragraph, [197.0, 210.0, 703.0, 36.0], 8NrAim3KMG, 5654431]
[paragraph, [197.0, 246.0, 703.0, 36.0], 8NrAim3KMG, 5654431]
[paragraph, [197.0, 282.0, 703.0, 36.0], 8NrAim3KMG, 5654431]
[paragraph, [197.0, 318.0, 703.0, 36.0], 8NrAim3KMG, 5654431]
[paragraph, [197.0, 354.0, 703.0, 36.0], 8NrAim3KMG, 5654431]
[paragraph, [197.0, 390.0, 703.0, 36.0], 8NrAim3KMG, 5654431]
[paragraph, [197.0, 426.0, 703.0, 36.0], 8NrAim3KMG, 5654431]
[paragraph, [197.0, 462.0, 703.0, 36.0], 8NrAim3KMG, 5654431]
[paragraph, [197.0, 498.0, 703.0, 36.0], 8NrAim3KMG, 5654431]
[paragraph, [197.0, 534.0, 703.0, 36.0], 8NrAim3KMG, 5654431]
[paragraph, [197.0, 570.0, 703.0, 36.0], 8NrAim3KMG, 5654431]
[paragraph, [197.0, 606.0, 703.0, 36.0], 8NrAim3KMG, 5654431]
[paragraph, [197.0, 642.0, 703.0, 36.0], 8NrAim3KMG, 5654431]
[paragraph, [197.0, 678.0, 703.0, 36.0], 8NrAim3KMG, 5654431]
[paragraph, [211.0, 864.0, 416.0, 36.0], hULajZ0qD5, 5654431]
[paragraph, [211.0, 900.0, 416.0, 36.0], hULajZ0qD5, 5654431]
[paragraph, [211.0, 936.0, 416.0, 36.0], hULajZ0qD5, 5654431]
[paragraph, [211.0, 972.0, 416.0, 36.0], hULajZ0qD5, 5654431]
[paragraph, [211.0, 1008.0, 416.0, 36.0], hULajZ0qD5, 5654431]
[paragraph, [211.0, 1044.0, 416.0, 36.0], hULajZ0qD5, 5654431]
[paragraph, [211.0, 1080.0, 416.0, 36.0], hULajZ0qD5, 5654431]
[paragraph, [220.0, 1147.0, 557.0, 36.0], b3rQ1--dgA, 5654431]
[paragraph, [220.0, 1183.0, 557.0, 36.0], b3rQ1--dgA, 5654431]
[paragraph, [220.0, 1219.0, 557.0, 36.0], b3rQ1--dgA, 5654431]
[paragraph, [220.0, 1255.0, 557.0, 36.0], b3rQ1--dgA, 5654431]
[paragraph, [220.0, 1291.0, 557.0, 36.0], b3rQ1--dgA, 5654431]
[paragraph, [220.0, 1327.0, 557.0, 36.0], b3rQ1--dgA, 5654431]
[paragraph, [216.0, 1401.0, 371.0, 36.0], krz4F1bDOc, 5654431]
[paragraph, [216.0, 1437.0, 371.0, 36.0], krz4F1bDOc, 5654431]
