[792, 612]
[paragraph, [54.0, 41.0, 261.0, 18.0], shoonya_4sWHQ1STY0AAZA, 5654182]
[flag, [18.0, 595.0, 160.0, 18.0], -UAUZXEcBS, 5654182]
[flag, [18.0, 613.0, 160.0, 18.0], -UAUZXEcBS, 5654182]
[flag, [18.0, 631.0, 160.0, 18.0], -UAUZXEcBS, 5654182]
[flag, [18.0, 649.0, 160.0, 18.0], -UAUZXEcBS, 5654182]
[flag, [18.0, 667.0, 160.0, 18.0], -UAUZXEcBS, 5654182]
[flag, [18.0, 685.0, 160.0, 18.0], -UAUZXEcBS, 5654182]
[flag, [18.0, 703.0, 160.0, 18.0], -UAUZXEcBS, 5654182]
[folio, [76.0, 740.0, 58.0, 18.0], 6Cbg1rhasS, 5654182]
