[792, 612]
[paragraph, [318.0, 153.0, 197.0, 18.0], gLv7ck_5m_, 5653884]
[paragraph, [318.0, 171.0, 197.0, 18.0], gLv7ck_5m_, 5653884]
[paragraph, [318.0, 189.0, 197.0, 18.0], gLv7ck_5m_, 5653884]
[paragraph, [318.0, 207.0, 197.0, 18.0], gLv7ck_5m_, 5653884]
[paragraph, [318.0, 225.0, 197.0, 18.0], gLv7ck_5m_, 5653884]
[paragraph, [318.0, 243.0, 197.0, 18.0], gLv7ck_5m_, 5653884]
[paragraph, [318.0, 261.0, 197.0, 18.0], gLv7ck_5m_, 5653884]
[paragraph, [318.0, 279.0, 197.0, 18.0], gLv7ck_5m_, 5653884]
[paragraph, [318.0, 297.0, 197.0, 18.0], gLv7ck_5m_, 5653884]
[paragraph, [318.0, 315.0, 197.0, 18.0], gLv7ck_5m_, 5653884]
[paragraph, [318.0, 333.0, 197.0, 18.0], gLv7ck_5m_, 5653884]
[headline, [152.0, 318.0, 137.0, 25.5], shoonya_3sJTY6VSEFH70R, 5653884]
[headline, [152.0, 343.5, 137.0, 25.5], shoonya_3sJTY6VSEFH70R, 5653884]
[contact-info, [197.0, 384.0, 89.0, 18.0], Aop2luXmRy, 5653884]
[contact-info, [197.0, 402.0, 89.0, 18.0], Aop2luXmRy, 5653884]
[contact-info, [197.0, 420.0, 89.0, 18.0], Aop2luXmRy, 5653884]
