[2342, 1656]
[folio, [374.0, 49.0, 225.0, 36.0], JwdDjETq_Q, 5654113]
[section-title, [403.0, 196.0, 845.0, 52.5], NJ79dmNMuT, 5654113]
[section-title, [403.0, 248.5, 845.0, 52.5], NJ79dmNMuT, 5654113]
[paragraph, [31.0, 328.0, 1585.0, 36.0], EcRxkjD7Ub, 5654113]
[paragraph, [31.0, 364.0, 1585.0, 36.0], EcRxkjD7Ub, 5654113]
[paragraph, [31.0, 400.0, 1585.0, 36.0], EcRxkjD7Ub, 5654113]
[paragraph, [31.0, 436.0, 1585.0, 36.0], EcRxkjD7Ub, 5654113]
[paragraph, [31.0, 472.0, 1585.0, 36.0], EcRxkjD7Ub, 5654113]
[paragraph, [31.0, 508.0, 1585.0, 36.0], EcRxkjD7Ub, 5654113]
[sidebar, [831.0, 560.0, 758.0, 36.0], M2w20OOwLR, 5654113]
[sidebar, [831.0, 596.0, 758.0, 36.0], M2w20OOwLR, 5654113]
[sidebar, [831.0, 632.0, 758.0, 36.0], M2w20OOwLR, 5654113]
[sidebar, [831.0, 668.0, 758.0, 36.0], M2w20OOwLR, 5654113]
[sidebar, [831.0, 704.0, 758.0, 36.0], M2w20OOwLR, 5654113]
[sidebar, [831.0, 740.0, 758.0, 36.0], M2w20OOwLR, 5654113]
[sidebar, [831.0, 776.0, 758.0, 36.0], M2w20OOwLR, 5654113]
[sidebar, [831.0, 812.0, 758.0, 36.0], M2w20OOwLR, 5654113]
[sidebar, [831.0, 848.0, 758.0, 36.0], M2w20OOwLR, 5654113]
[sidebar, [831.0, 884.0, 758.0, 36.0], M2w20OOwLR, 5654113]
[sidebar, [831.0, 920.0, 758.0, 36.0], M2w20OOwLR, 5654113]
[sidebar, [831.0, 956.0, 758.0, 36.0], M2w20OOwLR, 5654113]
[sidebar, [37.0, 574.0, 769.0, 36.0], Z8NQSpSVOR, 5654113]
[sidebar, [37.0, 610.0, 769.0, 36.0], Z8NQSpSVOR, 5654113]
[sidebar, [37.0, 646.0, 769.0, 36.0], Z8NQSpSVOR, 5654113]
[sidebar, [37.0, 682.0, 769.0, 36.0], Z8NQSpSVOR, 5654113]
[sidebar, [37.0, 718.0, 769.0, 36.0], Z8NQSpSVOR, 5654113]
[sidebar, [37.0, 754.0, 769.0, 36.0], Z8NQSpSVOR, 5654113]
[sidebar, [37.0, 790.0, 769.0, 36.0], Z8NQSpSVOR, 5654113]
[sidebar, [37.0, 826.0, 769.0, 36.0], Z8NQSpSVOR, 5654113]
[sidebar, [37.0, 862.0, 769.0, 36.0], Z8NQSpSVOR, 5654113]
[sidebar, [37.0, 898.0, 769.0, 36.0], Z8NQSpSVOR, 5654113]
[sidebar, [37.0, 934.0, 769.0, 36.0], Z8NQSpSVOR, 5654113]
[section-title, [450.0, 1021.0, 729.0, 52.5], 8YL8YTew8h, 5654113]
[sub-section-title, [1021.0, 1161.0, 341.0, 55.5], Q18Oqd_6__, 5654113]
[sub-section-title, [1021.0, 1216.5, 341.0, 55.5], Q18Oqd_6__, 5654113]
[paragraph, [833.0, 1335.0, 725.0, 36.0], WBzJD3Z2_6, 5654113]
[paragraph, [833.0, 1371.0, 725.0, 36.0], WBzJD3Z2_6, 5654113]
[paragraph, [833.0, 1407.0, 725.0, 36.0], WBzJD3Z2_6, 5654113]
[paragraph, [833.0, 1443.0, 725.0, 36.0], WBzJD3Z2_6, 5654113]
[paragraph, [833.0, 1479.0, 725.0, 36.0], WBzJD3Z2_6, 5654113]
[paragraph, [833.0, 1515.0, 725.0, 36.0], WBzJD3Z2_6, 5654113]
[paragraph, [833.0, 1551.0, 725.0, 36.0], WBzJD3Z2_6, 5654113]
[paragraph, [833.0, 1587.0, 725.0, 36.0], WBzJD3Z2_6, 5654113]
[paragraph, [833.0, 1623.0, 725.0, 36.0], WBzJD3Z2_6, 5654113]
[paragraph, [833.0, 1659.0, 725.0, 36.0], WBzJD3Z2_6, 5654113]
[paragraph, [833.0, 1695.0, 725.0, 36.0], WBzJD3Z2_6, 5654113]
[paragraph, [833.0, 1731.0, 725.0, 36.0], WBzJD3Z2_6, 5654113]
[paragraph, [117.0, 1659.0, 704.0, 36.0], 6La-v8g8xR, 5654113]
[paragraph, [117.0, 1695.0, 704.0, 36.0], 6La-v8g8xR, 5654113]
[paragraph, [117.0, 1731.0, 704.0, 36.0], 6La-v8g8xR, 5654113]
[paragraph, [39.0, 1800.0, 1587.0, 36.0], Kio4LIY11Y, 5654113]
[paragraph, [39.0, 1836.0, 1587.0, 36.0], Kio4LIY11Y, 5654113]
[paragraph, [39.0, 1872.0, 1587.0, 36.0], Kio4LIY11Y, 5654113]
[paragraph, [39.0, 1908.0, 1587.0, 36.0], Kio4LIY11Y, 5654113]
[paragraph, [39.0, 1944.0, 1587.0, 36.0], Kio4LIY11Y, 5654113]
[contact-info, [177.0, 2013.0, 1306.0, 36.0], 7mPEglUyb-, 5654113]
[contact-info, [177.0, 2049.0, 1306.0, 36.0], 7mPEglUyb-, 5654113]
[contact-info, [177.0, 2085.0, 1306.0, 36.0], 7mPEglUyb-, 5654113]
[contact-info, [177.0, 2121.0, 1306.0, 36.0], 7mPEglUyb-, 5654113]
[contact-info, [177.0, 2157.0, 1306.0, 36.0], 7mPEglUyb-, 5654113]
[contact-info, [177.0, 2193.0, 1306.0, 36.0], 7mPEglUyb-, 5654113]
[contact-info, [177.0, 2229.0, 1306.0, 36.0], 7mPEglUyb-, 5654113]
[website-link, [728.0, 2215.0, 458.0, 18.0], QcDdv_8ZzC, 5654113]
[website-link, [728.0, 2233.0, 458.0, 18.0], QcDdv_8ZzC, 5654113]
