[792, 612]
[quote, [490.0, 59.0, 83.0, 18.0], zCvGauOX0f, 5654550]
[quote, [490.0, 77.0, 83.0, 18.0], zCvGauOX0f, 5654550]
[quote, [490.0, 95.0, 83.0, 18.0], zCvGauOX0f, 5654550]
[quote, [490.0, 113.0, 83.0, 18.0], zCvGauOX0f, 5654550]
[quote, [490.0, 131.0, 83.0, 18.0], zCvGauOX0f, 5654550]
[quote, [288.0, 86.0, 102.0, 18.0], hYqjNmZNrH, 5654550]
[quote, [288.0, 104.0, 102.0, 18.0], hYqjNmZNrH, 5654550]
[quote, [325.0, 209.0, 160.0, 18.0], Q7CSM-dsyu, 5654550]
[quote, [325.0, 227.0, 160.0, 18.0], Q7CSM-dsyu, 5654550]
[quote, [325.0, 245.0, 160.0, 18.0], Q7CSM-dsyu, 5654550]
[quote, [325.0, 263.0, 160.0, 18.0], Q7CSM-dsyu, 5654550]
[quote, [357.0, 276.0, 44.0, 18.0], ZqCXPbVXTC, 5654550]
[quote, [357.0, 294.0, 44.0, 18.0], ZqCXPbVXTC, 5654550]
[quote, [357.0, 312.0, 44.0, 18.0], ZqCXPbVXTC, 5654550]
[quote, [347.0, 331.0, 64.0, 18.0], OeJeE-UlUF, 5654550]
[quote, [347.0, 349.0, 64.0, 18.0], OeJeE-UlUF, 5654550]
[quote, [455.0, 349.0, 53.0, 18.0], JEJBhB6F4T, 5654550]
[quote, [253.0, 399.0, 228.0, 18.0], R9SJ20k-bA, 5654550]
[quote, [253.0, 417.0, 228.0, 18.0], R9SJ20k-bA, 5654550]
[quote, [253.0, 435.0, 228.0, 18.0], R9SJ20k-bA, 5654550]
[quote, [185.0, 482.0, 316.0, 18.0], ESpuPij5IB, 5654550]
[quote, [185.0, 500.0, 316.0, 18.0], ESpuPij5IB, 5654550]
[quote, [185.0, 518.0, 316.0, 18.0], ESpuPij5IB, 5654550]
[quote, [185.0, 536.0, 316.0, 18.0], ESpuPij5IB, 5654550]
[quote, [296.0, 547.0, 191.0, 18.0], vhofUkg1ZS, 5654550]
[quote, [296.0, 565.0, 191.0, 18.0], vhofUkg1ZS, 5654550]
[quote, [296.0, 583.0, 191.0, 18.0], vhofUkg1ZS, 5654550]
[quote, [128.0, 599.0, 78.0, 18.0], BfHA8e4ITC, 5654550]
[quote, [128.0, 617.0, 78.0, 18.0], BfHA8e4ITC, 5654550]
[quote, [128.0, 635.0, 78.0, 18.0], BfHA8e4ITC, 5654550]
[quote, [128.0, 653.0, 78.0, 18.0], BfHA8e4ITC, 5654550]
[folio, [477.0, 741.0, 62.0, 18.0], 3xXpuHheD6, 5654550]
