[792, 612]
[quote, [65.0, 70.0, 156.0, 18.0], qUBVvglRIv, 5653688]
[quote, [65.0, 88.0, 156.0, 18.0], qUBVvglRIv, 5653688]
[quote, [65.0, 106.0, 156.0, 18.0], qUBVvglRIv, 5653688]
[quote, [65.0, 124.0, 156.0, 18.0], qUBVvglRIv, 5653688]
[quote, [65.0, 142.0, 156.0, 18.0], qUBVvglRIv, 5653688]
[quote, [65.0, 160.0, 156.0, 18.0], qUBVvglRIv, 5653688]
[quote, [65.0, 178.0, 156.0, 18.0], qUBVvglRIv, 5653688]
[figure-caption, [62.0, 277.0, 155.0, 18.0], I-M4ogRFzW, 5653688]
[figure-caption, [408.0, 286.0, 118.0, 18.0], H6SVrcx--w, 5653688]
[quote, [224.0, 320.0, 113.0, 18.0], yO_1Kp6Xlr, 5653688]
[quote, [224.0, 338.0, 113.0, 18.0], yO_1Kp6Xlr, 5653688]
[quote, [224.0, 356.0, 113.0, 18.0], yO_1Kp6Xlr, 5653688]
[quote, [224.0, 374.0, 113.0, 18.0], yO_1Kp6Xlr, 5653688]
[quote, [379.0, 331.0, 89.0, 18.0], m94TNg8OOK, 5653688]
[quote, [379.0, 349.0, 89.0, 18.0], m94TNg8OOK, 5653688]
[quote, [50.0, 332.0, 106.0, 18.0], MTjA8MpPBD, 5653688]
[quote, [50.0, 350.0, 106.0, 18.0], MTjA8MpPBD, 5653688]
[quote, [50.0, 368.0, 106.0, 18.0], MTjA8MpPBD, 5653688]
[quote, [220.0, 449.0, 119.0, 18.0], JZpovJueGk, 5653688]
[quote, [220.0, 467.0, 119.0, 18.0], JZpovJueGk, 5653688]
[quote, [220.0, 485.0, 119.0, 18.0], JZpovJueGk, 5653688]
[quote, [54.0, 458.0, 105.0, 18.0], RHLVmEfmSH, 5653688]
[quote, [54.0, 476.0, 105.0, 18.0], RHLVmEfmSH, 5653688]
[quote, [54.0, 494.0, 105.0, 18.0], RHLVmEfmSH, 5653688]
[quote, [54.0, 512.0, 105.0, 18.0], RHLVmEfmSH, 5653688]
[quote, [381.0, 458.0, 71.0, 18.0], FjiGYcOsgw, 5653688]
[quote, [381.0, 476.0, 71.0, 18.0], FjiGYcOsgw, 5653688]
[quote, [381.0, 494.0, 71.0, 18.0], FjiGYcOsgw, 5653688]
[quote, [384.0, 562.0, 71.0, 18.0], eYzyVKtcST, 5653688]
[quote, [384.0, 580.0, 71.0, 18.0], eYzyVKtcST, 5653688]
[quote, [50.0, 569.0, 92.0, 18.0], wG9KUkmw-6, 5653688]
[quote, [50.0, 587.0, 92.0, 18.0], wG9KUkmw-6, 5653688]
[quote, [50.0, 605.0, 92.0, 18.0], wG9KUkmw-6, 5653688]
[quote, [227.0, 576.0, 70.0, 18.0], z0gU_WDl5s, 5653688]
[quote, [227.0, 594.0, 70.0, 18.0], z0gU_WDl5s, 5653688]
[folio, [467.0, 734.0, 55.0, 18.0], w7bfLXHrLx, 5653688]
