[834, 618]
[folio, [205.0, 39.0, 121.0, 18.0], mBE26aHLii, 5713286]
[folio, [205.0, 57.0, 121.0, 18.0], mBE26aHLii, 5713286]
[folio, [205.0, 75.0, 121.0, 18.0], mBE26aHLii, 5713286]
[folio, [44.0, 41.0, 119.0, 18.0], bXGDxU7SkE, 5713286]
[folio, [44.0, 59.0, 119.0, 18.0], bXGDxU7SkE, 5713286]
[folio, [344.0, 45.0, 218.0, 18.0], shoonya_1sJM8SWYK5VG2X, 5713286]
[folio, [344.0, 63.0, 218.0, 18.0], shoonya_1sJM8SWYK5VG2X, 5713286]
[quote, [55.0, 630.0, 512.0, 18.0], rr34wdP705, 5713286]
[quote, [55.0, 648.0, 512.0, 18.0], rr34wdP705, 5713286]
[quote, [55.0, 666.0, 512.0, 18.0], rr34wdP705, 5713286]
[quote, [55.0, 684.0, 512.0, 18.0], rr34wdP705, 5713286]
[quote, [55.0, 702.0, 512.0, 18.0], rr34wdP705, 5713286]
[quote, [55.0, 720.0, 512.0, 18.0], rr34wdP705, 5713286]
[contact-info, [447.0, 740.0, 117.0, 18.0], M60zP1uX44, 5713286]
[contact-info, [447.0, 758.0, 117.0, 18.0], M60zP1uX44, 5713286]
[contact-info, [44.0, 742.0, 102.0, 18.0], 536sWehZc5, 5713286]
[contact-info, [44.0, 760.0, 102.0, 18.0], 536sWehZc5, 5713286]
[contact-info, [150.0, 747.0, 137.0, 18.0], zhuu5wav3q, 5713286]
[contact-info, [150.0, 765.0, 137.0, 18.0], zhuu5wav3q, 5713286]
[contact-info, [297.0, 747.0, 140.0, 18.0], YoKmetbTZM, 5713286]
[contact-info, [297.0, 765.0, 140.0, 18.0], YoKmetbTZM, 5713286]
