[834, 618]
[folio, [53.0, 47.0, 300.0, 18.0], oijO9DmTi7, 5712544]
[answer, [297.0, 150.0, 270.0, 18.0], shoonya_2s6Q6V20W7APB6, 5712544]
[answer, [297.0, 168.0, 270.0, 18.0], shoonya_2s6Q6V20W7APB6, 5712544]
[answer, [297.0, 186.0, 270.0, 18.0], shoonya_2s6Q6V20W7APB6, 5712544]
[answer, [297.0, 204.0, 270.0, 18.0], shoonya_2s6Q6V20W7APB6, 5712544]
[answer, [297.0, 222.0, 270.0, 18.0], shoonya_2s6Q6V20W7APB6, 5712544]
[answer, [297.0, 240.0, 270.0, 18.0], shoonya_2s6Q6V20W7APB6, 5712544]
[answer, [297.0, 258.0, 270.0, 18.0], shoonya_2s6Q6V20W7APB6, 5712544]
[paragraph, [306.0, 293.0, 266.0, 18.0], 3GMv_khYE-, 5712544]
[paragraph, [306.0, 311.0, 266.0, 18.0], 3GMv_khYE-, 5712544]
[paragraph, [306.0, 329.0, 266.0, 18.0], 3GMv_khYE-, 5712544]
[paragraph, [306.0, 347.0, 266.0, 18.0], 3GMv_khYE-, 5712544]
[paragraph, [306.0, 365.0, 263.0, 18.0], CsJHBX_Np9, 5712544]
[paragraph, [306.0, 383.0, 263.0, 18.0], CsJHBX_Np9, 5712544]
[paragraph, [306.0, 401.0, 263.0, 18.0], CsJHBX_Np9, 5712544]
[paragraph, [306.0, 419.0, 263.0, 18.0], CsJHBX_Np9, 5712544]
[paragraph, [306.0, 437.0, 263.0, 18.0], CsJHBX_Np9, 5712544]
[paragraph, [306.0, 455.0, 263.0, 18.0], CsJHBX_Np9, 5712544]
[paragraph, [306.0, 473.0, 263.0, 18.0], CsJHBX_Np9, 5712544]
[paragraph, [306.0, 491.0, 263.0, 18.0], CsJHBX_Np9, 5712544]
[answer, [45.0, 408.0, 263.0, 18.0], FVEo3S9OZc, 5712544]
[answer, [45.0, 426.0, 263.0, 18.0], FVEo3S9OZc, 5712544]
[answer, [45.0, 444.0, 263.0, 18.0], FVEo3S9OZc, 5712544]
[answer, [45.0, 462.0, 263.0, 18.0], FVEo3S9OZc, 5712544]
[answer, [45.0, 480.0, 263.0, 18.0], FVEo3S9OZc, 5712544]
[answer, [45.0, 498.0, 263.0, 18.0], FVEo3S9OZc, 5712544]
[answer, [45.0, 516.0, 263.0, 18.0], FVEo3S9OZc, 5712544]
[answer, [45.0, 534.0, 263.0, 18.0], FVEo3S9OZc, 5712544]
[answer, [45.0, 552.0, 263.0, 18.0], FVEo3S9OZc, 5712544]
[answer, [45.0, 570.0, 263.0, 18.0], FVEo3S9OZc, 5712544]
[answer, [45.0, 588.0, 263.0, 18.0], FVEo3S9OZc, 5712544]
[answer, [45.0, 606.0, 263.0, 18.0], FVEo3S9OZc, 5712544]
[answer, [45.0, 624.0, 263.0, 18.0], FVEo3S9OZc, 5712544]
[answer, [308.0, 578.0, 273.0, 18.0], qQldALNDMP, 5712544]
[answer, [308.0, 596.0, 273.0, 18.0], qQldALNDMP, 5712544]
[answer, [308.0, 614.0, 273.0, 18.0], qQldALNDMP, 5712544]
[answer, [308.0, 632.0, 273.0, 18.0], qQldALNDMP, 5712544]
[answer, [308.0, 650.0, 273.0, 18.0], qQldALNDMP, 5712544]
[answer, [308.0, 668.0, 273.0, 18.0], qQldALNDMP, 5712544]
[answer, [308.0, 686.0, 273.0, 18.0], qQldALNDMP, 5712544]
[answer, [308.0, 704.0, 273.0, 18.0], qQldALNDMP, 5712544]
[answer, [308.0, 722.0, 273.0, 18.0], qQldALNDMP, 5712544]
[answer, [308.0, 740.0, 273.0, 18.0], qQldALNDMP, 5712544]
[answer, [38.0, 708.0, 266.0, 18.0], RhyX8k5saz, 5712544]
[answer, [38.0, 726.0, 266.0, 18.0], RhyX8k5saz, 5712544]
[answer, [38.0, 744.0, 266.0, 18.0], RhyX8k5saz, 5712544]
[folio, [75.0, 773.0, 112.0, 18.0], bZMZgVIE89, 5712544]
