[1725, 1275]
[paragraph, [59.0, 1102.0, 482.0, 36.0], 6HHkK1-gke, 5712921]
[paragraph, [59.0, 1138.0, 482.0, 36.0], 6HHkK1-gke, 5712921]
[paragraph, [59.0, 1174.0, 482.0, 36.0], 6HHkK1-gke, 5712921]
[paragraph, [59.0, 1210.0, 482.0, 36.0], 6HHkK1-gke, 5712921]
[paragraph, [59.0, 1246.0, 482.0, 36.0], 6HHkK1-gke, 5712921]
[paragraph, [61.0, 1295.0, 480.0, 36.0], LRrGh-OC1B, 5712921]
[paragraph, [61.0, 1331.0, 480.0, 36.0], LRrGh-OC1B, 5712921]
[paragraph, [61.0, 1367.0, 480.0, 36.0], LRrGh-OC1B, 5712921]
[paragraph, [61.0, 1403.0, 480.0, 36.0], LRrGh-OC1B, 5712921]
[paragraph, [61.0, 1439.0, 480.0, 36.0], LRrGh-OC1B, 5712921]
[paragraph, [61.0, 1475.0, 480.0, 36.0], LRrGh-OC1B, 5712921]
[paragraph, [61.0, 1511.0, 480.0, 36.0], LRrGh-OC1B, 5712921]
[paragraph, [61.0, 1547.0, 480.0, 36.0], LRrGh-OC1B, 5712921]
[paragraph, [61.0, 1583.0, 480.0, 36.0], LRrGh-OC1B, 5712921]
[paragraph, [61.0, 1619.0, 480.0, 36.0], LRrGh-OC1B, 5712921]
