[794, 624]
[paragraph, [313.0, 43.0, 277.0, 18.0], 37q-mv_t5i, 5712460]
[paragraph, [313.0, 61.0, 277.0, 18.0], 37q-mv_t5i, 5712460]
[paragraph, [313.0, 79.0, 277.0, 18.0], 37q-mv_t5i, 5712460]
[paragraph, [313.0, 97.0, 277.0, 18.0], 37q-mv_t5i, 5712460]
[paragraph, [313.0, 115.0, 277.0, 18.0], 37q-mv_t5i, 5712460]
[paragraph, [313.0, 133.0, 277.0, 18.0], 37q-mv_t5i, 5712460]
[paragraph, [313.0, 157.0, 277.0, 18.0], RBP-MI6vhr, 5712460]
[paragraph, [313.0, 175.0, 277.0, 18.0], RBP-MI6vhr, 5712460]
[paragraph, [313.0, 193.0, 277.0, 18.0], RBP-MI6vhr, 5712460]
[paragraph, [313.0, 211.0, 277.0, 18.0], RBP-MI6vhr, 5712460]
[paragraph, [313.0, 229.0, 277.0, 18.0], RBP-MI6vhr, 5712460]
[paragraph, [313.0, 247.0, 277.0, 18.0], RBP-MI6vhr, 5712460]
[paragraph, [313.0, 265.0, 277.0, 18.0], RBP-MI6vhr, 5712460]
[paragraph, [313.0, 283.0, 277.0, 18.0], RBP-MI6vhr, 5712460]
[paragraph, [313.0, 301.0, 277.0, 18.0], RBP-MI6vhr, 5712460]
[paragraph, [313.0, 319.0, 277.0, 18.0], RBP-MI6vhr, 5712460]
[paragraph, [313.0, 337.0, 277.0, 18.0], RBP-MI6vhr, 5712460]
[paragraph, [313.0, 355.0, 277.0, 18.0], RBP-MI6vhr, 5712460]
[paragraph, [34.0, 222.0, 275.0, 18.0], rTSKvE37CK, 5712460]
[paragraph, [34.0, 240.0, 275.0, 18.0], rTSKvE37CK, 5712460]
[paragraph, [34.0, 258.0, 275.0, 18.0], rTSKvE37CK, 5712460]
[paragraph, [34.0, 276.0, 275.0, 18.0], rTSKvE37CK, 5712460]
[paragraph, [34.0, 294.0, 275.0, 18.0], rTSKvE37CK, 5712460]
[paragraph, [30.0, 320.0, 279.0, 18.0], u4dEz-nb7M, 5712460]
[paragraph, [30.0, 338.0, 279.0, 18.0], u4dEz-nb7M, 5712460]
[paragraph, [30.0, 356.0, 279.0, 18.0], u4dEz-nb7M, 5712460]
[paragraph, [30.0, 374.0, 279.0, 18.0], u4dEz-nb7M, 5712460]
[paragraph, [30.0, 392.0, 279.0, 18.0], u4dEz-nb7M, 5712460]
[paragraph, [311.0, 378.0, 275.0, 18.0], M8CCQrOA14, 5712460]
[paragraph, [311.0, 396.0, 275.0, 18.0], M8CCQrOA14, 5712460]
[paragraph, [311.0, 414.0, 275.0, 18.0], M8CCQrOA14, 5712460]
[paragraph, [311.0, 432.0, 275.0, 18.0], M8CCQrOA14, 5712460]
[paragraph, [311.0, 450.0, 275.0, 18.0], M8CCQrOA14, 5712460]
[paragraph, [311.0, 468.0, 275.0, 18.0], M8CCQrOA14, 5712460]
[paragraph, [311.0, 486.0, 275.0, 18.0], M8CCQrOA14, 5712460]
[paragraph, [311.0, 504.0, 275.0, 18.0], M8CCQrOA14, 5712460]
[paragraph, [311.0, 522.0, 275.0, 18.0], M8CCQrOA14, 5712460]
[paragraph, [311.0, 540.0, 275.0, 18.0], M8CCQrOA14, 5712460]
[paragraph, [29.0, 434.0, 280.0, 18.0], GR5O0Wgp15, 5712460]
[paragraph, [29.0, 452.0, 280.0, 18.0], GR5O0Wgp15, 5712460]
[paragraph, [29.0, 470.0, 280.0, 18.0], GR5O0Wgp15, 5712460]
[paragraph, [29.0, 488.0, 280.0, 18.0], GR5O0Wgp15, 5712460]
[paragraph, [29.0, 506.0, 280.0, 18.0], GR5O0Wgp15, 5712460]
[paragraph, [29.0, 524.0, 280.0, 18.0], GR5O0Wgp15, 5712460]
[paragraph, [29.0, 542.0, 280.0, 18.0], GR5O0Wgp15, 5712460]
[paragraph, [29.0, 560.0, 280.0, 18.0], GR5O0Wgp15, 5712460]
[paragraph, [29.0, 578.0, 280.0, 18.0], GR5O0Wgp15, 5712460]
[paragraph, [29.0, 596.0, 280.0, 18.0], GR5O0Wgp15, 5712460]
[paragraph, [29.0, 614.0, 280.0, 18.0], GR5O0Wgp15, 5712460]
[paragraph, [313.0, 568.0, 277.0, 18.0], OO9O1oa7N8, 5712460]
[paragraph, [32.0, 640.0, 278.0, 18.0], mEWBQNy9C8, 5712460]
[paragraph, [32.0, 658.0, 278.0, 18.0], mEWBQNy9C8, 5712460]
[paragraph, [32.0, 676.0, 278.0, 18.0], mEWBQNy9C8, 5712460]
[paragraph, [32.0, 694.0, 278.0, 18.0], mEWBQNy9C8, 5712460]
[paragraph, [32.0, 712.0, 278.0, 18.0], mEWBQNy9C8, 5712460]
