[1763, 1275]
[sidebar, [1040.0, 238.0, 234.0, 36.0], 63kRB7pi6b, 5712975]
[figure-caption, [548.0, 247.0, 180.0, 36.0], n6mt4lcpHI, 5712975]
[figure-caption, [323.0, 254.0, 176.0, 36.0], 8ILZxGkNcc, 5712975]
[figure-caption, [78.0, 260.0, 202.0, 36.0], YvIXHq5_06, 5712975]
[section-title, [69.0, 318.0, 254.0, 49.5], 0oj1UxNRXk, 5712975]
[author, [64.0, 368.0, 220.0, 36.0], a7aMUDOw1L, 5712975]
[paragraph, [898.0, 427.0, 369.0, 36.0], Fvl8zUr-Z3, 5712975]
[paragraph, [898.0, 463.0, 369.0, 36.0], Fvl8zUr-Z3, 5712975]
[paragraph, [898.0, 499.0, 369.0, 36.0], Fvl8zUr-Z3, 5712975]
[paragraph, [453.0, 429.0, 377.0, 36.0], o43KGSBdu_, 5712975]
[paragraph, [453.0, 465.0, 377.0, 36.0], o43KGSBdu_, 5712975]
[paragraph, [453.0, 501.0, 377.0, 36.0], o43KGSBdu_, 5712975]
[paragraph, [69.0, 437.0, 244.0, 36.0], gYPon7gLkC, 5712975]
[paragraph, [69.0, 473.0, 244.0, 36.0], gYPon7gLkC, 5712975]
[paragraph, [69.0, 509.0, 244.0, 36.0], gYPon7gLkC, 5712975]
[paragraph, [62.0, 550.0, 350.0, 36.0], N7U5kK-1fr, 5712975]
[paragraph, [62.0, 586.0, 350.0, 36.0], N7U5kK-1fr, 5712975]
[paragraph, [62.0, 622.0, 350.0, 36.0], N7U5kK-1fr, 5712975]
[paragraph, [62.0, 658.0, 350.0, 36.0], N7U5kK-1fr, 5712975]
[paragraph, [62.0, 694.0, 350.0, 36.0], N7U5kK-1fr, 5712975]
[paragraph, [62.0, 730.0, 350.0, 36.0], N7U5kK-1fr, 5712975]
[paragraph, [62.0, 766.0, 350.0, 36.0], N7U5kK-1fr, 5712975]
[paragraph, [62.0, 802.0, 350.0, 36.0], N7U5kK-1fr, 5712975]
[paragraph, [892.0, 553.0, 305.0, 36.0], sXBBx11LJO, 5712975]
[paragraph, [892.0, 589.0, 305.0, 36.0], sXBBx11LJO, 5712975]
[paragraph, [892.0, 625.0, 305.0, 36.0], sXBBx11LJO, 5712975]
[paragraph, [892.0, 661.0, 305.0, 36.0], sXBBx11LJO, 5712975]
[paragraph, [455.0, 554.0, 318.0, 36.0], L8OPSFbMjA, 5712975]
[paragraph, [455.0, 590.0, 318.0, 36.0], L8OPSFbMjA, 5712975]
[paragraph, [455.0, 626.0, 318.0, 36.0], L8OPSFbMjA, 5712975]
[paragraph, [450.0, 704.0, 313.0, 36.0], wuxnhS932h, 5712975]
[paragraph, [450.0, 740.0, 313.0, 36.0], wuxnhS932h, 5712975]
[paragraph, [450.0, 776.0, 313.0, 36.0], wuxnhS932h, 5712975]
[paragraph, [450.0, 812.0, 313.0, 36.0], wuxnhS932h, 5712975]
[paragraph, [450.0, 848.0, 313.0, 36.0], wuxnhS932h, 5712975]
[paragraph, [450.0, 884.0, 313.0, 36.0], wuxnhS932h, 5712975]
[paragraph, [450.0, 920.0, 313.0, 36.0], wuxnhS932h, 5712975]
[paragraph, [450.0, 956.0, 313.0, 36.0], wuxnhS932h, 5712975]
[paragraph, [450.0, 992.0, 313.0, 36.0], wuxnhS932h, 5712975]
[paragraph, [885.0, 736.0, 265.0, 36.0], drcuR5FyYb, 5712975]
[paragraph, [885.0, 772.0, 265.0, 36.0], drcuR5FyYb, 5712975]
[paragraph, [885.0, 808.0, 265.0, 36.0], drcuR5FyYb, 5712975]
[paragraph, [64.0, 857.0, 213.0, 36.0], thmsZoIu5i, 5712975]
[paragraph, [64.0, 893.0, 213.0, 36.0], thmsZoIu5i, 5712975]
[paragraph, [64.0, 929.0, 213.0, 36.0], thmsZoIu5i, 5712975]
[paragraph, [64.0, 965.0, 213.0, 36.0], thmsZoIu5i, 5712975]
[paragraph, [64.0, 1001.0, 213.0, 36.0], thmsZoIu5i, 5712975]
[paragraph, [890.0, 884.0, 162.0, 36.0], AZVigfi6qB, 5712975]
[section-title, [760.0, 1031.0, 165.0, 49.5], GYjgU6mAYu, 5712975]
[paragraph, [448.0, 1089.0, 273.0, 36.0], 9G3qSyNnTw, 5712975]
[paragraph, [448.0, 1125.0, 273.0, 36.0], 9G3qSyNnTw, 5712975]
[paragraph, [448.0, 1161.0, 273.0, 36.0], 9G3qSyNnTw, 5712975]
[author, [752.0, 1095.0, 184.0, 36.0], YoiC9rQggd, 5712975]
[paragraph, [59.0, 1109.0, 313.0, 36.0], 0i2qilFI4m, 5712975]
[paragraph, [59.0, 1145.0, 313.0, 36.0], 0i2qilFI4m, 5712975]
[paragraph, [59.0, 1181.0, 313.0, 36.0], 0i2qilFI4m, 5712975]
[paragraph, [59.0, 1217.0, 313.0, 36.0], 0i2qilFI4m, 5712975]
[paragraph, [59.0, 1253.0, 313.0, 36.0], 0i2qilFI4m, 5712975]
[paragraph, [59.0, 1289.0, 313.0, 36.0], 0i2qilFI4m, 5712975]
[paragraph, [59.0, 1325.0, 313.0, 36.0], 0i2qilFI4m, 5712975]
[paragraph, [59.0, 1361.0, 313.0, 36.0], 0i2qilFI4m, 5712975]
[paragraph, [59.0, 1397.0, 313.0, 36.0], 0i2qilFI4m, 5712975]
[paragraph, [59.0, 1433.0, 313.0, 36.0], 0i2qilFI4m, 5712975]
[section-title, [1011.0, 1113.0, 118.0, 49.5], rub0kqcP8-, 5712975]
[paragraph, [758.0, 1172.0, 236.0, 36.0], Zr9_mfWB6X, 5712975]
[paragraph, [758.0, 1208.0, 236.0, 36.0], Zr9_mfWB6X, 5712975]
[paragraph, [758.0, 1244.0, 236.0, 36.0], Zr9_mfWB6X, 5712975]
[paragraph, [758.0, 1280.0, 236.0, 36.0], Zr9_mfWB6X, 5712975]
[paragraph, [758.0, 1316.0, 236.0, 36.0], Zr9_mfWB6X, 5712975]
[paragraph, [758.0, 1352.0, 236.0, 36.0], Zr9_mfWB6X, 5712975]
[paragraph, [758.0, 1388.0, 236.0, 36.0], Zr9_mfWB6X, 5712975]
[paragraph, [758.0, 1424.0, 236.0, 36.0], Zr9_mfWB6X, 5712975]
[paragraph, [758.0, 1460.0, 236.0, 36.0], Zr9_mfWB6X, 5712975]
[paragraph, [758.0, 1496.0, 236.0, 36.0], Zr9_mfWB6X, 5712975]
[paragraph, [758.0, 1532.0, 236.0, 36.0], Zr9_mfWB6X, 5712975]
[paragraph, [758.0, 1568.0, 236.0, 36.0], Zr9_mfWB6X, 5712975]
[paragraph, [758.0, 1604.0, 236.0, 36.0], Zr9_mfWB6X, 5712975]
[paragraph, [758.0, 1640.0, 236.0, 36.0], Zr9_mfWB6X, 5712975]
[author, [1004.0, 1182.0, 191.0, 36.0], 4qizTcw6F5, 5712975]
[paragraph, [445.0, 1206.0, 303.0, 36.0], Jo-fPG9Tk6, 5712975]
[paragraph, [445.0, 1242.0, 303.0, 36.0], Jo-fPG9Tk6, 5712975]
[paragraph, [445.0, 1278.0, 303.0, 36.0], Jo-fPG9Tk6, 5712975]
[paragraph, [1003.0, 1248.0, 271.0, 36.0], Vj1aON8HrW, 5712975]
[paragraph, [1003.0, 1284.0, 271.0, 36.0], Vj1aON8HrW, 5712975]
[paragraph, [1003.0, 1320.0, 271.0, 36.0], Vj1aON8HrW, 5712975]
[paragraph, [1003.0, 1356.0, 271.0, 36.0], Vj1aON8HrW, 5712975]
[paragraph, [1003.0, 1392.0, 271.0, 36.0], Vj1aON8HrW, 5712975]
[paragraph, [1003.0, 1428.0, 271.0, 36.0], Vj1aON8HrW, 5712975]
[paragraph, [1003.0, 1464.0, 271.0, 36.0], Vj1aON8HrW, 5712975]
[paragraph, [1003.0, 1500.0, 271.0, 36.0], Vj1aON8HrW, 5712975]
[paragraph, [1003.0, 1536.0, 271.0, 36.0], Vj1aON8HrW, 5712975]
[paragraph, [1003.0, 1572.0, 271.0, 36.0], Vj1aON8HrW, 5712975]
[paragraph, [1003.0, 1608.0, 271.0, 36.0], Vj1aON8HrW, 5712975]
[paragraph, [1003.0, 1644.0, 271.0, 36.0], Vj1aON8HrW, 5712975]
[paragraph, [451.0, 1352.0, 250.0, 36.0], orFpJrLnSi, 5712975]
[paragraph, [451.0, 1388.0, 250.0, 36.0], orFpJrLnSi, 5712975]
[paragraph, [451.0, 1424.0, 250.0, 36.0], orFpJrLnSi, 5712975]
[paragraph, [53.0, 1494.0, 368.0, 36.0], B0ot_lbB8c, 5712975]
[paragraph, [53.0, 1530.0, 368.0, 36.0], B0ot_lbB8c, 5712975]
[paragraph, [53.0, 1566.0, 368.0, 36.0], B0ot_lbB8c, 5712975]
[folio, [69.0, 1695.0, 117.0, 36.0], DliJTFZj8_, 5712975]
