[2094, 1567]
[folio, [146.0, 31.0, 181.0, 36.0], jzHgZBO5PI, 5712463]
[section-title, [641.0, 105.0, 375.0, 52.5], O19qmH3w0x, 5712463]
[section-title, [641.0, 157.5, 375.0, 52.5], O19qmH3w0x, 5712463]
[section-title, [641.0, 210.0, 375.0, 52.5], O19qmH3w0x, 5712463]
[section-title, [113.0, 123.0, 219.0, 52.5], ZGvK9cIcDK, 5712463]
[paragraph, [1091.0, 166.0, 303.0, 36.0], YRaxQ2Y48B, 5712463]
[paragraph, [1091.0, 202.0, 303.0, 36.0], YRaxQ2Y48B, 5712463]
[paragraph, [1091.0, 238.0, 303.0, 36.0], YRaxQ2Y48B, 5712463]
[paragraph, [1091.0, 274.0, 303.0, 36.0], YRaxQ2Y48B, 5712463]
[paragraph, [1091.0, 310.0, 303.0, 36.0], YRaxQ2Y48B, 5712463]
[paragraph, [1091.0, 346.0, 303.0, 36.0], YRaxQ2Y48B, 5712463]
[paragraph, [1091.0, 382.0, 303.0, 36.0], YRaxQ2Y48B, 5712463]
[paragraph, [1091.0, 418.0, 303.0, 36.0], YRaxQ2Y48B, 5712463]
[paragraph, [1091.0, 454.0, 303.0, 36.0], YRaxQ2Y48B, 5712463]
[paragraph, [1091.0, 490.0, 303.0, 36.0], YRaxQ2Y48B, 5712463]
[paragraph, [1091.0, 526.0, 303.0, 36.0], YRaxQ2Y48B, 5712463]
[paragraph, [1091.0, 562.0, 303.0, 36.0], YRaxQ2Y48B, 5712463]
[paragraph, [105.0, 223.0, 324.0, 36.0], 7E4miAZG0j, 5712463]
[paragraph, [105.0, 259.0, 324.0, 36.0], 7E4miAZG0j, 5712463]
[paragraph, [105.0, 295.0, 324.0, 36.0], 7E4miAZG0j, 5712463]
[paragraph, [105.0, 331.0, 324.0, 36.0], 7E4miAZG0j, 5712463]
[paragraph, [109.0, 397.0, 324.0, 36.0], p-z8crDl9M, 5712463]
[paragraph, [109.0, 433.0, 324.0, 36.0], p-z8crDl9M, 5712463]
[paragraph, [109.0, 469.0, 324.0, 36.0], p-z8crDl9M, 5712463]
[paragraph, [109.0, 505.0, 324.0, 36.0], p-z8crDl9M, 5712463]
[paragraph, [107.0, 565.0, 379.0, 36.0], BMX4G1Lh6B, 5712463]
[paragraph, [107.0, 601.0, 379.0, 36.0], BMX4G1Lh6B, 5712463]
[paragraph, [107.0, 637.0, 379.0, 36.0], BMX4G1Lh6B, 5712463]
[paragraph, [1097.0, 604.0, 291.0, 36.0], NVKdYGxa5_, 5712463]
[paragraph, [1097.0, 640.0, 291.0, 36.0], NVKdYGxa5_, 5712463]
[paragraph, [1097.0, 676.0, 291.0, 36.0], NVKdYGxa5_, 5712463]
[paragraph, [1097.0, 712.0, 291.0, 36.0], NVKdYGxa5_, 5712463]
[paragraph, [1097.0, 748.0, 291.0, 36.0], NVKdYGxa5_, 5712463]
[paragraph, [1097.0, 784.0, 291.0, 36.0], NVKdYGxa5_, 5712463]
[paragraph, [1097.0, 820.0, 291.0, 36.0], NVKdYGxa5_, 5712463]
[paragraph, [1097.0, 856.0, 291.0, 36.0], NVKdYGxa5_, 5712463]
[paragraph, [1097.0, 892.0, 291.0, 36.0], NVKdYGxa5_, 5712463]
[paragraph, [107.0, 704.0, 387.0, 36.0], ByJ5Lsk0_s, 5712463]
[paragraph, [107.0, 740.0, 387.0, 36.0], ByJ5Lsk0_s, 5712463]
[paragraph, [107.0, 776.0, 387.0, 36.0], ByJ5Lsk0_s, 5712463]
[paragraph, [107.0, 812.0, 387.0, 36.0], ByJ5Lsk0_s, 5712463]
[paragraph, [105.0, 900.0, 391.0, 36.0], 60u0_Fg1RI, 5712463]
[paragraph, [105.0, 936.0, 391.0, 36.0], 60u0_Fg1RI, 5712463]
[paragraph, [105.0, 972.0, 391.0, 36.0], 60u0_Fg1RI, 5712463]
[paragraph, [105.0, 1008.0, 391.0, 36.0], 60u0_Fg1RI, 5712463]
[author, [1277.0, 929.0, 266.0, 36.0], lSFpHGmFwp, 5712463]
[paragraph, [1099.0, 978.0, 436.0, 36.0], cTZ0xuWKCW, 5712463]
[paragraph, [1099.0, 1014.0, 436.0, 36.0], cTZ0xuWKCW, 5712463]
[paragraph, [97.0, 1072.0, 281.0, 36.0], 0gmpvUvW93, 5712463]
[paragraph, [97.0, 1108.0, 281.0, 36.0], 0gmpvUvW93, 5712463]
[paragraph, [97.0, 1144.0, 281.0, 36.0], 0gmpvUvW93, 5712463]
[paragraph, [1062.0, 1152.0, 268.0, 36.0], 66ukOzwUq4, 5712463]
[paragraph, [1062.0, 1188.0, 268.0, 36.0], 66ukOzwUq4, 5712463]
[paragraph, [1062.0, 1224.0, 268.0, 36.0], 66ukOzwUq4, 5712463]
[paragraph, [1062.0, 1260.0, 268.0, 36.0], 66ukOzwUq4, 5712463]
[author, [273.0, 1176.0, 230.0, 36.0], GLCY8j6cL9, 5712463]
[section-title, [99.0, 1227.0, 178.0, 52.5], BwEkfoNaah, 5712463]
[paragraph, [89.0, 1295.0, 338.0, 36.0], TC4p2hjQeD, 5712463]
[paragraph, [89.0, 1331.0, 338.0, 36.0], TC4p2hjQeD, 5712463]
[paragraph, [89.0, 1367.0, 338.0, 36.0], TC4p2hjQeD, 5712463]
[paragraph, [89.0, 1403.0, 338.0, 36.0], TC4p2hjQeD, 5712463]
[paragraph, [89.0, 1439.0, 338.0, 36.0], TC4p2hjQeD, 5712463]
[paragraph, [1060.0, 1322.0, 205.0, 36.0], j_lc93GSQM, 5712463]
[paragraph, [1060.0, 1358.0, 205.0, 36.0], j_lc93GSQM, 5712463]
[paragraph, [1060.0, 1394.0, 205.0, 36.0], j_lc93GSQM, 5712463]
[paragraph, [1060.0, 1430.0, 205.0, 36.0], j_lc93GSQM, 5712463]
[paragraph, [1056.0, 1487.0, 234.0, 36.0], rYAoFzZdBT, 5712463]
[paragraph, [1056.0, 1523.0, 234.0, 36.0], rYAoFzZdBT, 5712463]
[paragraph, [1056.0, 1559.0, 234.0, 36.0], rYAoFzZdBT, 5712463]
[paragraph, [1056.0, 1595.0, 234.0, 36.0], rYAoFzZdBT, 5712463]
[paragraph, [74.0, 1499.0, 287.0, 36.0], b9jDw2V5oU, 5712463]
[paragraph, [74.0, 1535.0, 287.0, 36.0], b9jDw2V5oU, 5712463]
[paragraph, [74.0, 1571.0, 287.0, 36.0], b9jDw2V5oU, 5712463]
[paragraph, [74.0, 1607.0, 287.0, 36.0], b9jDw2V5oU, 5712463]
[paragraph, [1064.0, 1657.0, 299.0, 36.0], iOHNVaVFWD, 5712463]
[paragraph, [1064.0, 1693.0, 299.0, 36.0], iOHNVaVFWD, 5712463]
[paragraph, [1064.0, 1729.0, 299.0, 36.0], iOHNVaVFWD, 5712463]
[paragraph, [78.0, 1667.0, 273.0, 36.0], FzxoyNpbDw, 5712463]
[paragraph, [78.0, 1703.0, 273.0, 36.0], FzxoyNpbDw, 5712463]
[paragraph, [78.0, 1739.0, 273.0, 36.0], FzxoyNpbDw, 5712463]
[paragraph, [78.0, 1775.0, 273.0, 36.0], FzxoyNpbDw, 5712463]
[paragraph, [1062.0, 1816.0, 301.0, 36.0], 862d_5rEBu, 5712463]
[paragraph, [1062.0, 1852.0, 301.0, 36.0], 862d_5rEBu, 5712463]
[paragraph, [1062.0, 1888.0, 301.0, 36.0], 862d_5rEBu, 5712463]
[paragraph, [84.0, 1831.0, 389.0, 36.0], fAIeMwPyuZ, 5712463]
[paragraph, [84.0, 1867.0, 389.0, 36.0], fAIeMwPyuZ, 5712463]
[paragraph, [84.0, 1903.0, 389.0, 36.0], fAIeMwPyuZ, 5712463]
[author, [1130.0, 1929.0, 287.0, 36.0], jd2Og3rdln, 5712463]
[author, [369.0, 1962.0, 176.0, 36.0], pKTFwWX0E5, 5712463]
[paragraph, [1070.0, 1972.0, 482.0, 36.0], W2to_iOGxM, 5712463]
[paragraph, [1070.0, 2008.0, 482.0, 36.0], W2to_iOGxM, 5712463]
