[834, 609]
[folio, [71.0, 42.0, 71.0, 18.0], NjDrG3jcQk, 5713351]
[figure-caption, [249.0, 190.0, 124.0, 18.0], EIESbAmXE8, 5713351]
[figure-caption, [249.0, 208.0, 124.0, 18.0], EIESbAmXE8, 5713351]
[section-title, [198.0, 247.0, 227.0, 30.0], no4GKB2aR0, 5713351]
[sub-section-title, [101.0, 301.0, 424.0, 25.5], MW65v1s89e, 5713351]
[paragraph, [96.0, 352.0, 412.0, 18.0], fq36bLpyUw, 5713351]
[paragraph, [96.0, 370.0, 412.0, 18.0], fq36bLpyUw, 5713351]
[paragraph, [384.0, 399.0, 172.0, 18.0], wSe3xUh7S1, 5713351]
[paragraph, [384.0, 417.0, 172.0, 18.0], wSe3xUh7S1, 5713351]
[paragraph, [384.0, 435.0, 172.0, 18.0], wSe3xUh7S1, 5713351]
[paragraph, [384.0, 453.0, 172.0, 18.0], wSe3xUh7S1, 5713351]
[paragraph, [384.0, 471.0, 172.0, 18.0], wSe3xUh7S1, 5713351]
[paragraph, [384.0, 489.0, 172.0, 18.0], wSe3xUh7S1, 5713351]
[paragraph, [384.0, 507.0, 172.0, 18.0], wSe3xUh7S1, 5713351]
[paragraph, [384.0, 525.0, 172.0, 18.0], wSe3xUh7S1, 5713351]
[paragraph, [384.0, 543.0, 172.0, 18.0], wSe3xUh7S1, 5713351]
[paragraph, [209.0, 400.0, 169.0, 18.0], _fV-Pc0Rsq, 5713351]
[paragraph, [209.0, 418.0, 169.0, 18.0], _fV-Pc0Rsq, 5713351]
[paragraph, [209.0, 436.0, 169.0, 18.0], _fV-Pc0Rsq, 5713351]
[paragraph, [209.0, 454.0, 169.0, 18.0], _fV-Pc0Rsq, 5713351]
[paragraph, [209.0, 472.0, 169.0, 18.0], _fV-Pc0Rsq, 5713351]
[paragraph, [209.0, 490.0, 169.0, 18.0], _fV-Pc0Rsq, 5713351]
[paragraph, [209.0, 508.0, 169.0, 18.0], _fV-Pc0Rsq, 5713351]
[paragraph, [209.0, 526.0, 169.0, 18.0], _fV-Pc0Rsq, 5713351]
[paragraph, [209.0, 544.0, 169.0, 18.0], _fV-Pc0Rsq, 5713351]
[quote, [28.0, 403.0, 180.0, 18.0], nKtBzsJI6P, 5713351]
[quote, [28.0, 421.0, 180.0, 18.0], nKtBzsJI6P, 5713351]
[quote, [28.0, 439.0, 180.0, 18.0], nKtBzsJI6P, 5713351]
[quote, [28.0, 457.0, 180.0, 18.0], nKtBzsJI6P, 5713351]
[quote, [28.0, 475.0, 180.0, 18.0], nKtBzsJI6P, 5713351]
[quote, [28.0, 493.0, 180.0, 18.0], nKtBzsJI6P, 5713351]
[quote, [28.0, 511.0, 180.0, 18.0], nKtBzsJI6P, 5713351]
[quote, [28.0, 529.0, 180.0, 18.0], nKtBzsJI6P, 5713351]
[quote, [28.0, 547.0, 180.0, 18.0], nKtBzsJI6P, 5713351]
[quote, [28.0, 565.0, 180.0, 18.0], nKtBzsJI6P, 5713351]
[quote, [28.0, 583.0, 180.0, 18.0], nKtBzsJI6P, 5713351]
[quote, [28.0, 601.0, 180.0, 18.0], nKtBzsJI6P, 5713351]
[quote, [28.0, 619.0, 180.0, 18.0], nKtBzsJI6P, 5713351]
[quote, [28.0, 637.0, 180.0, 18.0], nKtBzsJI6P, 5713351]
[quote, [28.0, 655.0, 180.0, 18.0], nKtBzsJI6P, 5713351]
[quote, [28.0, 673.0, 180.0, 18.0], nKtBzsJI6P, 5713351]
[quote, [28.0, 691.0, 180.0, 18.0], nKtBzsJI6P, 5713351]
[paragraph, [213.0, 592.0, 172.0, 18.0], 88I2Zyj8rb, 5713351]
[paragraph, [213.0, 610.0, 172.0, 18.0], 88I2Zyj8rb, 5713351]
[paragraph, [213.0, 628.0, 172.0, 18.0], 88I2Zyj8rb, 5713351]
[paragraph, [213.0, 646.0, 172.0, 18.0], 88I2Zyj8rb, 5713351]
[paragraph, [213.0, 664.0, 172.0, 18.0], 88I2Zyj8rb, 5713351]
[paragraph, [213.0, 682.0, 172.0, 18.0], 88I2Zyj8rb, 5713351]
[paragraph, [213.0, 700.0, 172.0, 18.0], 88I2Zyj8rb, 5713351]
[paragraph, [213.0, 718.0, 172.0, 18.0], 88I2Zyj8rb, 5713351]
[paragraph, [213.0, 736.0, 172.0, 18.0], 88I2Zyj8rb, 5713351]
[paragraph, [213.0, 754.0, 172.0, 18.0], 88I2Zyj8rb, 5713351]
[paragraph, [386.0, 594.0, 177.0, 18.0], _AwEOb7HAW, 5713351]
[paragraph, [386.0, 612.0, 177.0, 18.0], _AwEOb7HAW, 5713351]
[paragraph, [386.0, 630.0, 177.0, 18.0], _AwEOb7HAW, 5713351]
[paragraph, [386.0, 648.0, 177.0, 18.0], _AwEOb7HAW, 5713351]
[paragraph, [386.0, 666.0, 177.0, 18.0], _AwEOb7HAW, 5713351]
[paragraph, [386.0, 684.0, 177.0, 18.0], _AwEOb7HAW, 5713351]
[paragraph, [386.0, 702.0, 177.0, 18.0], _AwEOb7HAW, 5713351]
[paragraph, [386.0, 720.0, 177.0, 18.0], _AwEOb7HAW, 5713351]
[paragraph, [386.0, 738.0, 177.0, 18.0], _AwEOb7HAW, 5713351]
[paragraph, [42.0, 721.0, 162.0, 18.0], eXipHhinFa, 5713351]
[paragraph, [42.0, 739.0, 162.0, 18.0], eXipHhinFa, 5713351]
[folio, [60.0, 770.0, 107.0, 18.0], Mi2ZpTXfOp, 5713351]
