[752, 553]
[paragraph, [247.0, 56.0, 249.0, 18.0], um2RbnBCR9, 5712696]
[paragraph, [247.0, 74.0, 249.0, 18.0], um2RbnBCR9, 5712696]
[paragraph, [247.0, 92.0, 249.0, 18.0], um2RbnBCR9, 5712696]
[paragraph, [247.0, 110.0, 249.0, 18.0], um2RbnBCR9, 5712696]
[paragraph, [248.0, 137.0, 264.0, 18.0], 7D2AN-0c4j, 5712696]
[paragraph, [248.0, 155.0, 264.0, 18.0], 7D2AN-0c4j, 5712696]
[paragraph, [248.0, 173.0, 264.0, 18.0], 7D2AN-0c4j, 5712696]
[paragraph, [248.0, 191.0, 264.0, 18.0], 7D2AN-0c4j, 5712696]
[paragraph, [248.0, 209.0, 264.0, 18.0], 7D2AN-0c4j, 5712696]
[paragraph, [248.0, 227.0, 264.0, 18.0], 7D2AN-0c4j, 5712696]
[paragraph, [249.0, 253.0, 260.0, 18.0], 7-AdMKQijk, 5712696]
[paragraph, [249.0, 271.0, 260.0, 18.0], 7-AdMKQijk, 5712696]
[paragraph, [249.0, 289.0, 260.0, 18.0], 7-AdMKQijk, 5712696]
[paragraph, [249.0, 307.0, 260.0, 18.0], 7-AdMKQijk, 5712696]
[paragraph, [249.0, 325.0, 260.0, 18.0], 7-AdMKQijk, 5712696]
[paragraph, [249.0, 343.0, 260.0, 18.0], 7-AdMKQijk, 5712696]
[paragraph, [249.0, 361.0, 260.0, 18.0], 7-AdMKQijk, 5712696]
[paragraph, [254.0, 383.0, 256.0, 18.0], dvttk5ezJw, 5712696]
[paragraph, [268.0, 410.0, 241.0, 18.0], QngPOhd4zC, 5712696]
[quote, [271.0, 453.0, 183.0, 18.0], geK4zcRCFs, 5712696]
[quote, [271.0, 471.0, 183.0, 18.0], geK4zcRCFs, 5712696]
[quote, [271.0, 489.0, 183.0, 18.0], geK4zcRCFs, 5712696]
[quote, [271.0, 507.0, 183.0, 18.0], geK4zcRCFs, 5712696]
[quote, [271.0, 525.0, 183.0, 18.0], geK4zcRCFs, 5712696]
[quote, [271.0, 543.0, 183.0, 18.0], geK4zcRCFs, 5712696]
[folio, [429.0, 694.0, 77.0, 18.0], qVpgw9JP1C, 5712696]
