[1763, 1275]
[chapter-title, [884.0, 120.0, 324.0, 58.5], BEIzgwJTbI, 5712859]
[index, [20.0, 183.0, 509.0, 36.0], nHnWQNQ-HB, 5712859]
[index, [20.0, 219.0, 509.0, 36.0], nHnWQNQ-HB, 5712859]
[index, [20.0, 255.0, 509.0, 36.0], nHnWQNQ-HB, 5712859]
[index, [20.0, 291.0, 509.0, 36.0], nHnWQNQ-HB, 5712859]
[index, [20.0, 327.0, 509.0, 36.0], nHnWQNQ-HB, 5712859]
[folio, [940.0, 221.0, 281.0, 36.0], phnhmheipn, 5712859]
[dateline, [1038.0, 270.0, 178.0, 64.5], XShLroHduj, 5712859]
[section-title, [800.0, 339.0, 426.0, 49.5], as8pSdumnw, 5712859]
[index, [22.0, 389.0, 571.0, 36.0], iBaPXjpnmd, 5712859]
[index, [22.0, 425.0, 571.0, 36.0], iBaPXjpnmd, 5712859]
[index, [22.0, 461.0, 571.0, 36.0], iBaPXjpnmd, 5712859]
[index, [22.0, 497.0, 571.0, 36.0], iBaPXjpnmd, 5712859]
[index, [22.0, 533.0, 571.0, 36.0], iBaPXjpnmd, 5712859]
[index, [22.0, 569.0, 571.0, 36.0], iBaPXjpnmd, 5712859]
[index, [22.0, 605.0, 571.0, 36.0], iBaPXjpnmd, 5712859]
[index, [22.0, 641.0, 571.0, 36.0], iBaPXjpnmd, 5712859]
[index, [22.0, 677.0, 571.0, 36.0], iBaPXjpnmd, 5712859]
[index, [22.0, 713.0, 571.0, 36.0], iBaPXjpnmd, 5712859]
[index, [22.0, 749.0, 571.0, 36.0], iBaPXjpnmd, 5712859]
[index, [22.0, 785.0, 571.0, 36.0], iBaPXjpnmd, 5712859]
[index, [22.0, 821.0, 571.0, 36.0], iBaPXjpnmd, 5712859]
[index, [22.0, 857.0, 571.0, 36.0], iBaPXjpnmd, 5712859]
[index, [22.0, 893.0, 571.0, 36.0], iBaPXjpnmd, 5712859]
[index, [22.0, 929.0, 571.0, 36.0], iBaPXjpnmd, 5712859]
[index, [22.0, 965.0, 571.0, 36.0], iBaPXjpnmd, 5712859]
[index, [22.0, 1001.0, 571.0, 36.0], iBaPXjpnmd, 5712859]
[index, [22.0, 1037.0, 571.0, 36.0], iBaPXjpnmd, 5712859]
[index, [22.0, 1073.0, 571.0, 36.0], iBaPXjpnmd, 5712859]
[index, [22.0, 1109.0, 571.0, 36.0], iBaPXjpnmd, 5712859]
[index, [22.0, 1145.0, 571.0, 36.0], iBaPXjpnmd, 5712859]
[index, [22.0, 1181.0, 571.0, 36.0], iBaPXjpnmd, 5712859]
[index, [22.0, 1217.0, 571.0, 36.0], iBaPXjpnmd, 5712859]
[index, [22.0, 1253.0, 571.0, 36.0], iBaPXjpnmd, 5712859]
[index, [22.0, 1289.0, 571.0, 36.0], iBaPXjpnmd, 5712859]
[index, [22.0, 1325.0, 571.0, 36.0], iBaPXjpnmd, 5712859]
[index, [22.0, 1361.0, 571.0, 36.0], iBaPXjpnmd, 5712859]
[index, [22.0, 1397.0, 571.0, 36.0], iBaPXjpnmd, 5712859]
[index, [22.0, 1433.0, 571.0, 36.0], iBaPXjpnmd, 5712859]
[index, [611.0, 431.0, 663.0, 36.0], L19jdtWLEH, 5712859]
[index, [611.0, 467.0, 663.0, 36.0], L19jdtWLEH, 5712859]
[index, [611.0, 503.0, 663.0, 36.0], L19jdtWLEH, 5712859]
[index, [611.0, 539.0, 663.0, 36.0], L19jdtWLEH, 5712859]
[index, [611.0, 575.0, 663.0, 36.0], L19jdtWLEH, 5712859]
[index, [611.0, 611.0, 663.0, 36.0], L19jdtWLEH, 5712859]
[index, [611.0, 647.0, 663.0, 36.0], L19jdtWLEH, 5712859]
[index, [611.0, 683.0, 663.0, 36.0], L19jdtWLEH, 5712859]
[index, [611.0, 719.0, 663.0, 36.0], L19jdtWLEH, 5712859]
[index, [611.0, 755.0, 663.0, 36.0], L19jdtWLEH, 5712859]
[index, [611.0, 791.0, 663.0, 36.0], L19jdtWLEH, 5712859]
[index, [611.0, 827.0, 663.0, 36.0], L19jdtWLEH, 5712859]
[index, [611.0, 863.0, 663.0, 36.0], L19jdtWLEH, 5712859]
[index, [611.0, 899.0, 663.0, 36.0], L19jdtWLEH, 5712859]
[index, [611.0, 935.0, 663.0, 36.0], L19jdtWLEH, 5712859]
[index, [611.0, 971.0, 663.0, 36.0], L19jdtWLEH, 5712859]
[index, [611.0, 1007.0, 663.0, 36.0], L19jdtWLEH, 5712859]
[index, [611.0, 1043.0, 663.0, 36.0], L19jdtWLEH, 5712859]
[index, [611.0, 1079.0, 663.0, 36.0], L19jdtWLEH, 5712859]
[index, [611.0, 1115.0, 663.0, 36.0], L19jdtWLEH, 5712859]
[index, [611.0, 1151.0, 663.0, 36.0], L19jdtWLEH, 5712859]
[index, [611.0, 1187.0, 663.0, 36.0], L19jdtWLEH, 5712859]
[index, [611.0, 1223.0, 663.0, 36.0], L19jdtWLEH, 5712859]
[index, [611.0, 1259.0, 663.0, 36.0], L19jdtWLEH, 5712859]
[index, [611.0, 1295.0, 663.0, 36.0], L19jdtWLEH, 5712859]
[contact-info, [726.0, 1364.0, 498.0, 36.0], HLCVnxP8y5, 5712859]
[contact-info, [726.0, 1400.0, 498.0, 36.0], HLCVnxP8y5, 5712859]
[contact-info, [726.0, 1436.0, 498.0, 36.0], HLCVnxP8y5, 5712859]
[contact-info, [726.0, 1472.0, 498.0, 36.0], HLCVnxP8y5, 5712859]
[index, [24.0, 1470.0, 285.0, 36.0], ZAPQy-Ixc-, 5712859]
[index, [24.0, 1506.0, 285.0, 36.0], ZAPQy-Ixc-, 5712859]
[index, [24.0, 1542.0, 285.0, 36.0], ZAPQy-Ixc-, 5712859]
[index, [24.0, 1578.0, 285.0, 36.0], ZAPQy-Ixc-, 5712859]
[index, [24.0, 1614.0, 285.0, 36.0], ZAPQy-Ixc-, 5712859]
[contact-info, [728.0, 1536.0, 509.0, 36.0], KOuM6ywUc7, 5712859]
[contact-info, [728.0, 1572.0, 509.0, 36.0], KOuM6ywUc7, 5712859]
[contact-info, [728.0, 1608.0, 509.0, 36.0], KOuM6ywUc7, 5712859]
