[2000, 1414]
[headline, [701.0, 1090.0, 553.0, 67.5], DoqEX2JUIT, 6515854]
[headline, [701.0, 1157.5, 553.0, 67.5], DoqEX2JUIT, 6515854]
[headline, [701.0, 1225.0, 553.0, 67.5], DoqEX2JUIT, 6515854]
[headline, [701.0, 1292.5, 553.0, 67.5], DoqEX2JUIT, 6515854]
[headline, [701.0, 1360.0, 553.0, 67.5], DoqEX2JUIT, 6515854]
[headline, [701.0, 1427.5, 553.0, 67.5], DoqEX2JUIT, 6515854]
[headline, [701.0, 1495.0, 553.0, 67.5], DoqEX2JUIT, 6515854]
[paragraph, [63.0, 1121.0, 456.0, 36.0], u71JrZxGI5, 6515854]
[paragraph, [63.0, 1157.0, 456.0, 36.0], u71JrZxGI5, 6515854]
[folio, [714.0, 1796.0, 143.0, 36.0], W9P37qGZ_Z, 6515854]
