[792, 612]
[flag, [437.0, 24.0, 94.0, 18.0], VUK5uk3qAz, 6515904]
[flag, [437.0, 42.0, 94.0, 18.0], VUK5uk3qAz, 6515904]
[flag, [45.0, 313.0, 218.0, 18.0], 7J3BFjx5KV, 6515904]
[flag, [45.0, 331.0, 218.0, 18.0], 7J3BFjx5KV, 6515904]
[flag, [45.0, 349.0, 218.0, 18.0], 7J3BFjx5KV, 6515904]
[flag, [45.0, 367.0, 218.0, 18.0], 7J3BFjx5KV, 6515904]
[flag, [45.0, 385.0, 218.0, 18.0], 7J3BFjx5KV, 6515904]
[headline, [40.0, 431.0, 216.0, 25.5], xHW9_yNYmw, 6515904]
[headline, [40.0, 456.5, 216.0, 25.5], xHW9_yNYmw, 6515904]
[headline, [40.0, 482.0, 216.0, 25.5], xHW9_yNYmw, 6515904]
[headline, [40.0, 507.5, 216.0, 25.5], xHW9_yNYmw, 6515904]
[headline, [40.0, 533.0, 216.0, 25.5], xHW9_yNYmw, 6515904]
[headline, [40.0, 558.5, 216.0, 25.5], xHW9_yNYmw, 6515904]
[paragraph, [44.0, 598.0, 203.0, 18.0], hGfGbBSgw0, 6515904]
[paragraph, [44.0, 616.0, 203.0, 18.0], hGfGbBSgw0, 6515904]
[paragraph, [44.0, 634.0, 203.0, 18.0], hGfGbBSgw0, 6515904]
[paragraph, [44.0, 652.0, 203.0, 18.0], hGfGbBSgw0, 6515904]
[paragraph, [44.0, 670.0, 203.0, 18.0], hGfGbBSgw0, 6515904]
[flag, [40.0, 730.0, 193.0, 18.0], 8XWVprtbGw, 6515904]
