[2000, 1414]
[paragraph, [875.0, 129.0, 389.0, 36.0], VIYhl-jZwv, 6516535]
[paragraph, [875.0, 165.0, 389.0, 36.0], VIYhl-jZwv, 6516535]
[paragraph, [875.0, 201.0, 389.0, 36.0], VIYhl-jZwv, 6516535]
[paragraph, [890.0, 1000.0, 418.0, 36.0], Ia6zvzqcnU, 6516535]
[paragraph, [890.0, 1036.0, 418.0, 36.0], Ia6zvzqcnU, 6516535]
[paragraph, [890.0, 1072.0, 418.0, 36.0], Ia6zvzqcnU, 6516535]
[paragraph, [890.0, 1108.0, 418.0, 36.0], Ia6zvzqcnU, 6516535]
[headline, [65.0, 1006.0, 722.0, 67.5], _z6sNWJruw, 6516535]
[headline, [65.0, 1073.5, 722.0, 67.5], _z6sNWJruw, 6516535]
[headline, [65.0, 1141.0, 722.0, 67.5], _z6sNWJruw, 6516535]
[paragraph, [884.0, 1260.0, 429.0, 36.0], 6YpcNIWMU7, 6516535]
[paragraph, [884.0, 1296.0, 429.0, 36.0], 6YpcNIWMU7, 6516535]
[paragraph, [884.0, 1332.0, 429.0, 36.0], 6YpcNIWMU7, 6516535]
[paragraph, [884.0, 1368.0, 429.0, 36.0], 6YpcNIWMU7, 6516535]
[paragraph, [873.0, 1625.0, 435.0, 36.0], lp02chs_8u, 6516535]
[paragraph, [873.0, 1661.0, 435.0, 36.0], lp02chs_8u, 6516535]
[paragraph, [873.0, 1697.0, 435.0, 36.0], lp02chs_8u, 6516535]
[paragraph, [873.0, 1733.0, 435.0, 36.0], lp02chs_8u, 6516535]
[folio, [74.0, 1794.0, 131.0, 36.0], 4VM8-URflp, 6516535]
