[792, 612]
[folio, [427.0, 25.0, 148.0, 18.0], Oh2DHZY_Gs, 6515646]
[folio, [427.0, 43.0, 148.0, 18.0], Oh2DHZY_Gs, 6515646]
[folio, [35.0, 317.0, 233.0, 18.0], fRFoBHpbjG, 6515646]
[folio, [35.0, 335.0, 233.0, 18.0], fRFoBHpbjG, 6515646]
[folio, [35.0, 353.0, 233.0, 18.0], fRFoBHpbjG, 6515646]
[folio, [35.0, 371.0, 233.0, 18.0], fRFoBHpbjG, 6515646]
[folio, [35.0, 389.0, 233.0, 18.0], fRFoBHpbjG, 6515646]
[headline, [34.0, 430.0, 220.0, 25.5], 6d-_az_AZI, 6515646]
[headline, [34.0, 455.5, 220.0, 25.5], 6d-_az_AZI, 6515646]
[headline, [34.0, 481.0, 220.0, 25.5], 6d-_az_AZI, 6515646]
[headline, [34.0, 506.5, 220.0, 25.5], 6d-_az_AZI, 6515646]
[headline, [34.0, 532.0, 220.0, 25.5], 6d-_az_AZI, 6515646]
[headline, [34.0, 557.5, 220.0, 25.5], 6d-_az_AZI, 6515646]
[paragraph, [43.0, 598.0, 211.0, 18.0], wTF5hWnCrQ, 6515646]
[paragraph, [43.0, 616.0, 211.0, 18.0], wTF5hWnCrQ, 6515646]
[paragraph, [43.0, 634.0, 211.0, 18.0], wTF5hWnCrQ, 6515646]
[paragraph, [43.0, 652.0, 211.0, 18.0], wTF5hWnCrQ, 6515646]
[paragraph, [43.0, 670.0, 211.0, 18.0], wTF5hWnCrQ, 6515646]
[website-link, [49.0, 710.0, 187.0, 18.0], ofFIU691ds, 6515646]
[website-link, [49.0, 728.0, 187.0, 18.0], ofFIU691ds, 6515646]
