[2000, 1414]
[headline, [713.0, 601.0, 499.0, 67.5], oD8ChnGGZA, 6516892]
[headline, [713.0, 668.5, 499.0, 67.5], oD8ChnGGZA, 6516892]
[headline, [713.0, 736.0, 499.0, 67.5], oD8ChnGGZA, 6516892]
[headline, [713.0, 803.5, 499.0, 67.5], oD8ChnGGZA, 6516892]
[quote, [310.0, 829.0, 280.0, 36.0], C0KBIimlZp, 6516892]
[quote, [310.0, 865.0, 280.0, 36.0], C0KBIimlZp, 6516892]
[quote, [310.0, 901.0, 280.0, 36.0], C0KBIimlZp, 6516892]
[paragraph, [725.0, 1004.0, 483.0, 36.0], MI-4cFt-y6, 6516892]
[paragraph, [725.0, 1040.0, 483.0, 36.0], MI-4cFt-y6, 6516892]
[paragraph, [312.0, 1011.0, 337.0, 36.0], 8-T20r7CE1, 6516892]
[paragraph, [312.0, 1047.0, 337.0, 36.0], 8-T20r7CE1, 6516892]
[paragraph, [312.0, 1083.0, 337.0, 36.0], 8-T20r7CE1, 6516892]
[paragraph, [722.0, 1214.0, 487.0, 36.0], RTjrzU0Fxq, 6516892]
[paragraph, [722.0, 1250.0, 487.0, 36.0], RTjrzU0Fxq, 6516892]
[paragraph, [725.0, 1461.0, 492.0, 36.0], 9Nwz1bpg6r, 6516892]
[paragraph, [725.0, 1497.0, 492.0, 36.0], 9Nwz1bpg6r, 6516892]
[paragraph, [725.0, 1652.0, 490.0, 36.0], FKNwA7mBKP, 6516892]
[paragraph, [725.0, 1688.0, 490.0, 36.0], FKNwA7mBKP, 6516892]
