[792, 612]
[headline, [47.0, 322.0, 208.0, 25.5], B0RYZ66qN7, 6515435]
[headline, [47.0, 347.5, 208.0, 25.5], B0RYZ66qN7, 6515435]
[headline, [47.0, 373.0, 208.0, 25.5], B0RYZ66qN7, 6515435]
[headline, [47.0, 398.5, 208.0, 25.5], B0RYZ66qN7, 6515435]
[headline, [47.0, 424.0, 208.0, 25.5], B0RYZ66qN7, 6515435]
[headline, [47.0, 449.5, 208.0, 25.5], B0RYZ66qN7, 6515435]
[headline, [47.0, 475.0, 208.0, 25.5], B0RYZ66qN7, 6515435]
[headline, [47.0, 500.5, 208.0, 25.5], B0RYZ66qN7, 6515435]
[headline, [47.0, 526.0, 208.0, 25.5], B0RYZ66qN7, 6515435]
[headline, [47.0, 551.5, 208.0, 25.5], B0RYZ66qN7, 6515435]
[figure-caption, [396.0, 450.0, 61.0, 18.0], fkX9dFQ78e, 6515435]
[figure-caption, [396.0, 468.0, 61.0, 18.0], fkX9dFQ78e, 6515435]
[figure-caption, [396.0, 486.0, 61.0, 18.0], fkX9dFQ78e, 6515435]
[paragraph, [47.0, 598.0, 191.0, 18.0], lK_EIuJrQK, 6515435]
[paragraph, [47.0, 616.0, 191.0, 18.0], lK_EIuJrQK, 6515435]
[paragraph, [47.0, 634.0, 191.0, 18.0], lK_EIuJrQK, 6515435]
[paragraph, [47.0, 652.0, 191.0, 18.0], lK_EIuJrQK, 6515435]
[paragraph, [47.0, 670.0, 191.0, 18.0], lK_EIuJrQK, 6515435]
