[792, 612]
[paragraph, [391.0, 83.0, 164.0, 18.0], G073WAqcoI, 6515886]
[paragraph, [391.0, 101.0, 164.0, 18.0], G073WAqcoI, 6515886]
[paragraph, [391.0, 119.0, 164.0, 18.0], G073WAqcoI, 6515886]
[paragraph, [391.0, 137.0, 164.0, 18.0], G073WAqcoI, 6515886]
[paragraph, [391.0, 155.0, 164.0, 18.0], G073WAqcoI, 6515886]
[paragraph, [391.0, 173.0, 164.0, 18.0], G073WAqcoI, 6515886]
[paragraph, [391.0, 191.0, 164.0, 18.0], G073WAqcoI, 6515886]
[paragraph, [391.0, 209.0, 164.0, 18.0], G073WAqcoI, 6515886]
[paragraph, [391.0, 227.0, 164.0, 18.0], G073WAqcoI, 6515886]
[paragraph, [391.0, 245.0, 164.0, 18.0], G073WAqcoI, 6515886]
[paragraph, [391.0, 263.0, 164.0, 18.0], G073WAqcoI, 6515886]
[paragraph, [391.0, 281.0, 164.0, 18.0], G073WAqcoI, 6515886]
[paragraph, [391.0, 299.0, 164.0, 18.0], G073WAqcoI, 6515886]
[paragraph, [391.0, 317.0, 164.0, 18.0], G073WAqcoI, 6515886]
[paragraph, [391.0, 335.0, 164.0, 18.0], G073WAqcoI, 6515886]
[paragraph, [391.0, 353.0, 164.0, 18.0], G073WAqcoI, 6515886]
[paragraph, [390.0, 388.0, 166.0, 18.0], 8Xx0mV_Z6y, 6515886]
[paragraph, [390.0, 406.0, 166.0, 18.0], 8Xx0mV_Z6y, 6515886]
[paragraph, [390.0, 424.0, 166.0, 18.0], 8Xx0mV_Z6y, 6515886]
[paragraph, [390.0, 442.0, 166.0, 18.0], 8Xx0mV_Z6y, 6515886]
[paragraph, [390.0, 460.0, 166.0, 18.0], 8Xx0mV_Z6y, 6515886]
[paragraph, [390.0, 478.0, 166.0, 18.0], 8Xx0mV_Z6y, 6515886]
[paragraph, [390.0, 496.0, 166.0, 18.0], 8Xx0mV_Z6y, 6515886]
[paragraph, [390.0, 514.0, 166.0, 18.0], 8Xx0mV_Z6y, 6515886]
[paragraph, [390.0, 532.0, 166.0, 18.0], 8Xx0mV_Z6y, 6515886]
[paragraph, [390.0, 550.0, 166.0, 18.0], 8Xx0mV_Z6y, 6515886]
[paragraph, [390.0, 568.0, 166.0, 18.0], 8Xx0mV_Z6y, 6515886]
[paragraph, [390.0, 586.0, 166.0, 18.0], 8Xx0mV_Z6y, 6515886]
[paragraph, [390.0, 604.0, 166.0, 18.0], 8Xx0mV_Z6y, 6515886]
[paragraph, [390.0, 622.0, 166.0, 18.0], 8Xx0mV_Z6y, 6515886]
[paragraph, [390.0, 640.0, 166.0, 18.0], 8Xx0mV_Z6y, 6515886]
[paragraph, [390.0, 658.0, 166.0, 18.0], 8Xx0mV_Z6y, 6515886]
[paragraph, [390.0, 676.0, 166.0, 18.0], 8Xx0mV_Z6y, 6515886]
[paragraph, [390.0, 694.0, 166.0, 18.0], 8Xx0mV_Z6y, 6515886]
[paragraph, [51.0, 537.0, 170.0, 18.0], gafsJORISY, 6515886]
[paragraph, [51.0, 555.0, 170.0, 18.0], gafsJORISY, 6515886]
[paragraph, [51.0, 573.0, 170.0, 18.0], gafsJORISY, 6515886]
[paragraph, [51.0, 591.0, 170.0, 18.0], gafsJORISY, 6515886]
[paragraph, [51.0, 609.0, 170.0, 18.0], gafsJORISY, 6515886]
[paragraph, [51.0, 627.0, 170.0, 18.0], gafsJORISY, 6515886]
[paragraph, [51.0, 645.0, 170.0, 18.0], gafsJORISY, 6515886]
[paragraph, [51.0, 663.0, 170.0, 18.0], gafsJORISY, 6515886]
[paragraph, [51.0, 681.0, 170.0, 18.0], gafsJORISY, 6515886]
[paragraph, [51.0, 699.0, 170.0, 18.0], gafsJORISY, 6515886]
[paragraph, [51.0, 717.0, 170.0, 18.0], gafsJORISY, 6515886]
[paragraph, [223.0, 541.0, 162.0, 18.0], QrHjZLW3_f, 6515886]
[paragraph, [223.0, 559.0, 162.0, 18.0], QrHjZLW3_f, 6515886]
[paragraph, [223.0, 577.0, 162.0, 18.0], QrHjZLW3_f, 6515886]
[paragraph, [223.0, 595.0, 162.0, 18.0], QrHjZLW3_f, 6515886]
[sidebar, [225.0, 622.0, 164.0, 18.0], z_gfMC6gMu, 6515886]
[sidebar, [225.0, 640.0, 164.0, 18.0], z_gfMC6gMu, 6515886]
[sidebar, [225.0, 658.0, 164.0, 18.0], z_gfMC6gMu, 6515886]
[sidebar, [225.0, 676.0, 164.0, 18.0], z_gfMC6gMu, 6515886]
[sidebar, [225.0, 694.0, 164.0, 18.0], z_gfMC6gMu, 6515886]
[sidebar, [225.0, 712.0, 164.0, 18.0], z_gfMC6gMu, 6515886]
[sidebar, [225.0, 730.0, 164.0, 18.0], z_gfMC6gMu, 6515886]
[paragraph, [393.0, 722.0, 164.0, 18.0], N35t956Joj, 6515886]
