[2000, 1414]
[paragraph, [44.0, 141.0, 1311.0, 36.0], lk2c0c_iPd, 6514472]
[paragraph, [44.0, 177.0, 1311.0, 36.0], lk2c0c_iPd, 6514472]
[paragraph, [44.0, 213.0, 1311.0, 36.0], lk2c0c_iPd, 6514472]
[paragraph, [44.0, 249.0, 1311.0, 36.0], lk2c0c_iPd, 6514472]
[paragraph, [44.0, 285.0, 1311.0, 36.0], lk2c0c_iPd, 6514472]
[paragraph, [44.0, 321.0, 1311.0, 36.0], lk2c0c_iPd, 6514472]
[paragraph, [44.0, 357.0, 1311.0, 36.0], lk2c0c_iPd, 6514472]
[paragraph, [44.0, 393.0, 1311.0, 36.0], lk2c0c_iPd, 6514472]
[paragraph, [44.0, 429.0, 1311.0, 36.0], lk2c0c_iPd, 6514472]
[folio, [379.0, 1454.0, 665.0, 36.0], imPuFowpp0, 6514472]
[folio, [379.0, 1490.0, 665.0, 36.0], imPuFowpp0, 6514472]
[folio, [379.0, 1526.0, 665.0, 36.0], imPuFowpp0, 6514472]
[folio, [379.0, 1562.0, 665.0, 36.0], imPuFowpp0, 6514472]
[section-title, [373.0, 1675.0, 635.0, 52.5], oNbHwvfDLA, 6514472]
[paragraph, [206.0, 1772.0, 1002.0, 36.0], 3tCgepxV70, 6514472]
[paragraph, [206.0, 1808.0, 1002.0, 36.0], 3tCgepxV70, 6514472]
[website-link, [1055.0, 1890.0, 282.0, 18.0], 88CWicanxn, 6514472]
