[2000, 1414]
[flag, [463.0, 197.0, 499.0, 36.0], shoonya_0sC157M9U0Q0D0, 6515259]
[flag, [463.0, 233.0, 499.0, 36.0], shoonya_0sC157M9U0Q0D0, 6515259]
[flag, [463.0, 269.0, 499.0, 36.0], shoonya_0sC157M9U0Q0D0, 6515259]
[flag, [463.0, 305.0, 499.0, 36.0], shoonya_0sC157M9U0Q0D0, 6515259]
[flag, [463.0, 341.0, 499.0, 36.0], shoonya_0sC157M9U0Q0D0, 6515259]
[headline, [475.0, 434.0, 463.0, 67.5], cwf-L8u2zM, 6515259]
[paragraph, [181.0, 1718.0, 383.0, 36.0], shoonya_6sWMCJ83IZJU36, 6515259]
[paragraph, [181.0, 1754.0, 383.0, 36.0], shoonya_6sWMCJ83IZJU36, 6515259]
[paragraph, [586.0, 1719.0, 383.0, 36.0], shoonya_5s432IW8P9682Q, 6515259]
[paragraph, [586.0, 1755.0, 383.0, 36.0], shoonya_5s432IW8P9682Q, 6515259]
