[792, 612]
[quote, [379.0, 96.0, 109.0, 18.0], shoonya_5sGA34LP3WTMCY, 6515022]
[quote, [220.0, 111.0, 76.0, 18.0], htT8hCayN8, 6515022]
[quote, [127.0, 238.0, 111.0, 18.0], shoonya_0s8LQMYPKR4JAT, 6515022]
[quote, [253.0, 238.0, 71.0, 18.0], shoonya_1s3AKQNH4U8TTX, 6515022]
[quote, [231.0, 393.0, 62.0, 18.0], tXNccbYa0X, 6515022]
[quote, [448.0, 393.0, 48.0, 18.0], 3jMoKNdQ52, 6515022]
[quote, [321.0, 405.0, 67.0, 18.0], xP_xDJtTtx, 6515022]
[quote, [321.0, 423.0, 67.0, 18.0], xP_xDJtTtx, 6515022]
[quote, [118.0, 529.0, 45.0, 18.0], msT5QuAn15, 6515022]
[quote, [210.0, 529.0, 47.0, 18.0], sRIudnOTyu, 6515022]
[quote, [210.0, 547.0, 47.0, 18.0], sRIudnOTyu, 6515022]
[quote, [276.0, 529.0, 58.0, 18.0], 0YzqBF28pi, 6515022]
[quote, [365.0, 529.0, 88.0, 18.0], 5hKEty0ZqK, 6515022]
