[576, 360]
[paragraph, [34.0, 222.0, 293.0, 18.0], WWo1i7wYA_, 6516284]
[paragraph, [34.0, 240.0, 293.0, 18.0], WWo1i7wYA_, 6516284]
[paragraph, [34.0, 258.0, 293.0, 18.0], WWo1i7wYA_, 6516284]
[paragraph, [34.0, 276.0, 293.0, 18.0], WWo1i7wYA_, 6516284]
[paragraph, [34.0, 294.0, 293.0, 18.0], WWo1i7wYA_, 6516284]
[paragraph, [34.0, 312.0, 293.0, 18.0], WWo1i7wYA_, 6516284]
[paragraph, [34.0, 330.0, 293.0, 18.0], WWo1i7wYA_, 6516284]
[paragraph, [34.0, 348.0, 293.0, 18.0], WWo1i7wYA_, 6516284]
[paragraph, [34.0, 366.0, 293.0, 18.0], WWo1i7wYA_, 6516284]
[paragraph, [34.0, 384.0, 293.0, 18.0], WWo1i7wYA_, 6516284]
[paragraph, [34.0, 402.0, 293.0, 18.0], WWo1i7wYA_, 6516284]
[paragraph, [34.0, 420.0, 293.0, 18.0], WWo1i7wYA_, 6516284]
[paragraph, [34.0, 438.0, 293.0, 18.0], WWo1i7wYA_, 6516284]
[paragraph, [34.0, 456.0, 293.0, 18.0], WWo1i7wYA_, 6516284]
[paragraph, [34.0, 474.0, 293.0, 18.0], WWo1i7wYA_, 6516284]
[paragraph, [34.0, 492.0, 293.0, 18.0], WWo1i7wYA_, 6516284]
[paragraph, [34.0, 510.0, 293.0, 18.0], WWo1i7wYA_, 6516284]
