[2000, 1414]
[paragraph, [49.0, 1011.0, 264.0, 36.0], 2BO47i-LlQ, 6516712]
[paragraph, [49.0, 1047.0, 264.0, 36.0], 2BO47i-LlQ, 6516712]
[paragraph, [49.0, 1083.0, 264.0, 36.0], 2BO47i-LlQ, 6516712]
[paragraph, [49.0, 1119.0, 264.0, 36.0], 2BO47i-LlQ, 6516712]
[quote, [478.0, 1053.0, 824.0, 36.0], yqqhFzjQnp, 6516712]
[quote, [478.0, 1089.0, 824.0, 36.0], yqqhFzjQnp, 6516712]
[quote, [478.0, 1125.0, 824.0, 36.0], yqqhFzjQnp, 6516712]
[quote, [478.0, 1161.0, 824.0, 36.0], yqqhFzjQnp, 6516712]
[quote, [478.0, 1197.0, 824.0, 36.0], yqqhFzjQnp, 6516712]
[quote, [478.0, 1233.0, 824.0, 36.0], yqqhFzjQnp, 6516712]
[quote, [478.0, 1269.0, 824.0, 36.0], yqqhFzjQnp, 6516712]
[quote, [478.0, 1305.0, 824.0, 36.0], yqqhFzjQnp, 6516712]
[paragraph, [492.0, 1429.0, 434.0, 36.0], o_fhIbIbnB, 6516712]
[paragraph, [492.0, 1465.0, 434.0, 36.0], o_fhIbIbnB, 6516712]
[paragraph, [492.0, 1501.0, 434.0, 36.0], o_fhIbIbnB, 6516712]
[paragraph, [492.0, 1537.0, 434.0, 36.0], o_fhIbIbnB, 6516712]
[paragraph, [930.0, 1433.0, 428.0, 36.0], gRurWAGLB_, 6516712]
[paragraph, [930.0, 1469.0, 428.0, 36.0], gRurWAGLB_, 6516712]
[paragraph, [930.0, 1505.0, 428.0, 36.0], gRurWAGLB_, 6516712]
[paragraph, [930.0, 1541.0, 428.0, 36.0], gRurWAGLB_, 6516712]
[folio, [49.0, 1894.0, 104.0, 36.0], _UzSBPp8LU, 6516712]
