[792, 612]
[paragraph, [76.0, 4.0, 154.0, 18.0], cUMzOyf3i1, 6516570]
[paragraph, [76.0, 22.0, 154.0, 18.0], cUMzOyf3i1, 6516570]
[paragraph, [76.0, 40.0, 154.0, 18.0], cUMzOyf3i1, 6516570]
[paragraph, [76.0, 58.0, 154.0, 18.0], cUMzOyf3i1, 6516570]
[paragraph, [76.0, 76.0, 154.0, 18.0], cUMzOyf3i1, 6516570]
[paragraph, [76.0, 94.0, 154.0, 18.0], cUMzOyf3i1, 6516570]
[paragraph, [76.0, 112.0, 154.0, 18.0], cUMzOyf3i1, 6516570]
[paragraph, [76.0, 130.0, 154.0, 18.0], cUMzOyf3i1, 6516570]
[paragraph, [76.0, 148.0, 154.0, 18.0], cUMzOyf3i1, 6516570]
[sidebar, [254.0, 9.0, 272.0, 18.0], peOCf4QxVW, 6516570]
[sidebar, [254.0, 27.0, 272.0, 18.0], peOCf4QxVW, 6516570]
[sidebar, [254.0, 45.0, 272.0, 18.0], peOCf4QxVW, 6516570]
[sidebar, [254.0, 63.0, 272.0, 18.0], peOCf4QxVW, 6516570]
[sidebar, [254.0, 81.0, 272.0, 18.0], peOCf4QxVW, 6516570]
[sidebar, [254.0, 99.0, 272.0, 18.0], peOCf4QxVW, 6516570]
[sidebar, [254.0, 117.0, 272.0, 18.0], peOCf4QxVW, 6516570]
[sidebar, [254.0, 135.0, 272.0, 18.0], peOCf4QxVW, 6516570]
[sidebar, [254.0, 153.0, 272.0, 18.0], peOCf4QxVW, 6516570]
[paragraph, [77.0, 177.0, 146.0, 18.0], L01SIhE0L3, 6516570]
[paragraph, [77.0, 195.0, 146.0, 18.0], L01SIhE0L3, 6516570]
[paragraph, [77.0, 213.0, 146.0, 18.0], L01SIhE0L3, 6516570]
[paragraph, [77.0, 231.0, 146.0, 18.0], L01SIhE0L3, 6516570]
[paragraph, [77.0, 249.0, 146.0, 18.0], L01SIhE0L3, 6516570]
[paragraph, [77.0, 267.0, 146.0, 18.0], L01SIhE0L3, 6516570]
[paragraph, [77.0, 285.0, 146.0, 18.0], L01SIhE0L3, 6516570]
[paragraph, [77.0, 303.0, 146.0, 18.0], L01SIhE0L3, 6516570]
[paragraph, [77.0, 321.0, 146.0, 18.0], L01SIhE0L3, 6516570]
[paragraph, [77.0, 339.0, 146.0, 18.0], L01SIhE0L3, 6516570]
[paragraph, [77.0, 357.0, 146.0, 18.0], L01SIhE0L3, 6516570]
[paragraph, [77.0, 375.0, 146.0, 18.0], L01SIhE0L3, 6516570]
[paragraph, [77.0, 393.0, 146.0, 18.0], L01SIhE0L3, 6516570]
[paragraph, [77.0, 411.0, 146.0, 18.0], L01SIhE0L3, 6516570]
[paragraph, [77.0, 429.0, 146.0, 18.0], L01SIhE0L3, 6516570]
[paragraph, [77.0, 447.0, 146.0, 18.0], L01SIhE0L3, 6516570]
[paragraph, [77.0, 465.0, 146.0, 18.0], L01SIhE0L3, 6516570]
[paragraph, [77.0, 483.0, 146.0, 18.0], L01SIhE0L3, 6516570]
[paragraph, [77.0, 501.0, 146.0, 18.0], L01SIhE0L3, 6516570]
[paragraph, [77.0, 519.0, 146.0, 18.0], L01SIhE0L3, 6516570]
[paragraph, [233.0, 195.0, 149.0, 18.0], xGLl-Ca_Kf, 6516570]
[paragraph, [233.0, 213.0, 149.0, 18.0], xGLl-Ca_Kf, 6516570]
[paragraph, [233.0, 231.0, 149.0, 18.0], xGLl-Ca_Kf, 6516570]
[paragraph, [233.0, 249.0, 149.0, 18.0], xGLl-Ca_Kf, 6516570]
[paragraph, [233.0, 267.0, 149.0, 18.0], xGLl-Ca_Kf, 6516570]
[paragraph, [233.0, 285.0, 149.0, 18.0], xGLl-Ca_Kf, 6516570]
[paragraph, [233.0, 303.0, 149.0, 18.0], xGLl-Ca_Kf, 6516570]
[paragraph, [233.0, 321.0, 149.0, 18.0], xGLl-Ca_Kf, 6516570]
[paragraph, [233.0, 339.0, 149.0, 18.0], xGLl-Ca_Kf, 6516570]
[paragraph, [233.0, 357.0, 149.0, 18.0], xGLl-Ca_Kf, 6516570]
[paragraph, [233.0, 375.0, 149.0, 18.0], xGLl-Ca_Kf, 6516570]
[paragraph, [388.0, 195.0, 151.0, 18.0], t1qjQhU7G_, 6516570]
[paragraph, [388.0, 213.0, 151.0, 18.0], t1qjQhU7G_, 6516570]
[paragraph, [388.0, 231.0, 151.0, 18.0], t1qjQhU7G_, 6516570]
[paragraph, [388.0, 249.0, 151.0, 18.0], t1qjQhU7G_, 6516570]
[paragraph, [387.0, 283.0, 148.0, 18.0], G9hOvJ87ow, 6516570]
[paragraph, [387.0, 301.0, 148.0, 18.0], G9hOvJ87ow, 6516570]
[paragraph, [387.0, 319.0, 148.0, 18.0], G9hOvJ87ow, 6516570]
[paragraph, [387.0, 337.0, 148.0, 18.0], G9hOvJ87ow, 6516570]
[paragraph, [387.0, 355.0, 148.0, 18.0], G9hOvJ87ow, 6516570]
[paragraph, [387.0, 384.0, 151.0, 18.0], 88VT2iY6Se, 6516570]
[paragraph, [387.0, 402.0, 151.0, 18.0], 88VT2iY6Se, 6516570]
[paragraph, [387.0, 420.0, 151.0, 18.0], 88VT2iY6Se, 6516570]
[paragraph, [232.0, 399.0, 146.0, 18.0], B1s1wr_MT0, 6516570]
[paragraph, [232.0, 417.0, 146.0, 18.0], B1s1wr_MT0, 6516570]
[paragraph, [232.0, 435.0, 146.0, 18.0], B1s1wr_MT0, 6516570]
[paragraph, [389.0, 457.0, 148.0, 18.0], Ngt-O6-NjG, 6516570]
[paragraph, [389.0, 475.0, 148.0, 18.0], Ngt-O6-NjG, 6516570]
[paragraph, [389.0, 493.0, 148.0, 18.0], Ngt-O6-NjG, 6516570]
[paragraph, [389.0, 511.0, 148.0, 18.0], Ngt-O6-NjG, 6516570]
[paragraph, [389.0, 529.0, 148.0, 18.0], Ngt-O6-NjG, 6516570]
[paragraph, [231.0, 458.0, 147.0, 18.0], IXHHbeFErW, 6516570]
[paragraph, [231.0, 476.0, 147.0, 18.0], IXHHbeFErW, 6516570]
[paragraph, [231.0, 494.0, 147.0, 18.0], IXHHbeFErW, 6516570]
[paragraph, [231.0, 512.0, 147.0, 18.0], IXHHbeFErW, 6516570]
[paragraph, [231.0, 530.0, 147.0, 18.0], IXHHbeFErW, 6516570]
[paragraph, [231.0, 548.0, 147.0, 18.0], IXHHbeFErW, 6516570]
[paragraph, [231.0, 566.0, 147.0, 18.0], IXHHbeFErW, 6516570]
[paragraph, [76.0, 550.0, 146.0, 18.0], X5zpz-mXoS, 6516570]
[paragraph, [76.0, 568.0, 146.0, 18.0], X5zpz-mXoS, 6516570]
[paragraph, [76.0, 586.0, 146.0, 18.0], X5zpz-mXoS, 6516570]
[paragraph, [76.0, 604.0, 146.0, 18.0], X5zpz-mXoS, 6516570]
[contact-info, [403.0, 560.0, 131.0, 18.0], i1o3h1a8q4, 6516570]
[contact-info, [403.0, 578.0, 131.0, 18.0], i1o3h1a8q4, 6516570]
[contact-info, [403.0, 596.0, 131.0, 18.0], i1o3h1a8q4, 6516570]
[paragraph, [233.0, 586.0, 148.0, 18.0], 0tcQu8Agwv, 6516570]
[paragraph, [233.0, 604.0, 148.0, 18.0], 0tcQu8Agwv, 6516570]
