[2000, 1414]
[folio, [691.0, 73.0, 678.0, 36.0], Pf1VQl94SI, 6514819]
[folio, [691.0, 109.0, 678.0, 36.0], Pf1VQl94SI, 6514819]
[folio, [691.0, 145.0, 678.0, 36.0], Pf1VQl94SI, 6514819]
[folio, [691.0, 181.0, 678.0, 36.0], Pf1VQl94SI, 6514819]
[folio, [691.0, 217.0, 678.0, 36.0], Pf1VQl94SI, 6514819]
[folio, [691.0, 253.0, 678.0, 36.0], Pf1VQl94SI, 6514819]
[folio, [691.0, 289.0, 678.0, 36.0], Pf1VQl94SI, 6514819]
[folio, [691.0, 325.0, 678.0, 36.0], Pf1VQl94SI, 6514819]
[folio, [691.0, 361.0, 678.0, 36.0], Pf1VQl94SI, 6514819]
[folio, [691.0, 397.0, 678.0, 36.0], Pf1VQl94SI, 6514819]
[folio, [691.0, 433.0, 678.0, 36.0], Pf1VQl94SI, 6514819]
[folio, [691.0, 469.0, 678.0, 36.0], Pf1VQl94SI, 6514819]
[headline, [74.0, 86.0, 315.0, 67.5], shoonya_2sEEI4ZHT27ZVJ, 6514819]
[section-title, [1228.0, 1279.0, 106.0, 52.5], ANfHAVZTrn, 6514819]
[section-title, [1228.0, 1331.5, 106.0, 52.5], ANfHAVZTrn, 6514819]
[section-title, [1228.0, 1384.0, 106.0, 52.5], ANfHAVZTrn, 6514819]
[paragraph, [75.0, 1753.0, 870.0, 36.0], shoonya_0sQ17DMSMCJONT, 6514819]
[paragraph, [75.0, 1789.0, 870.0, 36.0], shoonya_0sQ17DMSMCJONT, 6514819]
