[792, 612]
[folio, [66.0, 32.0, 57.0, 18.0], hORdGKX29_, 6514228]
[paragraph, [394.0, 431.0, 163.0, 18.0], dmfNeEjsTT, 6514228]
[paragraph, [394.0, 449.0, 163.0, 18.0], dmfNeEjsTT, 6514228]
[paragraph, [394.0, 467.0, 163.0, 18.0], dmfNeEjsTT, 6514228]
[paragraph, [394.0, 485.0, 163.0, 18.0], dmfNeEjsTT, 6514228]
[paragraph, [49.0, 434.0, 169.0, 18.0], 9z6dzFVQvE, 6514228]
[paragraph, [49.0, 452.0, 169.0, 18.0], 9z6dzFVQvE, 6514228]
[paragraph, [49.0, 470.0, 169.0, 18.0], 9z6dzFVQvE, 6514228]
[paragraph, [49.0, 488.0, 169.0, 18.0], 9z6dzFVQvE, 6514228]
[paragraph, [49.0, 506.0, 169.0, 18.0], 9z6dzFVQvE, 6514228]
[paragraph, [49.0, 524.0, 169.0, 18.0], 9z6dzFVQvE, 6514228]
[paragraph, [49.0, 542.0, 169.0, 18.0], 9z6dzFVQvE, 6514228]
[paragraph, [49.0, 560.0, 169.0, 18.0], 9z6dzFVQvE, 6514228]
[sidebar, [222.0, 447.0, 166.0, 18.0], bZ3qsec2SK, 6514228]
[sidebar, [222.0, 465.0, 166.0, 18.0], bZ3qsec2SK, 6514228]
[sidebar, [222.0, 483.0, 166.0, 18.0], bZ3qsec2SK, 6514228]
[sidebar, [222.0, 501.0, 166.0, 18.0], bZ3qsec2SK, 6514228]
[sidebar, [222.0, 519.0, 166.0, 18.0], bZ3qsec2SK, 6514228]
[sidebar, [222.0, 537.0, 166.0, 18.0], bZ3qsec2SK, 6514228]
[sidebar, [222.0, 555.0, 166.0, 18.0], bZ3qsec2SK, 6514228]
[sidebar, [222.0, 573.0, 166.0, 18.0], bZ3qsec2SK, 6514228]
[paragraph, [393.0, 517.0, 163.0, 18.0], 6dmQ35aC5-, 6514228]
[paragraph, [393.0, 535.0, 163.0, 18.0], 6dmQ35aC5-, 6514228]
[paragraph, [393.0, 553.0, 163.0, 18.0], 6dmQ35aC5-, 6514228]
[paragraph, [393.0, 571.0, 163.0, 18.0], 6dmQ35aC5-, 6514228]
[paragraph, [393.0, 589.0, 163.0, 18.0], 6dmQ35aC5-, 6514228]
[paragraph, [393.0, 607.0, 163.0, 18.0], 6dmQ35aC5-, 6514228]
[paragraph, [393.0, 625.0, 163.0, 18.0], 6dmQ35aC5-, 6514228]
[paragraph, [393.0, 643.0, 163.0, 18.0], 6dmQ35aC5-, 6514228]
[paragraph, [393.0, 661.0, 163.0, 18.0], 6dmQ35aC5-, 6514228]
[paragraph, [111.0, 592.0, 106.0, 18.0], Df9O-bDVle, 6514228]
[paragraph, [226.0, 609.0, 164.0, 18.0], spOMwX67vd, 6514228]
[paragraph, [226.0, 627.0, 164.0, 18.0], spOMwX67vd, 6514228]
[paragraph, [250.0, 662.0, 134.0, 18.0], libb5IStZ5, 6514228]
[paragraph, [255.0, 688.0, 132.0, 18.0], NU7_zL9aRq, 6514228]
[paragraph, [255.0, 706.0, 132.0, 18.0], NU7_zL9aRq, 6514228]
[paragraph, [393.0, 698.0, 162.0, 18.0], d-y_bTgUZB, 6514228]
[paragraph, [393.0, 716.0, 162.0, 18.0], d-y_bTgUZB, 6514228]
[paragraph, [393.0, 734.0, 162.0, 18.0], d-y_bTgUZB, 6514228]
