[1565, 1152]
[headline, [142.0, 103.0, 666.0, 37.5], vXpktqh5e4, 5722239]
[headline, [142.0, 140.5, 666.0, 37.5], vXpktqh5e4, 5722239]
[headline, [142.0, 178.0, 666.0, 37.5], vXpktqh5e4, 5722239]
[headline, [142.0, 215.5, 666.0, 37.5], vXpktqh5e4, 5722239]
[paragraph, [149.0, 346.0, 928.0, 36.0], vhxmUx_COO, 5722239]
[paragraph, [148.0, 441.0, 928.0, 36.0], cJRf4pi_4U, 5722239]
[paragraph, [148.0, 477.0, 928.0, 36.0], cJRf4pi_4U, 5722239]
[paragraph, [148.0, 513.0, 928.0, 36.0], cJRf4pi_4U, 5722239]
[paragraph, [145.0, 555.0, 928.0, 36.0], VOAdpCih8u, 5722239]
[paragraph, [145.0, 591.0, 928.0, 36.0], VOAdpCih8u, 5722239]
[paragraph, [145.0, 627.0, 928.0, 36.0], VOAdpCih8u, 5722239]
[paragraph, [145.0, 663.0, 928.0, 36.0], VOAdpCih8u, 5722239]
[paragraph, [145.0, 699.0, 928.0, 36.0], VOAdpCih8u, 5722239]
[paragraph, [145.0, 735.0, 928.0, 36.0], VOAdpCih8u, 5722239]
[paragraph, [142.0, 777.0, 934.0, 36.0], 3czYt1QoQy, 5722239]
[paragraph, [142.0, 813.0, 934.0, 36.0], 3czYt1QoQy, 5722239]
[paragraph, [142.0, 849.0, 934.0, 36.0], 3czYt1QoQy, 5722239]
[paragraph, [145.0, 912.0, 931.0, 36.0], _Jz9RzlSVi, 5722239]
[paragraph, [145.0, 948.0, 931.0, 36.0], _Jz9RzlSVi, 5722239]
[paragraph, [145.0, 984.0, 931.0, 36.0], _Jz9RzlSVi, 5722239]
[paragraph, [148.0, 1025.0, 927.0, 36.0], kAYUeQGzv2, 5722239]
[paragraph, [148.0, 1061.0, 927.0, 36.0], kAYUeQGzv2, 5722239]
[paragraph, [148.0, 1116.0, 924.0, 36.0], DAwLiPqkCS, 5722239]
[paragraph, [148.0, 1152.0, 924.0, 36.0], DAwLiPqkCS, 5722239]
[paragraph, [144.0, 1206.0, 927.0, 36.0], 0e5LC70eQ0, 5722239]
[paragraph, [144.0, 1242.0, 927.0, 36.0], 0e5LC70eQ0, 5722239]
[paragraph, [144.0, 1278.0, 927.0, 36.0], 0e5LC70eQ0, 5722239]
[paragraph, [144.0, 1314.0, 927.0, 36.0], 0e5LC70eQ0, 5722239]
[paragraph, [144.0, 1350.0, 927.0, 36.0], 0e5LC70eQ0, 5722239]
[paragraph, [144.0, 1386.0, 927.0, 36.0], 0e5LC70eQ0, 5722239]
