[2000, 1414]
[quote, [684.0, 238.0, 536.0, 36.0], F9P1k79YaC, 6515757]
[quote, [684.0, 274.0, 536.0, 36.0], F9P1k79YaC, 6515757]
[quote, [684.0, 310.0, 536.0, 36.0], F9P1k79YaC, 6515757]
[quote, [684.0, 346.0, 536.0, 36.0], F9P1k79YaC, 6515757]
[quote, [684.0, 382.0, 536.0, 36.0], F9P1k79YaC, 6515757]
[paragraph, [131.0, 966.0, 466.0, 36.0], shoonya_1sMCZ2OA5V3C60, 6515757]
[paragraph, [131.0, 1002.0, 466.0, 36.0], shoonya_1sMCZ2OA5V3C60, 6515757]
[paragraph, [131.0, 1038.0, 466.0, 36.0], shoonya_1sMCZ2OA5V3C60, 6515757]
[paragraph, [131.0, 1074.0, 466.0, 36.0], shoonya_1sMCZ2OA5V3C60, 6515757]
[paragraph, [131.0, 1110.0, 466.0, 36.0], shoonya_1sMCZ2OA5V3C60, 6515757]
[paragraph, [131.0, 1146.0, 466.0, 36.0], shoonya_1sMCZ2OA5V3C60, 6515757]
