[792, 612]
[paragraph, [71.0, 2.0, 154.0, 18.0], QYYz0tJK8q, 6514248]
[paragraph, [71.0, 20.0, 154.0, 18.0], QYYz0tJK8q, 6514248]
[paragraph, [71.0, 38.0, 154.0, 18.0], QYYz0tJK8q, 6514248]
[paragraph, [71.0, 56.0, 154.0, 18.0], QYYz0tJK8q, 6514248]
[paragraph, [71.0, 74.0, 154.0, 18.0], QYYz0tJK8q, 6514248]
[paragraph, [71.0, 92.0, 154.0, 18.0], QYYz0tJK8q, 6514248]
[paragraph, [71.0, 110.0, 154.0, 18.0], QYYz0tJK8q, 6514248]
[paragraph, [71.0, 128.0, 154.0, 18.0], QYYz0tJK8q, 6514248]
[paragraph, [340.0, 72.0, 159.0, 18.0], _wLsxe_zL4, 6514248]
[paragraph, [340.0, 90.0, 159.0, 18.0], _wLsxe_zL4, 6514248]
[paragraph, [340.0, 108.0, 159.0, 18.0], _wLsxe_zL4, 6514248]
[paragraph, [340.0, 126.0, 159.0, 18.0], _wLsxe_zL4, 6514248]
[paragraph, [340.0, 144.0, 159.0, 18.0], _wLsxe_zL4, 6514248]
[paragraph, [340.0, 162.0, 159.0, 18.0], _wLsxe_zL4, 6514248]
[paragraph, [340.0, 180.0, 159.0, 18.0], _wLsxe_zL4, 6514248]
[paragraph, [340.0, 198.0, 159.0, 18.0], _wLsxe_zL4, 6514248]
[paragraph, [340.0, 216.0, 159.0, 18.0], _wLsxe_zL4, 6514248]
[paragraph, [340.0, 234.0, 159.0, 18.0], _wLsxe_zL4, 6514248]
[paragraph, [340.0, 252.0, 159.0, 18.0], _wLsxe_zL4, 6514248]
[paragraph, [340.0, 270.0, 159.0, 18.0], _wLsxe_zL4, 6514248]
[paragraph, [340.0, 288.0, 159.0, 18.0], _wLsxe_zL4, 6514248]
[paragraph, [340.0, 306.0, 159.0, 18.0], _wLsxe_zL4, 6514248]
[paragraph, [340.0, 324.0, 159.0, 18.0], _wLsxe_zL4, 6514248]
[paragraph, [340.0, 342.0, 159.0, 18.0], _wLsxe_zL4, 6514248]
[paragraph, [340.0, 360.0, 159.0, 18.0], _wLsxe_zL4, 6514248]
[paragraph, [340.0, 378.0, 159.0, 18.0], _wLsxe_zL4, 6514248]
[paragraph, [340.0, 396.0, 159.0, 18.0], _wLsxe_zL4, 6514248]
[paragraph, [340.0, 414.0, 159.0, 18.0], _wLsxe_zL4, 6514248]
[paragraph, [340.0, 432.0, 159.0, 18.0], _wLsxe_zL4, 6514248]
[paragraph, [340.0, 450.0, 159.0, 18.0], _wLsxe_zL4, 6514248]
[paragraph, [340.0, 468.0, 159.0, 18.0], _wLsxe_zL4, 6514248]
[paragraph, [340.0, 486.0, 159.0, 18.0], _wLsxe_zL4, 6514248]
[paragraph, [73.0, 198.0, 130.0, 18.0], v3lHOwr9F0, 6514248]
[paragraph, [73.0, 216.0, 130.0, 18.0], v3lHOwr9F0, 6514248]
[paragraph, [73.0, 234.0, 130.0, 18.0], v3lHOwr9F0, 6514248]
[paragraph, [73.0, 252.0, 130.0, 18.0], v3lHOwr9F0, 6514248]
[paragraph, [73.0, 270.0, 130.0, 18.0], v3lHOwr9F0, 6514248]
[paragraph, [73.0, 288.0, 130.0, 18.0], v3lHOwr9F0, 6514248]
[paragraph, [73.0, 306.0, 130.0, 18.0], v3lHOwr9F0, 6514248]
[paragraph, [73.0, 324.0, 130.0, 18.0], v3lHOwr9F0, 6514248]
[paragraph, [73.0, 342.0, 130.0, 18.0], v3lHOwr9F0, 6514248]
[paragraph, [73.0, 360.0, 130.0, 18.0], v3lHOwr9F0, 6514248]
[paragraph, [73.0, 378.0, 130.0, 18.0], v3lHOwr9F0, 6514248]
[paragraph, [73.0, 396.0, 130.0, 18.0], v3lHOwr9F0, 6514248]
[paragraph, [73.0, 414.0, 130.0, 18.0], v3lHOwr9F0, 6514248]
[paragraph, [73.0, 432.0, 130.0, 18.0], v3lHOwr9F0, 6514248]
[paragraph, [73.0, 450.0, 130.0, 18.0], v3lHOwr9F0, 6514248]
[paragraph, [73.0, 468.0, 130.0, 18.0], v3lHOwr9F0, 6514248]
[paragraph, [73.0, 486.0, 130.0, 18.0], v3lHOwr9F0, 6514248]
[paragraph, [73.0, 504.0, 130.0, 18.0], v3lHOwr9F0, 6514248]
[paragraph, [73.0, 522.0, 130.0, 18.0], v3lHOwr9F0, 6514248]
[paragraph, [73.0, 540.0, 130.0, 18.0], v3lHOwr9F0, 6514248]
[paragraph, [73.0, 558.0, 130.0, 18.0], v3lHOwr9F0, 6514248]
[paragraph, [73.0, 576.0, 130.0, 18.0], v3lHOwr9F0, 6514248]
[paragraph, [333.0, 563.0, 151.0, 18.0], q0ovN-H1Mm, 6514248]
[paragraph, [333.0, 581.0, 151.0, 18.0], q0ovN-H1Mm, 6514248]
[paragraph, [333.0, 599.0, 151.0, 18.0], q0ovN-H1Mm, 6514248]
[paragraph, [333.0, 617.0, 151.0, 18.0], q0ovN-H1Mm, 6514248]
[contact-info, [86.0, 602.0, 142.0, 18.0], RZ-0v0qzra, 6514248]
