[2000, 1414]
[folio, [1077.0, 83.0, 241.0, 36.0], shoonya_2s66XWJJY5U5FZ, 6515959]
[headline, [378.0, 146.0, 656.0, 67.5], shoonya_3sIUABVOAZ4NNZ, 6515959]
[folio, [472.0, 360.0, 475.0, 36.0], shoonya_0sTWT7MGZ5Z34N, 6515959]
[author, [94.0, 548.0, 1224.0, 36.0], 6inVqzCasV, 6515959]
[author, [94.0, 584.0, 1224.0, 36.0], 6inVqzCasV, 6515959]
[author, [94.0, 620.0, 1224.0, 36.0], 6inVqzCasV, 6515959]
[author, [94.0, 656.0, 1224.0, 36.0], 6inVqzCasV, 6515959]
[author, [94.0, 692.0, 1224.0, 36.0], 6inVqzCasV, 6515959]
[author, [94.0, 728.0, 1224.0, 36.0], 6inVqzCasV, 6515959]
[author, [94.0, 764.0, 1224.0, 36.0], 6inVqzCasV, 6515959]
[author, [94.0, 800.0, 1224.0, 36.0], 6inVqzCasV, 6515959]
[author, [94.0, 836.0, 1224.0, 36.0], 6inVqzCasV, 6515959]
[author, [94.0, 872.0, 1224.0, 36.0], 6inVqzCasV, 6515959]
[author, [94.0, 908.0, 1224.0, 36.0], 6inVqzCasV, 6515959]
[author, [94.0, 944.0, 1224.0, 36.0], 6inVqzCasV, 6515959]
[author, [94.0, 980.0, 1224.0, 36.0], 6inVqzCasV, 6515959]
[author, [94.0, 1016.0, 1224.0, 36.0], 6inVqzCasV, 6515959]
[author, [94.0, 1052.0, 1224.0, 36.0], 6inVqzCasV, 6515959]
[author, [94.0, 1088.0, 1224.0, 36.0], 6inVqzCasV, 6515959]
[author, [94.0, 1124.0, 1224.0, 36.0], 6inVqzCasV, 6515959]
[author, [94.0, 1160.0, 1224.0, 36.0], 6inVqzCasV, 6515959]
[author, [94.0, 1196.0, 1224.0, 36.0], 6inVqzCasV, 6515959]
[author, [94.0, 1232.0, 1224.0, 36.0], 6inVqzCasV, 6515959]
[author, [94.0, 1268.0, 1224.0, 36.0], 6inVqzCasV, 6515959]
[author, [94.0, 1304.0, 1224.0, 36.0], 6inVqzCasV, 6515959]
[author, [94.0, 1340.0, 1224.0, 36.0], 6inVqzCasV, 6515959]
[author, [94.0, 1376.0, 1224.0, 36.0], 6inVqzCasV, 6515959]
[author, [94.0, 1412.0, 1224.0, 36.0], 6inVqzCasV, 6515959]
[author, [94.0, 1448.0, 1224.0, 36.0], 6inVqzCasV, 6515959]
[author, [94.0, 1484.0, 1224.0, 36.0], 6inVqzCasV, 6515959]
[author, [94.0, 1520.0, 1224.0, 36.0], 6inVqzCasV, 6515959]
[author, [94.0, 1556.0, 1224.0, 36.0], 6inVqzCasV, 6515959]
[author, [94.0, 1592.0, 1224.0, 36.0], 6inVqzCasV, 6515959]
[author, [94.0, 1628.0, 1224.0, 36.0], 6inVqzCasV, 6515959]
[author, [94.0, 1664.0, 1224.0, 36.0], 6inVqzCasV, 6515959]
[author, [94.0, 1700.0, 1224.0, 36.0], 6inVqzCasV, 6515959]
[author, [94.0, 1736.0, 1224.0, 36.0], 6inVqzCasV, 6515959]
[author, [94.0, 1772.0, 1224.0, 36.0], 6inVqzCasV, 6515959]
[author, [94.0, 1808.0, 1224.0, 36.0], 6inVqzCasV, 6515959]
[website-link, [1043.0, 1915.0, 282.0, 18.0], -3DftGHn5k, 6515959]
