[2000, 1414]
[folio, [295.0, 167.0, 850.0, 36.0], NfFpF01p_9, 6514223]
[folio, [295.0, 203.0, 850.0, 36.0], NfFpF01p_9, 6514223]
[headline, [304.0, 304.0, 847.0, 67.5], YaDlwnaQt2, 6514223]
[headline, [304.0, 371.5, 847.0, 67.5], YaDlwnaQt2, 6514223]
[headline, [304.0, 439.0, 847.0, 67.5], YaDlwnaQt2, 6514223]
[headline, [304.0, 506.5, 847.0, 67.5], YaDlwnaQt2, 6514223]
[headline, [304.0, 574.0, 847.0, 67.5], YaDlwnaQt2, 6514223]
[headline, [304.0, 641.5, 847.0, 67.5], YaDlwnaQt2, 6514223]
[author, [573.0, 1472.0, 296.0, 36.0], I1FeVaVL4Y, 6514223]
[paragraph, [316.0, 1602.0, 791.0, 36.0], vNGReqfQ7H, 6514223]
[paragraph, [316.0, 1638.0, 791.0, 36.0], vNGReqfQ7H, 6514223]
