[792, 612]
[folio, [62.0, 53.0, 111.0, 18.0], Ilg6HIp0pt, 6516241]
[headline, [146.0, 113.0, 318.0, 25.5], qBBnsygB3y, 6516241]
[author, [247.0, 147.0, 122.0, 18.0], cjD9459xlU, 6516241]
[paragraph, [57.0, 181.0, 162.0, 18.0], FwLV6BsYTe, 6516241]
[paragraph, [57.0, 199.0, 162.0, 18.0], FwLV6BsYTe, 6516241]
[paragraph, [57.0, 217.0, 162.0, 18.0], FwLV6BsYTe, 6516241]
[paragraph, [57.0, 235.0, 162.0, 18.0], FwLV6BsYTe, 6516241]
[paragraph, [57.0, 253.0, 162.0, 18.0], FwLV6BsYTe, 6516241]
[paragraph, [57.0, 271.0, 162.0, 18.0], FwLV6BsYTe, 6516241]
[paragraph, [57.0, 289.0, 162.0, 18.0], FwLV6BsYTe, 6516241]
[paragraph, [57.0, 307.0, 162.0, 18.0], FwLV6BsYTe, 6516241]
[paragraph, [57.0, 325.0, 162.0, 18.0], FwLV6BsYTe, 6516241]
[paragraph, [57.0, 343.0, 162.0, 18.0], FwLV6BsYTe, 6516241]
[paragraph, [57.0, 361.0, 162.0, 18.0], FwLV6BsYTe, 6516241]
[paragraph, [57.0, 379.0, 162.0, 18.0], FwLV6BsYTe, 6516241]
[paragraph, [57.0, 397.0, 162.0, 18.0], FwLV6BsYTe, 6516241]
[paragraph, [57.0, 415.0, 162.0, 18.0], FwLV6BsYTe, 6516241]
[paragraph, [57.0, 433.0, 162.0, 18.0], FwLV6BsYTe, 6516241]
[paragraph, [57.0, 451.0, 162.0, 18.0], FwLV6BsYTe, 6516241]
[paragraph, [57.0, 469.0, 162.0, 18.0], FwLV6BsYTe, 6516241]
[paragraph, [57.0, 487.0, 162.0, 18.0], FwLV6BsYTe, 6516241]
[paragraph, [57.0, 505.0, 162.0, 18.0], FwLV6BsYTe, 6516241]
[paragraph, [57.0, 523.0, 162.0, 18.0], FwLV6BsYTe, 6516241]
[paragraph, [57.0, 541.0, 162.0, 18.0], FwLV6BsYTe, 6516241]
[paragraph, [57.0, 559.0, 162.0, 18.0], FwLV6BsYTe, 6516241]
[paragraph, [57.0, 577.0, 162.0, 18.0], FwLV6BsYTe, 6516241]
[paragraph, [389.0, 187.0, 162.0, 18.0], sJk99gi-4j, 6516241]
[paragraph, [389.0, 205.0, 162.0, 18.0], sJk99gi-4j, 6516241]
[paragraph, [389.0, 223.0, 162.0, 18.0], sJk99gi-4j, 6516241]
[paragraph, [389.0, 241.0, 162.0, 18.0], sJk99gi-4j, 6516241]
[paragraph, [389.0, 259.0, 162.0, 18.0], sJk99gi-4j, 6516241]
[paragraph, [389.0, 277.0, 162.0, 18.0], sJk99gi-4j, 6516241]
[paragraph, [389.0, 295.0, 162.0, 18.0], sJk99gi-4j, 6516241]
[paragraph, [389.0, 313.0, 162.0, 18.0], sJk99gi-4j, 6516241]
[paragraph, [389.0, 331.0, 162.0, 18.0], sJk99gi-4j, 6516241]
[paragraph, [389.0, 349.0, 162.0, 18.0], sJk99gi-4j, 6516241]
[paragraph, [389.0, 367.0, 162.0, 18.0], sJk99gi-4j, 6516241]
[paragraph, [389.0, 385.0, 162.0, 18.0], sJk99gi-4j, 6516241]
[paragraph, [389.0, 403.0, 162.0, 18.0], sJk99gi-4j, 6516241]
[paragraph, [389.0, 421.0, 162.0, 18.0], sJk99gi-4j, 6516241]
[paragraph, [225.0, 308.0, 160.0, 18.0], 81UO4eSu0D, 6516241]
[paragraph, [225.0, 326.0, 160.0, 18.0], 81UO4eSu0D, 6516241]
[paragraph, [225.0, 344.0, 160.0, 18.0], 81UO4eSu0D, 6516241]
[paragraph, [225.0, 362.0, 160.0, 18.0], 81UO4eSu0D, 6516241]
[paragraph, [225.0, 380.0, 160.0, 18.0], 81UO4eSu0D, 6516241]
[paragraph, [225.0, 398.0, 160.0, 18.0], 81UO4eSu0D, 6516241]
[paragraph, [225.0, 416.0, 160.0, 18.0], 81UO4eSu0D, 6516241]
[paragraph, [225.0, 434.0, 160.0, 18.0], 81UO4eSu0D, 6516241]
[paragraph, [225.0, 452.0, 160.0, 18.0], 81UO4eSu0D, 6516241]
[paragraph, [225.0, 470.0, 160.0, 18.0], 81UO4eSu0D, 6516241]
[paragraph, [225.0, 488.0, 160.0, 18.0], 81UO4eSu0D, 6516241]
[paragraph, [225.0, 506.0, 160.0, 18.0], 81UO4eSu0D, 6516241]
[paragraph, [225.0, 524.0, 160.0, 18.0], 81UO4eSu0D, 6516241]
[paragraph, [225.0, 542.0, 160.0, 18.0], 81UO4eSu0D, 6516241]
[paragraph, [225.0, 560.0, 160.0, 18.0], 81UO4eSu0D, 6516241]
[paragraph, [225.0, 578.0, 160.0, 18.0], 81UO4eSu0D, 6516241]
[paragraph, [225.0, 596.0, 160.0, 18.0], 81UO4eSu0D, 6516241]
[paragraph, [225.0, 614.0, 160.0, 18.0], 81UO4eSu0D, 6516241]
[paragraph, [225.0, 632.0, 160.0, 18.0], 81UO4eSu0D, 6516241]
[paragraph, [225.0, 650.0, 160.0, 18.0], 81UO4eSu0D, 6516241]
[paragraph, [225.0, 668.0, 160.0, 18.0], 81UO4eSu0D, 6516241]
[paragraph, [225.0, 686.0, 160.0, 18.0], 81UO4eSu0D, 6516241]
[paragraph, [390.0, 454.0, 162.0, 18.0], KgsIS8Sp70, 6516241]
[paragraph, [390.0, 472.0, 162.0, 18.0], KgsIS8Sp70, 6516241]
[paragraph, [390.0, 490.0, 162.0, 18.0], KgsIS8Sp70, 6516241]
[paragraph, [390.0, 508.0, 162.0, 18.0], KgsIS8Sp70, 6516241]
[paragraph, [390.0, 526.0, 162.0, 18.0], KgsIS8Sp70, 6516241]
[paragraph, [390.0, 544.0, 162.0, 18.0], KgsIS8Sp70, 6516241]
[paragraph, [390.0, 562.0, 162.0, 18.0], KgsIS8Sp70, 6516241]
[paragraph, [390.0, 580.0, 162.0, 18.0], KgsIS8Sp70, 6516241]
[paragraph, [390.0, 598.0, 162.0, 18.0], KgsIS8Sp70, 6516241]
[paragraph, [390.0, 616.0, 162.0, 18.0], KgsIS8Sp70, 6516241]
[paragraph, [390.0, 634.0, 162.0, 18.0], KgsIS8Sp70, 6516241]
[paragraph, [390.0, 652.0, 162.0, 18.0], KgsIS8Sp70, 6516241]
[paragraph, [57.0, 598.0, 161.0, 18.0], 7dp-vR4wQT, 6516241]
[paragraph, [57.0, 616.0, 161.0, 18.0], 7dp-vR4wQT, 6516241]
[paragraph, [57.0, 634.0, 161.0, 18.0], 7dp-vR4wQT, 6516241]
[paragraph, [57.0, 652.0, 161.0, 18.0], 7dp-vR4wQT, 6516241]
[paragraph, [57.0, 670.0, 161.0, 18.0], 7dp-vR4wQT, 6516241]
[paragraph, [57.0, 688.0, 161.0, 18.0], 7dp-vR4wQT, 6516241]
[paragraph, [390.0, 676.0, 159.0, 18.0], JVxm-9yxoS, 6516241]
[paragraph, [390.0, 694.0, 159.0, 18.0], JVxm-9yxoS, 6516241]
