[1571, 1128]
[folio, [72.0, 45.0, 106.0, 36.0], S1uP2ZtSMb, 6471619]
[folio, [287.0, 155.0, 122.0, 36.0], WKHkk7xCJ_, 6471619]
[folio, [287.0, 191.0, 122.0, 36.0], WKHkk7xCJ_, 6471619]
[folio, [287.0, 227.0, 122.0, 36.0], WKHkk7xCJ_, 6471619]
[folio, [287.0, 263.0, 122.0, 36.0], WKHkk7xCJ_, 6471619]
[folio, [287.0, 299.0, 122.0, 36.0], WKHkk7xCJ_, 6471619]
[folio, [287.0, 335.0, 122.0, 36.0], WKHkk7xCJ_, 6471619]
[folio, [287.0, 371.0, 122.0, 36.0], WKHkk7xCJ_, 6471619]
[folio, [287.0, 407.0, 122.0, 36.0], WKHkk7xCJ_, 6471619]
[folio, [287.0, 443.0, 122.0, 36.0], WKHkk7xCJ_, 6471619]
[folio, [287.0, 479.0, 122.0, 36.0], WKHkk7xCJ_, 6471619]
[folio, [287.0, 515.0, 122.0, 36.0], WKHkk7xCJ_, 6471619]
[folio, [287.0, 551.0, 122.0, 36.0], WKHkk7xCJ_, 6471619]
[folio, [287.0, 587.0, 122.0, 36.0], WKHkk7xCJ_, 6471619]
[folio, [287.0, 659.0, 122.0, 36.0], WKHkk7xCJ_, 6471619]
[folio, [287.0, 695.0, 122.0, 36.0], WKHkk7xCJ_, 6471619]
[folio, [287.0, 731.0, 122.0, 36.0], WKHkk7xCJ_, 6471619]
[folio, [287.0, 767.0, 122.0, 36.0], WKHkk7xCJ_, 6471619]
[folio, [287.0, 803.0, 122.0, 36.0], WKHkk7xCJ_, 6471619]
[folio, [287.0, 839.0, 122.0, 36.0], WKHkk7xCJ_, 6471619]
[folio, [287.0, 875.0, 122.0, 36.0], WKHkk7xCJ_, 6471619]
[folio, [287.0, 911.0, 122.0, 36.0], WKHkk7xCJ_, 6471619]
[folio, [287.0, 947.0, 122.0, 36.0], WKHkk7xCJ_, 6471619]
[folio, [287.0, 983.0, 122.0, 36.0], WKHkk7xCJ_, 6471619]
[folio, [287.0, 1019.0, 122.0, 36.0], WKHkk7xCJ_, 6471619]
[folio, [287.0, 1055.0, 122.0, 36.0], WKHkk7xCJ_, 6471619]
[folio, [287.0, 1091.0, 122.0, 36.0], WKHkk7xCJ_, 6471619]
[folio, [287.0, 1127.0, 122.0, 36.0], WKHkk7xCJ_, 6471619]
[folio, [287.0, 1163.0, 122.0, 36.0], WKHkk7xCJ_, 6471619]
[folio, [287.0, 1199.0, 122.0, 36.0], WKHkk7xCJ_, 6471619]
[folio, [287.0, 1235.0, 122.0, 36.0], WKHkk7xCJ_, 6471619]
[folio, [287.0, 1271.0, 122.0, 36.0], WKHkk7xCJ_, 6471619]
[folio, [287.0, 1307.0, 122.0, 36.0], WKHkk7xCJ_, 6471619]
[folio, [287.0, 1343.0, 122.0, 36.0], WKHkk7xCJ_, 6471619]
