[842, 595]
[folio, [360.0, 45.0, 74.0, 18.0], NfqaZiOA7h, 5742615]
[flag, [92.0, 76.0, 415.0, 18.0], e248SaZTM5, 5742615]
[flag, [92.0, 94.0, 415.0, 18.0], e248SaZTM5, 5742615]
[flag, [92.0, 112.0, 415.0, 18.0], e248SaZTM5, 5742615]
[flag, [92.0, 130.0, 415.0, 18.0], e248SaZTM5, 5742615]
[flag, [92.0, 148.0, 415.0, 18.0], e248SaZTM5, 5742615]
[flag, [92.0, 166.0, 415.0, 18.0], e248SaZTM5, 5742615]
[flag, [92.0, 184.0, 415.0, 18.0], e248SaZTM5, 5742615]
[website-link, [469.0, 136.0, 82.0, 18.0], shoonya_1s2WTBIUGNMDZ1, 5742615]
