[2339, 1656]
[headline, [683.0, 179.0, 294.0, 67.5], shoonya_3s80A8KNXD7977, 5752615]
[paragraph, [159.0, 304.0, 495.0, 36.0], XITVbxjBft, 5752615]
[paragraph, [159.0, 340.0, 495.0, 36.0], XITVbxjBft, 5752615]
[paragraph, [159.0, 376.0, 495.0, 36.0], XITVbxjBft, 5752615]
[paragraph, [159.0, 412.0, 495.0, 36.0], XITVbxjBft, 5752615]
[paragraph, [159.0, 448.0, 495.0, 36.0], XITVbxjBft, 5752615]
[paragraph, [159.0, 484.0, 495.0, 36.0], XITVbxjBft, 5752615]
[paragraph, [184.0, 659.0, 555.0, 36.0], _T7U9VW3Dm, 5752615]
[paragraph, [184.0, 695.0, 555.0, 36.0], _T7U9VW3Dm, 5752615]
[paragraph, [184.0, 731.0, 555.0, 36.0], _T7U9VW3Dm, 5752615]
[paragraph, [184.0, 767.0, 555.0, 36.0], _T7U9VW3Dm, 5752615]
[paragraph, [184.0, 803.0, 555.0, 36.0], _T7U9VW3Dm, 5752615]
[paragraph, [184.0, 839.0, 555.0, 36.0], _T7U9VW3Dm, 5752615]
[paragraph, [180.0, 1028.0, 650.0, 36.0], Il1pQbj1m7, 5752615]
[paragraph, [180.0, 1064.0, 650.0, 36.0], Il1pQbj1m7, 5752615]
[paragraph, [180.0, 1100.0, 650.0, 36.0], Il1pQbj1m7, 5752615]
[paragraph, [180.0, 1136.0, 650.0, 36.0], Il1pQbj1m7, 5752615]
[paragraph, [180.0, 1172.0, 650.0, 36.0], Il1pQbj1m7, 5752615]
[paragraph, [180.0, 1208.0, 650.0, 36.0], Il1pQbj1m7, 5752615]
[paragraph, [184.0, 1385.0, 621.0, 36.0], XO7u94BS-e, 5752615]
[paragraph, [184.0, 1421.0, 621.0, 36.0], XO7u94BS-e, 5752615]
[paragraph, [184.0, 1457.0, 621.0, 36.0], XO7u94BS-e, 5752615]
[paragraph, [184.0, 1493.0, 621.0, 36.0], XO7u94BS-e, 5752615]
[paragraph, [184.0, 1529.0, 621.0, 36.0], XO7u94BS-e, 5752615]
[paragraph, [184.0, 1565.0, 621.0, 36.0], XO7u94BS-e, 5752615]
[paragraph, [184.0, 1601.0, 621.0, 36.0], XO7u94BS-e, 5752615]
[paragraph, [184.0, 1637.0, 621.0, 36.0], XO7u94BS-e, 5752615]
[paragraph, [184.0, 1673.0, 621.0, 36.0], XO7u94BS-e, 5752615]
[author, [868.0, 1864.0, 659.0, 36.0], _tOog8KX_4, 5752615]
[author, [868.0, 1900.0, 659.0, 36.0], _tOog8KX_4, 5752615]
[author, [868.0, 1936.0, 659.0, 36.0], _tOog8KX_4, 5752615]
[author, [868.0, 1972.0, 659.0, 36.0], _tOog8KX_4, 5752615]
[folio, [98.0, 2183.0, 485.0, 36.0], shoonya_2s5ZC164OTTVCC, 5752615]
