[2339, 1656]
[paragraph, [279.0, 188.0, 536.0, 36.0], A-WSj8jC0S, 5752304]
[paragraph, [279.0, 224.0, 536.0, 36.0], A-WSj8jC0S, 5752304]
[paragraph, [279.0, 260.0, 536.0, 36.0], A-WSj8jC0S, 5752304]
[paragraph, [279.0, 296.0, 536.0, 36.0], A-WSj8jC0S, 5752304]
[paragraph, [279.0, 332.0, 536.0, 36.0], A-WSj8jC0S, 5752304]
[paragraph, [279.0, 368.0, 536.0, 36.0], A-WSj8jC0S, 5752304]
[paragraph, [279.0, 404.0, 536.0, 36.0], A-WSj8jC0S, 5752304]
[paragraph, [279.0, 440.0, 536.0, 36.0], A-WSj8jC0S, 5752304]
[paragraph, [279.0, 476.0, 536.0, 36.0], A-WSj8jC0S, 5752304]
[paragraph, [279.0, 512.0, 536.0, 36.0], A-WSj8jC0S, 5752304]
[paragraph, [279.0, 548.0, 536.0, 36.0], A-WSj8jC0S, 5752304]
[paragraph, [279.0, 584.0, 536.0, 36.0], A-WSj8jC0S, 5752304]
[paragraph, [279.0, 620.0, 536.0, 36.0], A-WSj8jC0S, 5752304]
[paragraph, [279.0, 656.0, 536.0, 36.0], A-WSj8jC0S, 5752304]
[paragraph, [279.0, 692.0, 536.0, 36.0], A-WSj8jC0S, 5752304]
[paragraph, [279.0, 728.0, 536.0, 36.0], A-WSj8jC0S, 5752304]
[paragraph, [279.0, 764.0, 536.0, 36.0], A-WSj8jC0S, 5752304]
[paragraph, [279.0, 800.0, 536.0, 36.0], A-WSj8jC0S, 5752304]
[paragraph, [279.0, 836.0, 536.0, 36.0], A-WSj8jC0S, 5752304]
[paragraph, [279.0, 872.0, 536.0, 36.0], A-WSj8jC0S, 5752304]
[paragraph, [279.0, 908.0, 536.0, 36.0], A-WSj8jC0S, 5752304]
[paragraph, [279.0, 944.0, 536.0, 36.0], A-WSj8jC0S, 5752304]
[paragraph, [279.0, 980.0, 536.0, 36.0], A-WSj8jC0S, 5752304]
[paragraph, [279.0, 1016.0, 536.0, 36.0], A-WSj8jC0S, 5752304]
[paragraph, [279.0, 1052.0, 536.0, 36.0], A-WSj8jC0S, 5752304]
[paragraph, [279.0, 1088.0, 536.0, 36.0], A-WSj8jC0S, 5752304]
[paragraph, [279.0, 1124.0, 536.0, 36.0], A-WSj8jC0S, 5752304]
[paragraph, [279.0, 1160.0, 536.0, 36.0], A-WSj8jC0S, 5752304]
[paragraph, [279.0, 1196.0, 536.0, 36.0], A-WSj8jC0S, 5752304]
[paragraph, [279.0, 1232.0, 536.0, 36.0], A-WSj8jC0S, 5752304]
[paragraph, [279.0, 1268.0, 536.0, 36.0], A-WSj8jC0S, 5752304]
[paragraph, [279.0, 1304.0, 536.0, 36.0], A-WSj8jC0S, 5752304]
[paragraph, [279.0, 1340.0, 536.0, 36.0], A-WSj8jC0S, 5752304]
[paragraph, [279.0, 1376.0, 536.0, 36.0], A-WSj8jC0S, 5752304]
[paragraph, [279.0, 1412.0, 536.0, 36.0], A-WSj8jC0S, 5752304]
[author, [890.0, 1349.0, 668.0, 36.0], f-aFrx0x3n, 5752304]
[author, [890.0, 1385.0, 668.0, 36.0], f-aFrx0x3n, 5752304]
[author, [890.0, 1421.0, 668.0, 36.0], f-aFrx0x3n, 5752304]
[author, [890.0, 1457.0, 668.0, 36.0], f-aFrx0x3n, 5752304]
[author, [890.0, 1493.0, 668.0, 36.0], f-aFrx0x3n, 5752304]
[folio, [1130.0, 2167.0, 484.0, 36.0], BN1bcE1Wg9, 5752304]
[dateline, [1208.0, 2241.0, 405.0, 64.5], vNP6Mzgk3x, 5752304]
