[2200, 1700]
[flag, [85.0, 1097.0, 1271.0, 36.0], CVin9T6yrG, 5752627]
[flag, [85.0, 1133.0, 1271.0, 36.0], CVin9T6yrG, 5752627]
[flag, [85.0, 1169.0, 1271.0, 36.0], CVin9T6yrG, 5752627]
[flag, [85.0, 1205.0, 1271.0, 36.0], CVin9T6yrG, 5752627]
[flag, [85.0, 1241.0, 1271.0, 36.0], CVin9T6yrG, 5752627]
[flag, [85.0, 1277.0, 1271.0, 36.0], CVin9T6yrG, 5752627]
[flag, [85.0, 1313.0, 1271.0, 36.0], CVin9T6yrG, 5752627]
[flag, [85.0, 1349.0, 1271.0, 36.0], CVin9T6yrG, 5752627]
[author, [93.0, 1391.0, 425.0, 36.0], wh_5NZ90Qn, 5752627]
[author, [93.0, 1427.0, 425.0, 36.0], wh_5NZ90Qn, 5752627]
[paragraph, [78.0, 1825.0, 1489.0, 36.0], oiXz4JfhnG, 5752627]
[paragraph, [78.0, 1861.0, 1489.0, 36.0], oiXz4JfhnG, 5752627]
[paragraph, [78.0, 1897.0, 1489.0, 36.0], oiXz4JfhnG, 5752627]
[paragraph, [78.0, 1933.0, 1489.0, 36.0], oiXz4JfhnG, 5752627]
[paragraph, [78.0, 1969.0, 1489.0, 36.0], oiXz4JfhnG, 5752627]
