[1667, 1042]
[paragraph, [110.0, 114.0, 851.0, 36.0], TkvsvSXIIv, 5752922]
[paragraph, [110.0, 150.0, 851.0, 36.0], TkvsvSXIIv, 5752922]
[paragraph, [110.0, 186.0, 851.0, 36.0], TkvsvSXIIv, 5752922]
[paragraph, [110.0, 222.0, 851.0, 36.0], TkvsvSXIIv, 5752922]
[paragraph, [106.0, 266.0, 454.0, 36.0], AWAh_xxhU-, 5752922]
[headline, [166.0, 408.0, 737.0, 37.5], D9h5AJTU2E, 5752922]
[paragraph, [112.0, 519.0, 853.0, 36.0], Q-Q_5hh6cn, 5752922]
[paragraph, [112.0, 555.0, 853.0, 36.0], Q-Q_5hh6cn, 5752922]
[paragraph, [112.0, 591.0, 853.0, 36.0], Q-Q_5hh6cn, 5752922]
[paragraph, [112.0, 627.0, 853.0, 36.0], Q-Q_5hh6cn, 5752922]
[paragraph, [112.0, 663.0, 853.0, 36.0], Q-Q_5hh6cn, 5752922]
[paragraph, [112.0, 699.0, 853.0, 36.0], Q-Q_5hh6cn, 5752922]
[paragraph, [110.0, 769.0, 853.0, 36.0], vsUD20EXQ9, 5752922]
[paragraph, [110.0, 805.0, 853.0, 36.0], vsUD20EXQ9, 5752922]
[paragraph, [110.0, 841.0, 853.0, 36.0], vsUD20EXQ9, 5752922]
[paragraph, [110.0, 877.0, 853.0, 36.0], vsUD20EXQ9, 5752922]
[paragraph, [110.0, 913.0, 853.0, 36.0], vsUD20EXQ9, 5752922]
[paragraph, [110.0, 949.0, 853.0, 36.0], vsUD20EXQ9, 5752922]
[paragraph, [110.0, 985.0, 853.0, 36.0], vsUD20EXQ9, 5752922]
[paragraph, [110.0, 1021.0, 853.0, 36.0], vsUD20EXQ9, 5752922]
[paragraph, [106.0, 1069.0, 855.0, 36.0], dqhVN1wbRV, 5752922]
[paragraph, [106.0, 1105.0, 855.0, 36.0], dqhVN1wbRV, 5752922]
[paragraph, [108.0, 1174.0, 849.0, 36.0], vBpZ74RudQ, 5752922]
[paragraph, [108.0, 1210.0, 849.0, 36.0], vBpZ74RudQ, 5752922]
[paragraph, [108.0, 1246.0, 849.0, 36.0], vBpZ74RudQ, 5752922]
[paragraph, [108.0, 1282.0, 849.0, 36.0], vBpZ74RudQ, 5752922]
[paragraph, [108.0, 1318.0, 849.0, 36.0], vBpZ74RudQ, 5752922]
[paragraph, [108.0, 1354.0, 849.0, 36.0], vBpZ74RudQ, 5752922]
[paragraph, [108.0, 1390.0, 849.0, 36.0], vBpZ74RudQ, 5752922]
[paragraph, [108.0, 1426.0, 849.0, 36.0], vBpZ74RudQ, 5752922]
[paragraph, [108.0, 1462.0, 849.0, 36.0], vBpZ74RudQ, 5752922]
