[2339, 1654]
[paragraph, [122.0, 145.0, 1407.0, 36.0], CXX-bg6x2c, 5753076]
[paragraph, [122.0, 181.0, 1407.0, 36.0], CXX-bg6x2c, 5753076]
[paragraph, [122.0, 217.0, 1407.0, 36.0], CXX-bg6x2c, 5753076]
[paragraph, [122.0, 253.0, 1407.0, 36.0], CXX-bg6x2c, 5753076]
[paragraph, [122.0, 289.0, 1407.0, 36.0], CXX-bg6x2c, 5753076]
[paragraph, [122.0, 325.0, 1407.0, 36.0], CXX-bg6x2c, 5753076]
[paragraph, [122.0, 361.0, 1407.0, 36.0], CXX-bg6x2c, 5753076]
[paragraph, [122.0, 397.0, 1407.0, 36.0], CXX-bg6x2c, 5753076]
[paragraph, [122.0, 433.0, 1407.0, 36.0], CXX-bg6x2c, 5753076]
[paragraph, [122.0, 469.0, 1407.0, 36.0], CXX-bg6x2c, 5753076]
[paragraph, [122.0, 505.0, 1407.0, 36.0], CXX-bg6x2c, 5753076]
[paragraph, [122.0, 541.0, 1407.0, 36.0], CXX-bg6x2c, 5753076]
[paragraph, [122.0, 577.0, 1407.0, 36.0], CXX-bg6x2c, 5753076]
[paragraph, [122.0, 613.0, 1407.0, 36.0], CXX-bg6x2c, 5753076]
[paragraph, [122.0, 649.0, 1407.0, 36.0], CXX-bg6x2c, 5753076]
[paragraph, [122.0, 685.0, 1407.0, 36.0], CXX-bg6x2c, 5753076]
[paragraph, [122.0, 721.0, 1407.0, 36.0], CXX-bg6x2c, 5753076]
[paragraph, [122.0, 757.0, 1407.0, 36.0], CXX-bg6x2c, 5753076]
[paragraph, [113.0, 818.0, 1407.0, 36.0], xie0_iUl4r, 5753076]
[paragraph, [113.0, 854.0, 1407.0, 36.0], xie0_iUl4r, 5753076]
[paragraph, [113.0, 890.0, 1407.0, 36.0], xie0_iUl4r, 5753076]
[paragraph, [113.0, 926.0, 1407.0, 36.0], xie0_iUl4r, 5753076]
[paragraph, [113.0, 962.0, 1407.0, 36.0], xie0_iUl4r, 5753076]
[paragraph, [113.0, 998.0, 1407.0, 36.0], xie0_iUl4r, 5753076]
[paragraph, [113.0, 1034.0, 1407.0, 36.0], xie0_iUl4r, 5753076]
[paragraph, [113.0, 1070.0, 1407.0, 36.0], xie0_iUl4r, 5753076]
[paragraph, [113.0, 1106.0, 1407.0, 36.0], xie0_iUl4r, 5753076]
[paragraph, [113.0, 1142.0, 1407.0, 36.0], xie0_iUl4r, 5753076]
[paragraph, [113.0, 1178.0, 1407.0, 36.0], xie0_iUl4r, 5753076]
[paragraph, [113.0, 1214.0, 1407.0, 36.0], xie0_iUl4r, 5753076]
[paragraph, [113.0, 1250.0, 1407.0, 36.0], xie0_iUl4r, 5753076]
[paragraph, [113.0, 1286.0, 1407.0, 36.0], xie0_iUl4r, 5753076]
[paragraph, [113.0, 1322.0, 1407.0, 36.0], xie0_iUl4r, 5753076]
[paragraph, [124.0, 1384.0, 1399.0, 36.0], cgtXxDjilj, 5753076]
[paragraph, [124.0, 1420.0, 1399.0, 36.0], cgtXxDjilj, 5753076]
[paragraph, [124.0, 1456.0, 1399.0, 36.0], cgtXxDjilj, 5753076]
[paragraph, [124.0, 1492.0, 1399.0, 36.0], cgtXxDjilj, 5753076]
[paragraph, [124.0, 1528.0, 1399.0, 36.0], cgtXxDjilj, 5753076]
[paragraph, [124.0, 1564.0, 1399.0, 36.0], cgtXxDjilj, 5753076]
[paragraph, [124.0, 1600.0, 1399.0, 36.0], cgtXxDjilj, 5753076]
[paragraph, [115.0, 1686.0, 1405.0, 36.0], gnKsNn1G0S, 5753076]
[paragraph, [115.0, 1722.0, 1405.0, 36.0], gnKsNn1G0S, 5753076]
[paragraph, [115.0, 1758.0, 1405.0, 36.0], gnKsNn1G0S, 5753076]
[paragraph, [115.0, 1794.0, 1405.0, 36.0], gnKsNn1G0S, 5753076]
[paragraph, [115.0, 1830.0, 1405.0, 36.0], gnKsNn1G0S, 5753076]
[paragraph, [115.0, 1866.0, 1405.0, 36.0], gnKsNn1G0S, 5753076]
[paragraph, [115.0, 1902.0, 1405.0, 36.0], gnKsNn1G0S, 5753076]
[paragraph, [115.0, 1938.0, 1405.0, 36.0], gnKsNn1G0S, 5753076]
[author, [970.0, 2013.0, 511.0, 36.0], Q_dCfmuVCU, 5753076]
[author, [970.0, 2049.0, 511.0, 36.0], Q_dCfmuVCU, 5753076]
