[2337, 1653]
[paragraph, [445.0, 131.0, 1019.0, 36.0], shoonya_0sR1NI606K6J4L, 5752520]
[paragraph, [445.0, 167.0, 1019.0, 36.0], shoonya_0sR1NI606K6J4L, 5752520]
[paragraph, [445.0, 203.0, 1019.0, 36.0], shoonya_0sR1NI606K6J4L, 5752520]
[paragraph, [445.0, 239.0, 1019.0, 36.0], shoonya_0sR1NI606K6J4L, 5752520]
[paragraph, [445.0, 275.0, 1019.0, 36.0], shoonya_0sR1NI606K6J4L, 5752520]
[paragraph, [445.0, 311.0, 1019.0, 36.0], shoonya_0sR1NI606K6J4L, 5752520]
[paragraph, [445.0, 347.0, 1019.0, 36.0], shoonya_0sR1NI606K6J4L, 5752520]
[paragraph, [445.0, 383.0, 1019.0, 36.0], shoonya_0sR1NI606K6J4L, 5752520]
[paragraph, [442.0, 508.0, 1026.0, 36.0], 7be7J2qvkP, 5752520]
[paragraph, [442.0, 544.0, 1026.0, 36.0], 7be7J2qvkP, 5752520]
[paragraph, [442.0, 580.0, 1026.0, 36.0], 7be7J2qvkP, 5752520]
[paragraph, [442.0, 616.0, 1026.0, 36.0], 7be7J2qvkP, 5752520]
[paragraph, [442.0, 652.0, 1026.0, 36.0], 7be7J2qvkP, 5752520]
[paragraph, [442.0, 688.0, 1026.0, 36.0], 7be7J2qvkP, 5752520]
[paragraph, [442.0, 724.0, 1026.0, 36.0], 7be7J2qvkP, 5752520]
[paragraph, [442.0, 760.0, 1026.0, 36.0], 7be7J2qvkP, 5752520]
[paragraph, [442.0, 796.0, 1026.0, 36.0], 7be7J2qvkP, 5752520]
[paragraph, [442.0, 832.0, 1026.0, 36.0], 7be7J2qvkP, 5752520]
[paragraph, [442.0, 868.0, 1026.0, 36.0], 7be7J2qvkP, 5752520]
[paragraph, [442.0, 904.0, 1026.0, 36.0], 7be7J2qvkP, 5752520]
[paragraph, [442.0, 940.0, 1026.0, 36.0], 7be7J2qvkP, 5752520]
[paragraph, [442.0, 976.0, 1026.0, 36.0], 7be7J2qvkP, 5752520]
[paragraph, [442.0, 1012.0, 1026.0, 36.0], 7be7J2qvkP, 5752520]
[paragraph, [442.0, 1048.0, 1026.0, 36.0], 7be7J2qvkP, 5752520]
[paragraph, [442.0, 1084.0, 1026.0, 36.0], 7be7J2qvkP, 5752520]
[paragraph, [442.0, 1120.0, 1026.0, 36.0], 7be7J2qvkP, 5752520]
[paragraph, [442.0, 1156.0, 1026.0, 36.0], 7be7J2qvkP, 5752520]
[paragraph, [442.0, 1192.0, 1026.0, 36.0], 7be7J2qvkP, 5752520]
[paragraph, [442.0, 1228.0, 1026.0, 36.0], 7be7J2qvkP, 5752520]
[author, [1175.0, 1419.0, 328.0, 36.0], 5oZnPauM_I, 5752520]
[author, [1175.0, 1455.0, 328.0, 36.0], 5oZnPauM_I, 5752520]
