[595, 454]
[paragraph, [230.0, 52.0, 199.0, 18.0], Txs9Cz-yVB, 6460495]
[paragraph, [230.0, 70.0, 199.0, 18.0], Txs9Cz-yVB, 6460495]
[paragraph, [230.0, 88.0, 199.0, 18.0], Txs9Cz-yVB, 6460495]
[paragraph, [230.0, 106.0, 199.0, 18.0], Txs9Cz-yVB, 6460495]
[paragraph, [230.0, 124.0, 199.0, 18.0], Txs9Cz-yVB, 6460495]
[paragraph, [230.0, 142.0, 199.0, 18.0], Txs9Cz-yVB, 6460495]
[paragraph, [230.0, 160.0, 199.0, 18.0], Txs9Cz-yVB, 6460495]
[paragraph, [225.0, 193.0, 205.0, 18.0], A7slLyaLPe, 6460495]
[paragraph, [225.0, 211.0, 205.0, 18.0], A7slLyaLPe, 6460495]
[paragraph, [225.0, 229.0, 205.0, 18.0], A7slLyaLPe, 6460495]
[paragraph, [225.0, 247.0, 205.0, 18.0], A7slLyaLPe, 6460495]
[paragraph, [225.0, 265.0, 205.0, 18.0], A7slLyaLPe, 6460495]
[paragraph, [26.0, 287.0, 197.0, 18.0], GGwvVu37z8, 6460495]
[paragraph, [26.0, 305.0, 197.0, 18.0], GGwvVu37z8, 6460495]
[paragraph, [26.0, 323.0, 197.0, 18.0], GGwvVu37z8, 6460495]
[paragraph, [26.0, 341.0, 197.0, 18.0], GGwvVu37z8, 6460495]
[paragraph, [26.0, 359.0, 197.0, 18.0], GGwvVu37z8, 6460495]
[paragraph, [26.0, 377.0, 197.0, 18.0], GGwvVu37z8, 6460495]
[paragraph, [26.0, 395.0, 197.0, 18.0], GGwvVu37z8, 6460495]
[paragraph, [26.0, 413.0, 197.0, 18.0], GGwvVu37z8, 6460495]
[paragraph, [26.0, 431.0, 197.0, 18.0], GGwvVu37z8, 6460495]
[paragraph, [229.0, 297.0, 204.0, 18.0], SbY6mGV9P3, 6460495]
[paragraph, [229.0, 315.0, 204.0, 18.0], SbY6mGV9P3, 6460495]
[paragraph, [229.0, 333.0, 204.0, 18.0], SbY6mGV9P3, 6460495]
[paragraph, [229.0, 351.0, 204.0, 18.0], SbY6mGV9P3, 6460495]
[paragraph, [227.0, 378.0, 205.0, 18.0], 6_Ab93xdhZ, 6460495]
[paragraph, [227.0, 396.0, 205.0, 18.0], 6_Ab93xdhZ, 6460495]
[paragraph, [227.0, 414.0, 205.0, 18.0], 6_Ab93xdhZ, 6460495]
[paragraph, [227.0, 432.0, 205.0, 18.0], 6_Ab93xdhZ, 6460495]
[paragraph, [227.0, 450.0, 205.0, 18.0], 6_Ab93xdhZ, 6460495]
[paragraph, [227.0, 468.0, 205.0, 18.0], 6_Ab93xdhZ, 6460495]
[paragraph, [227.0, 486.0, 205.0, 18.0], 6_Ab93xdhZ, 6460495]
[paragraph, [30.0, 464.0, 198.0, 18.0], -Nw7xzrmw3, 6460495]
[paragraph, [30.0, 482.0, 198.0, 18.0], -Nw7xzrmw3, 6460495]
[paragraph, [30.0, 500.0, 198.0, 18.0], -Nw7xzrmw3, 6460495]
[paragraph, [30.0, 518.0, 198.0, 18.0], -Nw7xzrmw3, 6460495]
[paragraph, [30.0, 536.0, 198.0, 18.0], -Nw7xzrmw3, 6460495]
[paragraph, [232.0, 516.0, 201.0, 18.0], gGvsHFKino, 6460495]
[paragraph, [232.0, 534.0, 201.0, 18.0], gGvsHFKino, 6460495]
[folio, [366.0, 571.0, 64.0, 18.0], M6BmmX3IzU, 6460495]
