[567, 439]
[paragraph, [32.0, 25.0, 146.0, 18.0], MsOZB3aVBQ, 6459514]
[paragraph, [32.0, 43.0, 146.0, 18.0], MsOZB3aVBQ, 6459514]
[paragraph, [32.0, 61.0, 146.0, 18.0], MsOZB3aVBQ, 6459514]
[paragraph, [32.0, 79.0, 146.0, 18.0], MsOZB3aVBQ, 6459514]
[paragraph, [32.0, 97.0, 146.0, 18.0], MsOZB3aVBQ, 6459514]
[paragraph, [32.0, 115.0, 146.0, 18.0], MsOZB3aVBQ, 6459514]
[paragraph, [32.0, 133.0, 146.0, 18.0], MsOZB3aVBQ, 6459514]
[paragraph, [32.0, 151.0, 146.0, 18.0], MsOZB3aVBQ, 6459514]
[paragraph, [32.0, 169.0, 146.0, 18.0], MsOZB3aVBQ, 6459514]
[paragraph, [263.0, 200.0, 146.0, 18.0], P02Jv4tCPm, 6459514]
[paragraph, [263.0, 218.0, 146.0, 18.0], P02Jv4tCPm, 6459514]
[paragraph, [263.0, 236.0, 146.0, 18.0], P02Jv4tCPm, 6459514]
[paragraph, [263.0, 254.0, 146.0, 18.0], P02Jv4tCPm, 6459514]
[paragraph, [263.0, 272.0, 146.0, 18.0], P02Jv4tCPm, 6459514]
[paragraph, [263.0, 290.0, 146.0, 18.0], P02Jv4tCPm, 6459514]
[paragraph, [263.0, 308.0, 146.0, 18.0], P02Jv4tCPm, 6459514]
[paragraph, [263.0, 326.0, 146.0, 18.0], P02Jv4tCPm, 6459514]
[paragraph, [263.0, 344.0, 146.0, 18.0], P02Jv4tCPm, 6459514]
[paragraph, [34.0, 372.0, 146.0, 18.0], S0ej6-7N34, 6459514]
[paragraph, [34.0, 390.0, 146.0, 18.0], S0ej6-7N34, 6459514]
[paragraph, [34.0, 408.0, 146.0, 18.0], S0ej6-7N34, 6459514]
[paragraph, [34.0, 426.0, 146.0, 18.0], S0ej6-7N34, 6459514]
[paragraph, [34.0, 444.0, 146.0, 18.0], S0ej6-7N34, 6459514]
[paragraph, [34.0, 462.0, 146.0, 18.0], S0ej6-7N34, 6459514]
[paragraph, [34.0, 480.0, 146.0, 18.0], S0ej6-7N34, 6459514]
[paragraph, [34.0, 498.0, 146.0, 18.0], S0ej6-7N34, 6459514]
[paragraph, [34.0, 516.0, 146.0, 18.0], S0ej6-7N34, 6459514]
