[809, 612]
[folio, [280.0, 112.0, 85.0, 18.0], S9f65Y6Abc, 6459802]
[paragraph, [161.0, 151.0, 319.0, 18.0], shoonya_0sD3FRYHGK8XAX, 6459802]
[paragraph, [161.0, 169.0, 319.0, 18.0], shoonya_0sD3FRYHGK8XAX, 6459802]
[paragraph, [161.0, 187.0, 319.0, 18.0], shoonya_0sD3FRYHGK8XAX, 6459802]
[paragraph, [161.0, 205.0, 319.0, 18.0], shoonya_0sD3FRYHGK8XAX, 6459802]
[paragraph, [161.0, 223.0, 319.0, 18.0], shoonya_0sD3FRYHGK8XAX, 6459802]
[paragraph, [161.0, 241.0, 319.0, 18.0], shoonya_0sD3FRYHGK8XAX, 6459802]
[paragraph, [161.0, 267.0, 321.0, 18.0], 8vn1i1K8-3, 6459802]
[paragraph, [161.0, 285.0, 321.0, 18.0], 8vn1i1K8-3, 6459802]
[paragraph, [161.0, 303.0, 321.0, 18.0], 8vn1i1K8-3, 6459802]
[paragraph, [161.0, 321.0, 321.0, 18.0], 8vn1i1K8-3, 6459802]
[paragraph, [161.0, 339.0, 321.0, 18.0], 8vn1i1K8-3, 6459802]
[paragraph, [161.0, 357.0, 321.0, 18.0], 8vn1i1K8-3, 6459802]
[paragraph, [161.0, 375.0, 321.0, 18.0], 8vn1i1K8-3, 6459802]
[paragraph, [161.0, 393.0, 321.0, 18.0], 8vn1i1K8-3, 6459802]
[paragraph, [161.0, 411.0, 321.0, 18.0], 8vn1i1K8-3, 6459802]
[paragraph, [161.0, 429.0, 321.0, 18.0], 8vn1i1K8-3, 6459802]
[paragraph, [161.0, 447.0, 321.0, 18.0], 8vn1i1K8-3, 6459802]
[paragraph, [161.0, 465.0, 321.0, 18.0], 8vn1i1K8-3, 6459802]
[paragraph, [161.0, 483.0, 321.0, 18.0], 8vn1i1K8-3, 6459802]
[paragraph, [161.0, 501.0, 321.0, 18.0], 8vn1i1K8-3, 6459802]
[paragraph, [165.0, 533.0, 320.0, 18.0], N9vVjIXAvE, 6459802]
[paragraph, [165.0, 551.0, 320.0, 18.0], N9vVjIXAvE, 6459802]
[paragraph, [165.0, 569.0, 320.0, 18.0], N9vVjIXAvE, 6459802]
[paragraph, [165.0, 587.0, 320.0, 18.0], N9vVjIXAvE, 6459802]
[paragraph, [165.0, 605.0, 320.0, 18.0], N9vVjIXAvE, 6459802]
[paragraph, [165.0, 623.0, 320.0, 18.0], N9vVjIXAvE, 6459802]
[paragraph, [165.0, 641.0, 320.0, 18.0], N9vVjIXAvE, 6459802]
