[809, 612]
[paragraph, [116.0, 158.0, 324.0, 18.0], B_4o92Vt31, 6460220]
[paragraph, [116.0, 176.0, 324.0, 18.0], B_4o92Vt31, 6460220]
[paragraph, [116.0, 194.0, 324.0, 18.0], B_4o92Vt31, 6460220]
[paragraph, [151.0, 229.0, 249.0, 18.0], HnC08Sxhhx, 6460220]
[paragraph, [151.0, 247.0, 249.0, 18.0], HnC08Sxhhx, 6460220]
[paragraph, [134.0, 276.0, 68.0, 18.0], kQuduLH6c8, 6460220]
[paragraph, [150.0, 296.0, 265.0, 18.0], 8y_RL3K78p, 6460220]
[paragraph, [150.0, 314.0, 265.0, 18.0], 8y_RL3K78p, 6460220]
[paragraph, [150.0, 332.0, 265.0, 18.0], 8y_RL3K78p, 6460220]
[paragraph, [150.0, 350.0, 265.0, 18.0], 8y_RL3K78p, 6460220]
[paragraph, [116.0, 384.0, 318.0, 18.0], shoonya_4s7JZAUMW6OZG7, 6460220]
[paragraph, [116.0, 402.0, 318.0, 18.0], shoonya_4s7JZAUMW6OZG7, 6460220]
[paragraph, [116.0, 420.0, 318.0, 18.0], shoonya_4s7JZAUMW6OZG7, 6460220]
[paragraph, [138.0, 453.0, 261.0, 18.0], BsapXRsBJ5, 6460220]
[paragraph, [138.0, 471.0, 261.0, 18.0], BsapXRsBJ5, 6460220]
[paragraph, [138.0, 489.0, 261.0, 18.0], BsapXRsBJ5, 6460220]
[paragraph, [138.0, 507.0, 261.0, 18.0], BsapXRsBJ5, 6460220]
[paragraph, [138.0, 525.0, 261.0, 18.0], BsapXRsBJ5, 6460220]
[paragraph, [134.0, 551.0, 268.0, 18.0], 9je4FZ0LLH, 6460220]
[paragraph, [134.0, 569.0, 268.0, 18.0], 9je4FZ0LLH, 6460220]
[paragraph, [134.0, 587.0, 268.0, 18.0], 9je4FZ0LLH, 6460220]
[paragraph, [134.0, 605.0, 268.0, 18.0], 9je4FZ0LLH, 6460220]
[paragraph, [134.0, 623.0, 268.0, 18.0], 9je4FZ0LLH, 6460220]
[paragraph, [302.0, 642.0, 110.0, 18.0], 1FWQgj0h32, 6460220]
