[595, 419]
[paragraph, [55.0, 70.0, 311.0, 18.0], s4MtBdiVk6, 6460286]
[paragraph, [55.0, 88.0, 311.0, 18.0], s4MtBdiVk6, 6460286]
[paragraph, [55.0, 106.0, 311.0, 18.0], s4MtBdiVk6, 6460286]
[paragraph, [56.0, 138.0, 321.0, 18.0], 5l-XuL1ytZ, 6460286]
[paragraph, [56.0, 156.0, 321.0, 18.0], 5l-XuL1ytZ, 6460286]
[paragraph, [56.0, 174.0, 321.0, 18.0], 5l-XuL1ytZ, 6460286]
[paragraph, [56.0, 192.0, 321.0, 18.0], 5l-XuL1ytZ, 6460286]
[paragraph, [57.0, 224.0, 322.0, 18.0], 1a12Ix0bJ3, 6460286]
[paragraph, [57.0, 242.0, 322.0, 18.0], 1a12Ix0bJ3, 6460286]
[paragraph, [88.0, 269.0, 289.0, 18.0], yiKMw2tYBa, 6460286]
[paragraph, [88.0, 287.0, 289.0, 18.0], yiKMw2tYBa, 6460286]
[paragraph, [70.0, 316.0, 229.0, 18.0], ZVs4PU0MtM, 6460286]
[paragraph, [57.0, 346.0, 213.0, 18.0], c_C-rBgYBc, 6460286]
[paragraph, [57.0, 375.0, 329.0, 18.0], oWtC6NBs3D, 6460286]
[paragraph, [57.0, 393.0, 329.0, 18.0], oWtC6NBs3D, 6460286]
[paragraph, [58.0, 420.0, 324.0, 18.0], D5azv81zVt, 6460286]
[paragraph, [58.0, 438.0, 324.0, 18.0], D5azv81zVt, 6460286]
[paragraph, [59.0, 468.0, 283.0, 18.0], gmmnkwOfJ5, 6460286]
[paragraph, [59.0, 494.0, 329.0, 18.0], --_7nST4ko, 6460286]
[paragraph, [59.0, 512.0, 329.0, 18.0], --_7nST4ko, 6460286]
[paragraph, [59.0, 530.0, 329.0, 18.0], --_7nST4ko, 6460286]
