[567, 439]
[paragraph, [24.0, 19.0, 192.0, 18.0], qHX1g1we-6, 6460863]
[paragraph, [219.0, 20.0, 189.0, 18.0], vm9nY1I380, 6460863]
[paragraph, [219.0, 38.0, 189.0, 18.0], vm9nY1I380, 6460863]
[paragraph, [219.0, 56.0, 189.0, 18.0], vm9nY1I380, 6460863]
[paragraph, [219.0, 74.0, 189.0, 18.0], vm9nY1I380, 6460863]
[paragraph, [219.0, 92.0, 189.0, 18.0], vm9nY1I380, 6460863]
[paragraph, [219.0, 110.0, 189.0, 18.0], vm9nY1I380, 6460863]
[paragraph, [219.0, 128.0, 189.0, 18.0], vm9nY1I380, 6460863]
[paragraph, [219.0, 146.0, 189.0, 18.0], vm9nY1I380, 6460863]
[paragraph, [219.0, 164.0, 189.0, 18.0], vm9nY1I380, 6460863]
[paragraph, [219.0, 182.0, 189.0, 18.0], vm9nY1I380, 6460863]
[paragraph, [219.0, 200.0, 189.0, 18.0], vm9nY1I380, 6460863]
[paragraph, [219.0, 218.0, 189.0, 18.0], vm9nY1I380, 6460863]
[paragraph, [219.0, 236.0, 189.0, 18.0], vm9nY1I380, 6460863]
[paragraph, [28.0, 53.0, 189.0, 18.0], opC13PiM5n, 6460863]
[paragraph, [28.0, 71.0, 189.0, 18.0], opC13PiM5n, 6460863]
[paragraph, [28.0, 89.0, 189.0, 18.0], opC13PiM5n, 6460863]
[paragraph, [28.0, 107.0, 189.0, 18.0], opC13PiM5n, 6460863]
[paragraph, [30.0, 128.0, 188.0, 18.0], 3Q8Hk3vhP2, 6460863]
[paragraph, [30.0, 146.0, 188.0, 18.0], 3Q8Hk3vhP2, 6460863]
[paragraph, [30.0, 164.0, 188.0, 18.0], 3Q8Hk3vhP2, 6460863]
[paragraph, [30.0, 182.0, 188.0, 18.0], 3Q8Hk3vhP2, 6460863]
[paragraph, [28.0, 219.0, 191.0, 18.0], ZeIBlRzANx, 6460863]
[paragraph, [28.0, 237.0, 191.0, 18.0], ZeIBlRzANx, 6460863]
[paragraph, [28.0, 255.0, 191.0, 18.0], ZeIBlRzANx, 6460863]
[paragraph, [28.0, 273.0, 191.0, 18.0], ZeIBlRzANx, 6460863]
[paragraph, [28.0, 291.0, 191.0, 18.0], ZeIBlRzANx, 6460863]
[paragraph, [28.0, 309.0, 191.0, 18.0], ZeIBlRzANx, 6460863]
[paragraph, [28.0, 327.0, 191.0, 18.0], ZeIBlRzANx, 6460863]
[paragraph, [223.0, 256.0, 186.0, 18.0], _2zLTQSrZp, 6460863]
[paragraph, [223.0, 274.0, 186.0, 18.0], _2zLTQSrZp, 6460863]
[paragraph, [223.0, 292.0, 186.0, 18.0], _2zLTQSrZp, 6460863]
[paragraph, [223.0, 310.0, 186.0, 18.0], _2zLTQSrZp, 6460863]
[paragraph, [223.0, 328.0, 186.0, 18.0], _2zLTQSrZp, 6460863]
