[567, 439]
[paragraph, [222.0, 34.0, 188.0, 18.0], N7RqqSqW_E, 6460140]
[paragraph, [222.0, 52.0, 188.0, 18.0], N7RqqSqW_E, 6460140]
[paragraph, [218.0, 75.0, 190.0, 18.0], qFQHhsaPgR, 6460140]
[paragraph, [218.0, 93.0, 190.0, 18.0], qFQHhsaPgR, 6460140]
[paragraph, [218.0, 111.0, 190.0, 18.0], qFQHhsaPgR, 6460140]
[paragraph, [218.0, 129.0, 190.0, 18.0], qFQHhsaPgR, 6460140]
[paragraph, [220.0, 150.0, 189.0, 18.0], 3I3GFpjwFB, 6460140]
[paragraph, [220.0, 168.0, 189.0, 18.0], 3I3GFpjwFB, 6460140]
[paragraph, [220.0, 186.0, 189.0, 18.0], 3I3GFpjwFB, 6460140]
[paragraph, [220.0, 204.0, 189.0, 18.0], 3I3GFpjwFB, 6460140]
[paragraph, [223.0, 225.0, 183.0, 18.0], _Z4VHBKtQn, 6460140]
[paragraph, [223.0, 243.0, 183.0, 18.0], _Z4VHBKtQn, 6460140]
[paragraph, [223.0, 261.0, 183.0, 18.0], _Z4VHBKtQn, 6460140]
[paragraph, [223.0, 279.0, 183.0, 18.0], _Z4VHBKtQn, 6460140]
[paragraph, [223.0, 297.0, 183.0, 18.0], _Z4VHBKtQn, 6460140]
[paragraph, [223.0, 315.0, 183.0, 18.0], _Z4VHBKtQn, 6460140]
[paragraph, [223.0, 333.0, 183.0, 18.0], _Z4VHBKtQn, 6460140]
[paragraph, [37.0, 267.0, 186.0, 18.0], vmJu8HNigq, 6460140]
[paragraph, [36.0, 304.0, 189.0, 18.0], B1AIxsfN_g, 6460140]
[paragraph, [36.0, 322.0, 189.0, 18.0], B1AIxsfN_g, 6460140]
[paragraph, [36.0, 340.0, 189.0, 18.0], B1AIxsfN_g, 6460140]
[paragraph, [36.0, 358.0, 189.0, 18.0], B1AIxsfN_g, 6460140]
[paragraph, [36.0, 376.0, 189.0, 18.0], B1AIxsfN_g, 6460140]
[paragraph, [36.0, 394.0, 189.0, 18.0], B1AIxsfN_g, 6460140]
[paragraph, [36.0, 412.0, 189.0, 18.0], B1AIxsfN_g, 6460140]
[paragraph, [36.0, 430.0, 189.0, 18.0], B1AIxsfN_g, 6460140]
[paragraph, [226.0, 357.0, 179.0, 18.0], 031_j82tcY, 6460140]
[paragraph, [226.0, 375.0, 179.0, 18.0], 031_j82tcY, 6460140]
[paragraph, [226.0, 393.0, 179.0, 18.0], 031_j82tcY, 6460140]
[paragraph, [226.0, 411.0, 179.0, 18.0], 031_j82tcY, 6460140]
[paragraph, [226.0, 429.0, 179.0, 18.0], 031_j82tcY, 6460140]
[paragraph, [226.0, 447.0, 179.0, 18.0], 031_j82tcY, 6460140]
[paragraph, [226.0, 465.0, 179.0, 18.0], 031_j82tcY, 6460140]
[paragraph, [226.0, 483.0, 179.0, 18.0], 031_j82tcY, 6460140]
[paragraph, [226.0, 501.0, 179.0, 18.0], 031_j82tcY, 6460140]
[paragraph, [36.0, 449.0, 189.0, 18.0], -JET5m1dAM, 6460140]
[paragraph, [36.0, 467.0, 189.0, 18.0], -JET5m1dAM, 6460140]
[paragraph, [36.0, 485.0, 189.0, 18.0], -JET5m1dAM, 6460140]
[paragraph, [36.0, 503.0, 189.0, 18.0], -JET5m1dAM, 6460140]
[folio, [347.0, 531.0, 60.0, 18.0], FIekZNK0Ay, 6460140]
