[842, 595]
[headline, [107.0, 65.0, 397.0, 25.5], 7FKnhhm5i0, 6459861]
[headline, [107.0, 90.5, 397.0, 25.5], 7FKnhhm5i0, 6459861]
[reference, [227.0, 111.0, 171.0, 18.0], FzQfVkiDQk, 6459861]
[paragraph, [113.0, 138.0, 391.0, 18.0], 07MgS2XbmV, 6459861]
[paragraph, [113.0, 156.0, 391.0, 18.0], 07MgS2XbmV, 6459861]
[paragraph, [113.0, 174.0, 391.0, 18.0], 07MgS2XbmV, 6459861]
[paragraph, [113.0, 192.0, 391.0, 18.0], 07MgS2XbmV, 6459861]
[paragraph, [113.0, 210.0, 391.0, 18.0], 07MgS2XbmV, 6459861]
[paragraph, [113.0, 228.0, 391.0, 18.0], 07MgS2XbmV, 6459861]
[paragraph, [94.0, 244.0, 410.0, 18.0], 3d0zdP-78Q, 6459861]
[paragraph, [94.0, 262.0, 410.0, 18.0], 3d0zdP-78Q, 6459861]
[paragraph, [94.0, 280.0, 410.0, 18.0], 3d0zdP-78Q, 6459861]
[paragraph, [94.0, 298.0, 410.0, 18.0], 3d0zdP-78Q, 6459861]
[paragraph, [94.0, 316.0, 410.0, 18.0], 3d0zdP-78Q, 6459861]
[paragraph, [94.0, 334.0, 410.0, 18.0], 3d0zdP-78Q, 6459861]
[paragraph, [94.0, 352.0, 410.0, 18.0], 3d0zdP-78Q, 6459861]
[paragraph, [94.0, 370.0, 410.0, 18.0], 3d0zdP-78Q, 6459861]
[paragraph, [94.0, 388.0, 410.0, 18.0], 3d0zdP-78Q, 6459861]
[paragraph, [94.0, 406.0, 410.0, 18.0], 3d0zdP-78Q, 6459861]
[paragraph, [94.0, 424.0, 410.0, 18.0], 3d0zdP-78Q, 6459861]
[paragraph, [94.0, 442.0, 410.0, 18.0], 3d0zdP-78Q, 6459861]
[paragraph, [94.0, 460.0, 410.0, 18.0], 3d0zdP-78Q, 6459861]
[paragraph, [94.0, 478.0, 410.0, 18.0], 3d0zdP-78Q, 6459861]
[paragraph, [94.0, 496.0, 410.0, 18.0], 3d0zdP-78Q, 6459861]
[paragraph, [94.0, 514.0, 410.0, 18.0], 3d0zdP-78Q, 6459861]
[paragraph, [94.0, 532.0, 410.0, 18.0], 3d0zdP-78Q, 6459861]
[paragraph, [94.0, 550.0, 410.0, 18.0], 3d0zdP-78Q, 6459861]
[paragraph, [94.0, 568.0, 410.0, 18.0], 3d0zdP-78Q, 6459861]
[paragraph, [94.0, 586.0, 410.0, 18.0], 3d0zdP-78Q, 6459861]
[paragraph, [94.0, 604.0, 410.0, 18.0], 3d0zdP-78Q, 6459861]
[paragraph, [94.0, 622.0, 410.0, 18.0], 3d0zdP-78Q, 6459861]
[paragraph, [94.0, 640.0, 410.0, 18.0], 3d0zdP-78Q, 6459861]
[paragraph, [94.0, 658.0, 410.0, 18.0], 3d0zdP-78Q, 6459861]
[paragraph, [94.0, 676.0, 410.0, 18.0], 3d0zdP-78Q, 6459861]
[paragraph, [94.0, 694.0, 410.0, 18.0], 3d0zdP-78Q, 6459861]
[paragraph, [94.0, 712.0, 410.0, 18.0], 3d0zdP-78Q, 6459861]
[folio, [504.0, 808.0, 83.0, 18.0], wGxlfcivoh, 6459861]
[headline, [10299.0, 6999.0, 40199.0, 25.5], PD4habPGoQ, 6459861]
[headline, [10299.0, 7024.5, 40199.0, 25.5], PD4habPGoQ, 6459861]
[headline, [10299.0, 7050.0, 40199.0, 25.5], PD4habPGoQ, 6459861]
[headline, [10299.0, 7075.5, 40199.0, 25.5], PD4habPGoQ, 6459861]
[headline, [10299.0, 7101.0, 40199.0, 25.5], PD4habPGoQ, 6459861]
[headline, [10299.0, 7126.5, 40199.0, 25.5], PD4habPGoQ, 6459861]
[headline, [10299.0, 7152.0, 40199.0, 25.5], PD4habPGoQ, 6459861]
[headline, [10299.0, 7177.5, 40199.0, 25.5], PD4habPGoQ, 6459861]
[headline, [10299.0, 7203.0, 40199.0, 25.5], PD4habPGoQ, 6459861]
[headline, [10299.0, 7228.5, 40199.0, 25.5], PD4habPGoQ, 6459861]
[headline, [10299.0, 7254.0, 40199.0, 25.5], PD4habPGoQ, 6459861]
[headline, [10299.0, 7279.5, 40199.0, 25.5], PD4habPGoQ, 6459861]
[headline, [10299.0, 7305.0, 40199.0, 25.5], PD4habPGoQ, 6459861]
[headline, [10299.0, 7330.5, 40199.0, 25.5], PD4habPGoQ, 6459861]
[headline, [10299.0, 7356.0, 40199.0, 25.5], PD4habPGoQ, 6459861]
[headline, [10299.0, 7381.5, 40199.0, 25.5], PD4habPGoQ, 6459861]
[headline, [10299.0, 7407.0, 40199.0, 25.5], PD4habPGoQ, 6459861]
[headline, [10299.0, 7432.5, 40199.0, 25.5], PD4habPGoQ, 6459861]
[headline, [10299.0, 7458.0, 40199.0, 25.5], PD4habPGoQ, 6459861]
[headline, [10299.0, 7483.5, 40199.0, 25.5], PD4habPGoQ, 6459861]
[headline, [10299.0, 7509.0, 40199.0, 25.5], PD4habPGoQ, 6459861]
[headline, [10299.0, 7534.5, 40199.0, 25.5], PD4habPGoQ, 6459861]
[headline, [10299.0, 7560.0, 40199.0, 25.5], PD4habPGoQ, 6459861]
[headline, [10299.0, 7585.5, 40199.0, 25.5], PD4habPGoQ, 6459861]
[headline, [10299.0, 7611.0, 40199.0, 25.5], PD4habPGoQ, 6459861]
[headline, [10299.0, 7636.5, 40199.0, 25.5], PD4habPGoQ, 6459861]
[headline, [10299.0, 7662.0, 40199.0, 25.5], PD4habPGoQ, 6459861]
[headline, [10299.0, 7687.5, 40199.0, 25.5], PD4habPGoQ, 6459861]
[headline, [10299.0, 7713.0, 40199.0, 25.5], PD4habPGoQ, 6459861]
[headline, [10299.0, 7738.5, 40199.0, 25.5], PD4habPGoQ, 6459861]
[headline, [10299.0, 7764.0, 40199.0, 25.5], PD4habPGoQ, 6459861]
[headline, [10299.0, 7789.5, 40199.0, 25.5], PD4habPGoQ, 6459861]
[headline, [10299.0, 7815.0, 40199.0, 25.5], PD4habPGoQ, 6459861]
[headline, [10299.0, 7840.5, 40199.0, 25.5], PD4habPGoQ, 6459861]
[headline, [10299.0, 7866.0, 40199.0, 25.5], PD4habPGoQ, 6459861]
[headline, [10299.0, 7891.5, 40199.0, 25.5], PD4habPGoQ, 6459861]
[headline, [10299.0, 7917.0, 40199.0, 25.5], PD4habPGoQ, 6459861]
[headline, [10299.0, 7942.5, 40199.0, 25.5], PD4habPGoQ, 6459861]
[headline, [10299.0, 7968.0, 40199.0, 25.5], PD4habPGoQ, 6459861]
[headline, [10299.0, 7993.5, 40199.0, 25.5], PD4habPGoQ, 6459861]
[headline, [10299.0, 8019.0, 40199.0, 25.5], PD4habPGoQ, 6459861]
[headline, [10299.0, 8044.5, 40199.0, 25.5], PD4habPGoQ, 6459861]
[headline, [10299.0, 8070.0, 40199.0, 25.5], PD4habPGoQ, 6459861]
[headline, [10299.0, 8095.5, 40199.0, 25.5], PD4habPGoQ, 6459861]
[headline, [10299.0, 8121.0, 40199.0, 25.5], PD4habPGoQ, 6459861]
[headline, [10299.0, 8146.5, 40199.0, 25.5], PD4habPGoQ, 6459861]
[headline, [10299.0, 8172.0, 40199.0, 25.5], PD4habPGoQ, 6459861]
[headline, [10299.0, 8197.5, 40199.0, 25.5], PD4habPGoQ, 6459861]
[headline, [10299.0, 8223.0, 40199.0, 25.5], PD4habPGoQ, 6459861]
[headline, [10299.0, 8248.5, 40199.0, 25.5], PD4habPGoQ, 6459861]
[headline, [10299.0, 8274.0, 40199.0, 25.5], PD4habPGoQ, 6459861]
[headline, [10299.0, 8299.5, 40199.0, 25.5], PD4habPGoQ, 6459861]
[headline, [10299.0, 8325.0, 40199.0, 25.5], PD4habPGoQ, 6459861]
[headline, [10299.0, 8350.5, 40199.0, 25.5], PD4habPGoQ, 6459861]
[headline, [10299.0, 8376.0, 40199.0, 25.5], PD4habPGoQ, 6459861]
[headline, [10299.0, 8401.5, 40199.0, 25.5], PD4habPGoQ, 6459861]
[headline, [10299.0, 8427.0, 40199.0, 25.5], PD4habPGoQ, 6459861]
[headline, [10299.0, 8452.5, 40199.0, 25.5], PD4habPGoQ, 6459861]
[headline, [10299.0, 8478.0, 40199.0, 25.5], PD4habPGoQ, 6459861]
[headline, [10299.0, 8503.5, 40199.0, 25.5], PD4habPGoQ, 6459861]
[headline, [10299.0, 8529.0, 40199.0, 25.5], PD4habPGoQ, 6459861]
[headline, [10299.0, 8554.5, 40199.0, 25.5], PD4habPGoQ, 6459861]
[headline, [10299.0, 8580.0, 40199.0, 25.5], PD4habPGoQ, 6459861]
[headline, [10299.0, 8605.5, 40199.0, 25.5], PD4habPGoQ, 6459861]
[headline, [10299.0, 8631.0, 40199.0, 25.5], PD4habPGoQ, 6459861]
[headline, [10299.0, 8656.5, 40199.0, 25.5], PD4habPGoQ, 6459861]
[headline, [10299.0, 8682.0, 40199.0, 25.5], PD4habPGoQ, 6459861]
[headline, [10299.0, 8707.5, 40199.0, 25.5], PD4habPGoQ, 6459861]
[headline, [10299.0, 8733.0, 40199.0, 25.5], PD4habPGoQ, 6459861]
[headline, [10299.0, 8758.5, 40199.0, 25.5], PD4habPGoQ, 6459861]
[headline, [10299.0, 8784.0, 40199.0, 25.5], PD4habPGoQ, 6459861]
[headline, [10299.0, 8809.5, 40199.0, 25.5], PD4habPGoQ, 6459861]
[headline, [10299.0, 8835.0, 40199.0, 25.5], PD4habPGoQ, 6459861]
[headline, [10299.0, 8860.5, 40199.0, 25.5], PD4habPGoQ, 6459861]
[headline, [10299.0, 8886.0, 40199.0, 25.5], PD4habPGoQ, 6459861]
[headline, [10299.0, 8911.5, 40199.0, 25.5], PD4habPGoQ, 6459861]
[headline, [10299.0, 8937.0, 40199.0, 25.5], PD4habPGoQ, 6459861]
[headline, [10299.0, 8962.5, 40199.0, 25.5], PD4habPGoQ, 6459861]
[headline, [10299.0, 8988.0, 40199.0, 25.5], PD4habPGoQ, 6459861]
[headline, [10299.0, 9013.5, 40199.0, 25.5], PD4habPGoQ, 6459861]
[headline, [10299.0, 9039.0, 40199.0, 25.5], PD4habPGoQ, 6459861]
[headline, [10299.0, 9064.5, 40199.0, 25.5], PD4habPGoQ, 6459861]
[headline, [10299.0, 9090.0, 40199.0, 25.5], PD4habPGoQ, 6459861]
[headline, [10299.0, 9115.5, 40199.0, 25.5], PD4habPGoQ, 6459861]
[headline, [10299.0, 9141.0, 40199.0, 25.5], PD4habPGoQ, 6459861]
[headline, [10299.0, 9166.5, 40199.0, 25.5], PD4habPGoQ, 6459861]
[headline, [10299.0, 9192.0, 40199.0, 25.5], PD4habPGoQ, 6459861]
[headline, [10299.0, 9217.5, 40199.0, 25.5], PD4habPGoQ, 6459861]
[headline, [10299.0, 9243.0, 40199.0, 25.5], PD4habPGoQ, 6459861]
[headline, [10299.0, 9268.5, 40199.0, 25.5], PD4habPGoQ, 6459861]
[headline, [10299.0, 9294.0, 40199.0, 25.5], PD4habPGoQ, 6459861]
[headline, [10299.0, 9319.5, 40199.0, 25.5], PD4habPGoQ, 6459861]
[headline, [10299.0, 9345.0, 40199.0, 25.5], PD4habPGoQ, 6459861]
[headline, [10299.0, 9370.5, 40199.0, 25.5], PD4habPGoQ, 6459861]
[headline, [10299.0, 9396.0, 40199.0, 25.5], PD4habPGoQ, 6459861]
[headline, [10299.0, 9421.5, 40199.0, 25.5], PD4habPGoQ, 6459861]
[headline, [10299.0, 9447.0, 40199.0, 25.5], PD4habPGoQ, 6459861]
[headline, [10299.0, 9472.5, 40199.0, 25.5], PD4habPGoQ, 6459861]
[headline, [10299.0, 9498.0, 40199.0, 25.5], PD4habPGoQ, 6459861]
[headline, [10299.0, 9523.5, 40199.0, 25.5], PD4habPGoQ, 6459861]
[headline, [10299.0, 9549.0, 40199.0, 25.5], PD4habPGoQ, 6459861]
[jumpline, [22700.0, 10700.0, 17899.0, 18.0], sqY97cm_Qx, 6459861]
[jumpline, [22700.0, 10718.0, 17899.0, 18.0], sqY97cm_Qx, 6459861]
[jumpline, [22700.0, 10736.0, 17899.0, 18.0], sqY97cm_Qx, 6459861]
[jumpline, [22700.0, 10754.0, 17899.0, 18.0], sqY97cm_Qx, 6459861]
[jumpline, [22700.0, 10772.0, 17899.0, 18.0], sqY97cm_Qx, 6459861]
[jumpline, [22700.0, 10790.0, 17899.0, 18.0], sqY97cm_Qx, 6459861]
[jumpline, [22700.0, 10808.0, 17899.0, 18.0], sqY97cm_Qx, 6459861]
[jumpline, [22700.0, 10826.0, 17899.0, 18.0], sqY97cm_Qx, 6459861]
[jumpline, [22700.0, 10844.0, 17899.0, 18.0], sqY97cm_Qx, 6459861]
[jumpline, [22700.0, 10862.0, 17899.0, 18.0], sqY97cm_Qx, 6459861]
[jumpline, [22700.0, 10880.0, 17899.0, 18.0], sqY97cm_Qx, 6459861]
[jumpline, [22700.0, 10898.0, 17899.0, 18.0], sqY97cm_Qx, 6459861]
[jumpline, [22700.0, 10916.0, 17899.0, 18.0], sqY97cm_Qx, 6459861]
[jumpline, [22700.0, 10934.0, 17899.0, 18.0], sqY97cm_Qx, 6459861]
[jumpline, [22700.0, 10952.0, 17899.0, 18.0], sqY97cm_Qx, 6459861]
[jumpline, [22700.0, 10970.0, 17899.0, 18.0], sqY97cm_Qx, 6459861]
[jumpline, [22700.0, 10988.0, 17899.0, 18.0], sqY97cm_Qx, 6459861]
[jumpline, [22700.0, 11006.0, 17899.0, 18.0], sqY97cm_Qx, 6459861]
[jumpline, [22700.0, 11024.0, 17899.0, 18.0], sqY97cm_Qx, 6459861]
[jumpline, [22700.0, 11042.0, 17899.0, 18.0], sqY97cm_Qx, 6459861]
[jumpline, [22700.0, 11060.0, 17899.0, 18.0], sqY97cm_Qx, 6459861]
[jumpline, [22700.0, 11078.0, 17899.0, 18.0], sqY97cm_Qx, 6459861]
[jumpline, [22700.0, 11096.0, 17899.0, 18.0], sqY97cm_Qx, 6459861]
[jumpline, [22700.0, 11114.0, 17899.0, 18.0], sqY97cm_Qx, 6459861]
[jumpline, [22700.0, 11132.0, 17899.0, 18.0], sqY97cm_Qx, 6459861]
[jumpline, [22700.0, 11150.0, 17899.0, 18.0], sqY97cm_Qx, 6459861]
[jumpline, [22700.0, 11168.0, 17899.0, 18.0], sqY97cm_Qx, 6459861]
[jumpline, [22700.0, 11186.0, 17899.0, 18.0], sqY97cm_Qx, 6459861]
[jumpline, [22700.0, 11204.0, 17899.0, 18.0], sqY97cm_Qx, 6459861]
[jumpline, [22700.0, 11222.0, 17899.0, 18.0], sqY97cm_Qx, 6459861]
[jumpline, [22700.0, 11240.0, 17899.0, 18.0], sqY97cm_Qx, 6459861]
[jumpline, [22700.0, 11258.0, 17899.0, 18.0], sqY97cm_Qx, 6459861]
[jumpline, [22700.0, 11276.0, 17899.0, 18.0], sqY97cm_Qx, 6459861]
[jumpline, [22700.0, 11294.0, 17899.0, 18.0], sqY97cm_Qx, 6459861]
[jumpline, [22700.0, 11312.0, 17899.0, 18.0], sqY97cm_Qx, 6459861]
[jumpline, [22700.0, 11330.0, 17899.0, 18.0], sqY97cm_Qx, 6459861]
[jumpline, [22700.0, 11348.0, 17899.0, 18.0], sqY97cm_Qx, 6459861]
[jumpline, [22700.0, 11366.0, 17899.0, 18.0], sqY97cm_Qx, 6459861]
[jumpline, [22700.0, 11384.0, 17899.0, 18.0], sqY97cm_Qx, 6459861]
[jumpline, [22700.0, 11402.0, 17899.0, 18.0], sqY97cm_Qx, 6459861]
[jumpline, [22700.0, 11420.0, 17899.0, 18.0], sqY97cm_Qx, 6459861]
[jumpline, [22700.0, 11438.0, 17899.0, 18.0], sqY97cm_Qx, 6459861]
[jumpline, [22700.0, 11456.0, 17899.0, 18.0], sqY97cm_Qx, 6459861]
[jumpline, [22700.0, 11474.0, 17899.0, 18.0], sqY97cm_Qx, 6459861]
[jumpline, [22700.0, 11492.0, 17899.0, 18.0], sqY97cm_Qx, 6459861]
[jumpline, [22700.0, 11510.0, 17899.0, 18.0], sqY97cm_Qx, 6459861]
[jumpline, [22700.0, 11528.0, 17899.0, 18.0], sqY97cm_Qx, 6459861]
[jumpline, [22700.0, 11546.0, 17899.0, 18.0], sqY97cm_Qx, 6459861]
[jumpline, [22700.0, 11564.0, 17899.0, 18.0], sqY97cm_Qx, 6459861]
[jumpline, [22700.0, 11582.0, 17899.0, 18.0], sqY97cm_Qx, 6459861]
[jumpline, [22700.0, 11600.0, 17899.0, 18.0], sqY97cm_Qx, 6459861]
[jumpline, [22700.0, 11618.0, 17899.0, 18.0], sqY97cm_Qx, 6459861]
[jumpline, [22700.0, 11636.0, 17899.0, 18.0], sqY97cm_Qx, 6459861]
[jumpline, [22700.0, 11654.0, 17899.0, 18.0], sqY97cm_Qx, 6459861]
[jumpline, [22700.0, 11672.0, 17899.0, 18.0], sqY97cm_Qx, 6459861]
[jumpline, [22700.0, 11690.0, 17899.0, 18.0], sqY97cm_Qx, 6459861]
[jumpline, [22700.0, 11708.0, 17899.0, 18.0], sqY97cm_Qx, 6459861]
[jumpline, [22700.0, 11726.0, 17899.0, 18.0], sqY97cm_Qx, 6459861]
[jumpline, [22700.0, 11744.0, 17899.0, 18.0], sqY97cm_Qx, 6459861]
[jumpline, [22700.0, 11762.0, 17899.0, 18.0], sqY97cm_Qx, 6459861]
[jumpline, [22700.0, 11780.0, 17899.0, 18.0], sqY97cm_Qx, 6459861]
[jumpline, [22700.0, 11798.0, 17899.0, 18.0], sqY97cm_Qx, 6459861]
[jumpline, [22700.0, 11816.0, 17899.0, 18.0], sqY97cm_Qx, 6459861]
[jumpline, [22700.0, 11834.0, 17899.0, 18.0], sqY97cm_Qx, 6459861]
[jumpline, [22700.0, 11852.0, 17899.0, 18.0], sqY97cm_Qx, 6459861]
[jumpline, [22700.0, 11870.0, 17899.0, 18.0], sqY97cm_Qx, 6459861]
[jumpline, [22700.0, 11888.0, 17899.0, 18.0], sqY97cm_Qx, 6459861]
[jumpline, [22700.0, 11906.0, 17899.0, 18.0], sqY97cm_Qx, 6459861]
[jumpline, [22700.0, 11924.0, 17899.0, 18.0], sqY97cm_Qx, 6459861]
[jumpline, [22700.0, 11942.0, 17899.0, 18.0], sqY97cm_Qx, 6459861]
[jumpline, [22700.0, 11960.0, 17899.0, 18.0], sqY97cm_Qx, 6459861]
[jumpline, [22700.0, 11978.0, 17899.0, 18.0], sqY97cm_Qx, 6459861]
[jumpline, [22700.0, 11996.0, 17899.0, 18.0], sqY97cm_Qx, 6459861]
[jumpline, [22700.0, 12014.0, 17899.0, 18.0], sqY97cm_Qx, 6459861]
[jumpline, [22700.0, 12032.0, 17899.0, 18.0], sqY97cm_Qx, 6459861]
[jumpline, [22700.0, 12050.0, 17899.0, 18.0], sqY97cm_Qx, 6459861]
[jumpline, [22700.0, 12068.0, 17899.0, 18.0], sqY97cm_Qx, 6459861]
[jumpline, [22700.0, 12086.0, 17899.0, 18.0], sqY97cm_Qx, 6459861]
[jumpline, [22700.0, 12104.0, 17899.0, 18.0], sqY97cm_Qx, 6459861]
[jumpline, [22700.0, 12122.0, 17899.0, 18.0], sqY97cm_Qx, 6459861]
[jumpline, [22700.0, 12140.0, 17899.0, 18.0], sqY97cm_Qx, 6459861]
[jumpline, [22700.0, 12158.0, 17899.0, 18.0], sqY97cm_Qx, 6459861]
[jumpline, [22700.0, 12176.0, 17899.0, 18.0], sqY97cm_Qx, 6459861]
[jumpline, [22700.0, 12194.0, 17899.0, 18.0], sqY97cm_Qx, 6459861]
[jumpline, [22700.0, 12212.0, 17899.0, 18.0], sqY97cm_Qx, 6459861]
[jumpline, [22700.0, 12230.0, 17899.0, 18.0], sqY97cm_Qx, 6459861]
[jumpline, [22700.0, 12248.0, 17899.0, 18.0], sqY97cm_Qx, 6459861]
[jumpline, [22700.0, 12266.0, 17899.0, 18.0], sqY97cm_Qx, 6459861]
[jumpline, [22700.0, 12284.0, 17899.0, 18.0], sqY97cm_Qx, 6459861]
[jumpline, [22700.0, 12302.0, 17899.0, 18.0], sqY97cm_Qx, 6459861]
[jumpline, [22700.0, 12320.0, 17899.0, 18.0], sqY97cm_Qx, 6459861]
[jumpline, [22700.0, 12338.0, 17899.0, 18.0], sqY97cm_Qx, 6459861]
[jumpline, [22700.0, 12356.0, 17899.0, 18.0], sqY97cm_Qx, 6459861]
[jumpline, [22700.0, 12374.0, 17899.0, 18.0], sqY97cm_Qx, 6459861]
[jumpline, [22700.0, 12392.0, 17899.0, 18.0], sqY97cm_Qx, 6459861]
[jumpline, [22700.0, 12410.0, 17899.0, 18.0], sqY97cm_Qx, 6459861]
[jumpline, [22700.0, 12428.0, 17899.0, 18.0], sqY97cm_Qx, 6459861]
[jumpline, [22700.0, 12446.0, 17899.0, 18.0], sqY97cm_Qx, 6459861]
[jumpline, [22700.0, 12464.0, 17899.0, 18.0], sqY97cm_Qx, 6459861]
[jumpline, [22700.0, 12482.0, 17899.0, 18.0], sqY97cm_Qx, 6459861]
[jumpline, [22700.0, 12500.0, 17899.0, 18.0], sqY97cm_Qx, 6459861]
[jumpline, [22700.0, 12518.0, 17899.0, 18.0], sqY97cm_Qx, 6459861]
[jumpline, [22700.0, 12536.0, 17899.0, 18.0], sqY97cm_Qx, 6459861]
[jumpline, [22700.0, 12554.0, 17899.0, 18.0], sqY97cm_Qx, 6459861]
[jumpline, [22700.0, 12572.0, 17899.0, 18.0], sqY97cm_Qx, 6459861]
[jumpline, [22700.0, 12590.0, 17899.0, 18.0], sqY97cm_Qx, 6459861]
[jumpline, [22700.0, 12608.0, 17899.0, 18.0], sqY97cm_Qx, 6459861]
[jumpline, [22700.0, 12626.0, 17899.0, 18.0], sqY97cm_Qx, 6459861]
[jumpline, [22700.0, 12644.0, 17899.0, 18.0], sqY97cm_Qx, 6459861]
[jumpline, [22700.0, 12662.0, 17899.0, 18.0], sqY97cm_Qx, 6459861]
[jumpline, [22700.0, 12680.0, 17899.0, 18.0], sqY97cm_Qx, 6459861]
[jumpline, [22700.0, 12698.0, 17899.0, 18.0], sqY97cm_Qx, 6459861]
[jumpline, [22700.0, 12716.0, 17899.0, 18.0], sqY97cm_Qx, 6459861]
[jumpline, [22700.0, 12734.0, 17899.0, 18.0], sqY97cm_Qx, 6459861]
[jumpline, [22700.0, 12752.0, 17899.0, 18.0], sqY97cm_Qx, 6459861]
[jumpline, [22700.0, 12770.0, 17899.0, 18.0], sqY97cm_Qx, 6459861]
[jumpline, [22700.0, 12788.0, 17899.0, 18.0], sqY97cm_Qx, 6459861]
[jumpline, [22700.0, 12806.0, 17899.0, 18.0], sqY97cm_Qx, 6459861]
[jumpline, [22700.0, 12824.0, 17899.0, 18.0], sqY97cm_Qx, 6459861]
[jumpline, [22700.0, 12842.0, 17899.0, 18.0], sqY97cm_Qx, 6459861]
[jumpline, [22700.0, 12860.0, 17899.0, 18.0], sqY97cm_Qx, 6459861]
[jumpline, [22700.0, 12878.0, 17899.0, 18.0], sqY97cm_Qx, 6459861]
[jumpline, [22700.0, 12896.0, 17899.0, 18.0], sqY97cm_Qx, 6459861]
[jumpline, [22700.0, 12914.0, 17899.0, 18.0], sqY97cm_Qx, 6459861]
[jumpline, [22700.0, 12932.0, 17899.0, 18.0], sqY97cm_Qx, 6459861]
[jumpline, [22700.0, 12950.0, 17899.0, 18.0], sqY97cm_Qx, 6459861]
[jumpline, [22700.0, 12968.0, 17899.0, 18.0], sqY97cm_Qx, 6459861]
[jumpline, [22700.0, 12986.0, 17899.0, 18.0], sqY97cm_Qx, 6459861]
[jumpline, [22700.0, 13004.0, 17899.0, 18.0], sqY97cm_Qx, 6459861]
[jumpline, [22700.0, 13022.0, 17899.0, 18.0], sqY97cm_Qx, 6459861]
[jumpline, [22700.0, 13040.0, 17899.0, 18.0], sqY97cm_Qx, 6459861]
[jumpline, [22700.0, 13058.0, 17899.0, 18.0], sqY97cm_Qx, 6459861]
[jumpline, [22700.0, 13076.0, 17899.0, 18.0], sqY97cm_Qx, 6459861]
[jumpline, [22700.0, 13094.0, 17899.0, 18.0], sqY97cm_Qx, 6459861]
[jumpline, [22700.0, 13112.0, 17899.0, 18.0], sqY97cm_Qx, 6459861]
[jumpline, [22700.0, 13130.0, 17899.0, 18.0], sqY97cm_Qx, 6459861]
[jumpline, [22700.0, 13148.0, 17899.0, 18.0], sqY97cm_Qx, 6459861]
[jumpline, [22700.0, 13166.0, 17899.0, 18.0], sqY97cm_Qx, 6459861]
[jumpline, [22700.0, 13184.0, 17899.0, 18.0], sqY97cm_Qx, 6459861]
[jumpline, [22700.0, 13202.0, 17899.0, 18.0], sqY97cm_Qx, 6459861]
[jumpline, [22700.0, 13220.0, 17899.0, 18.0], sqY97cm_Qx, 6459861]
[jumpline, [22700.0, 13238.0, 17899.0, 18.0], sqY97cm_Qx, 6459861]
[jumpline, [22700.0, 13256.0, 17899.0, 18.0], sqY97cm_Qx, 6459861]
[jumpline, [22700.0, 13274.0, 17899.0, 18.0], sqY97cm_Qx, 6459861]
[jumpline, [22700.0, 13292.0, 17899.0, 18.0], sqY97cm_Qx, 6459861]
[jumpline, [22700.0, 13310.0, 17899.0, 18.0], sqY97cm_Qx, 6459861]
[jumpline, [22700.0, 13328.0, 17899.0, 18.0], sqY97cm_Qx, 6459861]
[jumpline, [22700.0, 13346.0, 17899.0, 18.0], sqY97cm_Qx, 6459861]
[jumpline, [22700.0, 13364.0, 17899.0, 18.0], sqY97cm_Qx, 6459861]
[jumpline, [22700.0, 13382.0, 17899.0, 18.0], sqY97cm_Qx, 6459861]
[jumpline, [22700.0, 13400.0, 17899.0, 18.0], sqY97cm_Qx, 6459861]
[jumpline, [22700.0, 13418.0, 17899.0, 18.0], sqY97cm_Qx, 6459861]
[jumpline, [22700.0, 13436.0, 17899.0, 18.0], sqY97cm_Qx, 6459861]
[jumpline, [22700.0, 13454.0, 17899.0, 18.0], sqY97cm_Qx, 6459861]
[jumpline, [22700.0, 13472.0, 17899.0, 18.0], sqY97cm_Qx, 6459861]
[jumpline, [22700.0, 13490.0, 17899.0, 18.0], sqY97cm_Qx, 6459861]
[jumpline, [22700.0, 13508.0, 17899.0, 18.0], sqY97cm_Qx, 6459861]
[jumpline, [22700.0, 13526.0, 17899.0, 18.0], sqY97cm_Qx, 6459861]
[jumpline, [22700.0, 13544.0, 17899.0, 18.0], sqY97cm_Qx, 6459861]
[jumpline, [22700.0, 13562.0, 17899.0, 18.0], sqY97cm_Qx, 6459861]
[jumpline, [22700.0, 13580.0, 17899.0, 18.0], sqY97cm_Qx, 6459861]
[jumpline, [22700.0, 13598.0, 17899.0, 18.0], sqY97cm_Qx, 6459861]
[paragraph, [9499.0, 14100.0, 41699.0, 18.0], zI7G4Ybi8O, 6459861]
[paragraph, [9499.0, 14118.0, 41699.0, 18.0], zI7G4Ybi8O, 6459861]
[paragraph, [9499.0, 14136.0, 41699.0, 18.0], zI7G4Ybi8O, 6459861]
[paragraph, [9499.0, 14154.0, 41699.0, 18.0], zI7G4Ybi8O, 6459861]
[paragraph, [9499.0, 14172.0, 41699.0, 18.0], zI7G4Ybi8O, 6459861]
[paragraph, [9499.0, 14190.0, 41699.0, 18.0], zI7G4Ybi8O, 6459861]
[paragraph, [9499.0, 14208.0, 41699.0, 18.0], zI7G4Ybi8O, 6459861]
[paragraph, [9499.0, 14226.0, 41699.0, 18.0], zI7G4Ybi8O, 6459861]
[paragraph, [9499.0, 14244.0, 41699.0, 18.0], zI7G4Ybi8O, 6459861]
[paragraph, [9499.0, 14262.0, 41699.0, 18.0], zI7G4Ybi8O, 6459861]
[paragraph, [9499.0, 14280.0, 41699.0, 18.0], zI7G4Ybi8O, 6459861]
[paragraph, [9499.0, 14298.0, 41699.0, 18.0], zI7G4Ybi8O, 6459861]
[paragraph, [9499.0, 14316.0, 41699.0, 18.0], zI7G4Ybi8O, 6459861]
[paragraph, [9499.0, 14334.0, 41699.0, 18.0], zI7G4Ybi8O, 6459861]
[paragraph, [9499.0, 14352.0, 41699.0, 18.0], zI7G4Ybi8O, 6459861]
[paragraph, [9499.0, 14370.0, 41699.0, 18.0], zI7G4Ybi8O, 6459861]
[paragraph, [9499.0, 14388.0, 41699.0, 18.0], zI7G4Ybi8O, 6459861]
[paragraph, [9499.0, 14406.0, 41699.0, 18.0], zI7G4Ybi8O, 6459861]
[paragraph, [9499.0, 14424.0, 41699.0, 18.0], zI7G4Ybi8O, 6459861]
[paragraph, [9499.0, 14442.0, 41699.0, 18.0], zI7G4Ybi8O, 6459861]
[paragraph, [9499.0, 14460.0, 41699.0, 18.0], zI7G4Ybi8O, 6459861]
[paragraph, [9499.0, 14478.0, 41699.0, 18.0], zI7G4Ybi8O, 6459861]
[paragraph, [9499.0, 14496.0, 41699.0, 18.0], zI7G4Ybi8O, 6459861]
[paragraph, [9499.0, 14514.0, 41699.0, 18.0], zI7G4Ybi8O, 6459861]
[paragraph, [9499.0, 14532.0, 41699.0, 18.0], zI7G4Ybi8O, 6459861]
[paragraph, [9499.0, 14550.0, 41699.0, 18.0], zI7G4Ybi8O, 6459861]
[paragraph, [9499.0, 14568.0, 41699.0, 18.0], zI7G4Ybi8O, 6459861]
[paragraph, [9499.0, 14586.0, 41699.0, 18.0], zI7G4Ybi8O, 6459861]
[paragraph, [9499.0, 14604.0, 41699.0, 18.0], zI7G4Ybi8O, 6459861]
[paragraph, [9499.0, 14622.0, 41699.0, 18.0], zI7G4Ybi8O, 6459861]
[paragraph, [9499.0, 14640.0, 41699.0, 18.0], zI7G4Ybi8O, 6459861]
[paragraph, [9499.0, 14658.0, 41699.0, 18.0], zI7G4Ybi8O, 6459861]
[paragraph, [9499.0, 14676.0, 41699.0, 18.0], zI7G4Ybi8O, 6459861]
[paragraph, [9499.0, 14694.0, 41699.0, 18.0], zI7G4Ybi8O, 6459861]
[paragraph, [9499.0, 14712.0, 41699.0, 18.0], zI7G4Ybi8O, 6459861]
[paragraph, [9499.0, 14730.0, 41699.0, 18.0], zI7G4Ybi8O, 6459861]
[paragraph, [9499.0, 14748.0, 41699.0, 18.0], zI7G4Ybi8O, 6459861]
[paragraph, [9499.0, 14766.0, 41699.0, 18.0], zI7G4Ybi8O, 6459861]
[paragraph, [9499.0, 14784.0, 41699.0, 18.0], zI7G4Ybi8O, 6459861]
[paragraph, [9499.0, 14802.0, 41699.0, 18.0], zI7G4Ybi8O, 6459861]
[paragraph, [9499.0, 14820.0, 41699.0, 18.0], zI7G4Ybi8O, 6459861]
[paragraph, [9499.0, 14838.0, 41699.0, 18.0], zI7G4Ybi8O, 6459861]
[paragraph, [9499.0, 14856.0, 41699.0, 18.0], zI7G4Ybi8O, 6459861]
[paragraph, [9499.0, 14874.0, 41699.0, 18.0], zI7G4Ybi8O, 6459861]
[paragraph, [9499.0, 14892.0, 41699.0, 18.0], zI7G4Ybi8O, 6459861]
[paragraph, [9499.0, 14910.0, 41699.0, 18.0], zI7G4Ybi8O, 6459861]
[paragraph, [9499.0, 14928.0, 41699.0, 18.0], zI7G4Ybi8O, 6459861]
[paragraph, [9499.0, 14946.0, 41699.0, 18.0], zI7G4Ybi8O, 6459861]
[paragraph, [9499.0, 14964.0, 41699.0, 18.0], zI7G4Ybi8O, 6459861]
[paragraph, [9499.0, 14982.0, 41699.0, 18.0], zI7G4Ybi8O, 6459861]
[paragraph, [9499.0, 15000.0, 41699.0, 18.0], zI7G4Ybi8O, 6459861]
[paragraph, [9499.0, 15018.0, 41699.0, 18.0], zI7G4Ybi8O, 6459861]
[paragraph, [9499.0, 15036.0, 41699.0, 18.0], zI7G4Ybi8O, 6459861]
[paragraph, [9499.0, 15054.0, 41699.0, 18.0], zI7G4Ybi8O, 6459861]
[paragraph, [9499.0, 15072.0, 41699.0, 18.0], zI7G4Ybi8O, 6459861]
[paragraph, [9499.0, 15090.0, 41699.0, 18.0], zI7G4Ybi8O, 6459861]
[paragraph, [9499.0, 15108.0, 41699.0, 18.0], zI7G4Ybi8O, 6459861]
[paragraph, [9499.0, 15126.0, 41699.0, 18.0], zI7G4Ybi8O, 6459861]
[paragraph, [9499.0, 15144.0, 41699.0, 18.0], zI7G4Ybi8O, 6459861]
[paragraph, [9499.0, 15162.0, 41699.0, 18.0], zI7G4Ybi8O, 6459861]
[paragraph, [9499.0, 15180.0, 41699.0, 18.0], zI7G4Ybi8O, 6459861]
[paragraph, [9499.0, 15198.0, 41699.0, 18.0], zI7G4Ybi8O, 6459861]
[paragraph, [9499.0, 15216.0, 41699.0, 18.0], zI7G4Ybi8O, 6459861]
[paragraph, [9499.0, 15234.0, 41699.0, 18.0], zI7G4Ybi8O, 6459861]
[paragraph, [9499.0, 15252.0, 41699.0, 18.0], zI7G4Ybi8O, 6459861]
[paragraph, [9499.0, 15270.0, 41699.0, 18.0], zI7G4Ybi8O, 6459861]
[paragraph, [9499.0, 15288.0, 41699.0, 18.0], zI7G4Ybi8O, 6459861]
[paragraph, [9499.0, 15306.0, 41699.0, 18.0], zI7G4Ybi8O, 6459861]
[paragraph, [9499.0, 15324.0, 41699.0, 18.0], zI7G4Ybi8O, 6459861]
[paragraph, [9499.0, 15342.0, 41699.0, 18.0], zI7G4Ybi8O, 6459861]
[paragraph, [8961.0, 24272.0, 42538.0, 18.0], shoonya_0sMQVM55DF4K7V, 6459861]
[paragraph, [8961.0, 24290.0, 42538.0, 18.0], shoonya_0sMQVM55DF4K7V, 6459861]
[paragraph, [8961.0, 24308.0, 42538.0, 18.0], shoonya_0sMQVM55DF4K7V, 6459861]
[paragraph, [8961.0, 24326.0, 42538.0, 18.0], shoonya_0sMQVM55DF4K7V, 6459861]
[paragraph, [8961.0, 24344.0, 42538.0, 18.0], shoonya_0sMQVM55DF4K7V, 6459861]
[paragraph, [8961.0, 24362.0, 42538.0, 18.0], shoonya_0sMQVM55DF4K7V, 6459861]
[paragraph, [8961.0, 24380.0, 42538.0, 18.0], shoonya_0sMQVM55DF4K7V, 6459861]
[paragraph, [8961.0, 24398.0, 42538.0, 18.0], shoonya_0sMQVM55DF4K7V, 6459861]
[paragraph, [8961.0, 24416.0, 42538.0, 18.0], shoonya_0sMQVM55DF4K7V, 6459861]
[paragraph, [8961.0, 24434.0, 42538.0, 18.0], shoonya_0sMQVM55DF4K7V, 6459861]
[paragraph, [8961.0, 24452.0, 42538.0, 18.0], shoonya_0sMQVM55DF4K7V, 6459861]
[paragraph, [8961.0, 24470.0, 42538.0, 18.0], shoonya_0sMQVM55DF4K7V, 6459861]
[paragraph, [8961.0, 24488.0, 42538.0, 18.0], shoonya_0sMQVM55DF4K7V, 6459861]
[paragraph, [8961.0, 24506.0, 42538.0, 18.0], shoonya_0sMQVM55DF4K7V, 6459861]
[paragraph, [8961.0, 24524.0, 42538.0, 18.0], shoonya_0sMQVM55DF4K7V, 6459861]
[paragraph, [8961.0, 24542.0, 42538.0, 18.0], shoonya_0sMQVM55DF4K7V, 6459861]
[paragraph, [8961.0, 24560.0, 42538.0, 18.0], shoonya_0sMQVM55DF4K7V, 6459861]
[paragraph, [8961.0, 24578.0, 42538.0, 18.0], shoonya_0sMQVM55DF4K7V, 6459861]
[paragraph, [8961.0, 24596.0, 42538.0, 18.0], shoonya_0sMQVM55DF4K7V, 6459861]
[paragraph, [8961.0, 24614.0, 42538.0, 18.0], shoonya_0sMQVM55DF4K7V, 6459861]
[paragraph, [8961.0, 24632.0, 42538.0, 18.0], shoonya_0sMQVM55DF4K7V, 6459861]
[paragraph, [8961.0, 24650.0, 42538.0, 18.0], shoonya_0sMQVM55DF4K7V, 6459861]
[paragraph, [8961.0, 24668.0, 42538.0, 18.0], shoonya_0sMQVM55DF4K7V, 6459861]
[paragraph, [8961.0, 24686.0, 42538.0, 18.0], shoonya_0sMQVM55DF4K7V, 6459861]
[paragraph, [8961.0, 24704.0, 42538.0, 18.0], shoonya_0sMQVM55DF4K7V, 6459861]
[paragraph, [8961.0, 24722.0, 42538.0, 18.0], shoonya_0sMQVM55DF4K7V, 6459861]
[paragraph, [8961.0, 24740.0, 42538.0, 18.0], shoonya_0sMQVM55DF4K7V, 6459861]
[paragraph, [8961.0, 24758.0, 42538.0, 18.0], shoonya_0sMQVM55DF4K7V, 6459861]
[paragraph, [8961.0, 24776.0, 42538.0, 18.0], shoonya_0sMQVM55DF4K7V, 6459861]
[paragraph, [8961.0, 24794.0, 42538.0, 18.0], shoonya_0sMQVM55DF4K7V, 6459861]
[paragraph, [8961.0, 24812.0, 42538.0, 18.0], shoonya_0sMQVM55DF4K7V, 6459861]
[paragraph, [8961.0, 24830.0, 42538.0, 18.0], shoonya_0sMQVM55DF4K7V, 6459861]
[paragraph, [8961.0, 24848.0, 42538.0, 18.0], shoonya_0sMQVM55DF4K7V, 6459861]
[paragraph, [8961.0, 24866.0, 42538.0, 18.0], shoonya_0sMQVM55DF4K7V, 6459861]
[paragraph, [8961.0, 24884.0, 42538.0, 18.0], shoonya_0sMQVM55DF4K7V, 6459861]
[paragraph, [8961.0, 24902.0, 42538.0, 18.0], shoonya_0sMQVM55DF4K7V, 6459861]
[paragraph, [8961.0, 24920.0, 42538.0, 18.0], shoonya_0sMQVM55DF4K7V, 6459861]
[paragraph, [8961.0, 24938.0, 42538.0, 18.0], shoonya_0sMQVM55DF4K7V, 6459861]
[paragraph, [8961.0, 24956.0, 42538.0, 18.0], shoonya_0sMQVM55DF4K7V, 6459861]
[paragraph, [8961.0, 24974.0, 42538.0, 18.0], shoonya_0sMQVM55DF4K7V, 6459861]
[paragraph, [8961.0, 24992.0, 42538.0, 18.0], shoonya_0sMQVM55DF4K7V, 6459861]
[paragraph, [8961.0, 25010.0, 42538.0, 18.0], shoonya_0sMQVM55DF4K7V, 6459861]
[paragraph, [8961.0, 25028.0, 42538.0, 18.0], shoonya_0sMQVM55DF4K7V, 6459861]
[paragraph, [8961.0, 25046.0, 42538.0, 18.0], shoonya_0sMQVM55DF4K7V, 6459861]
[paragraph, [8961.0, 25064.0, 42538.0, 18.0], shoonya_0sMQVM55DF4K7V, 6459861]
[paragraph, [8961.0, 25082.0, 42538.0, 18.0], shoonya_0sMQVM55DF4K7V, 6459861]
[paragraph, [8961.0, 25100.0, 42538.0, 18.0], shoonya_0sMQVM55DF4K7V, 6459861]
[paragraph, [8961.0, 25118.0, 42538.0, 18.0], shoonya_0sMQVM55DF4K7V, 6459861]
[paragraph, [8961.0, 25136.0, 42538.0, 18.0], shoonya_0sMQVM55DF4K7V, 6459861]
[paragraph, [8961.0, 25154.0, 42538.0, 18.0], shoonya_0sMQVM55DF4K7V, 6459861]
[paragraph, [8961.0, 25172.0, 42538.0, 18.0], shoonya_0sMQVM55DF4K7V, 6459861]
[paragraph, [8961.0, 25190.0, 42538.0, 18.0], shoonya_0sMQVM55DF4K7V, 6459861]
[paragraph, [8961.0, 25208.0, 42538.0, 18.0], shoonya_0sMQVM55DF4K7V, 6459861]
[paragraph, [8961.0, 25226.0, 42538.0, 18.0], shoonya_0sMQVM55DF4K7V, 6459861]
[paragraph, [8961.0, 25244.0, 42538.0, 18.0], shoonya_0sMQVM55DF4K7V, 6459861]
[paragraph, [8961.0, 25262.0, 42538.0, 18.0], shoonya_0sMQVM55DF4K7V, 6459861]
[paragraph, [8961.0, 25280.0, 42538.0, 18.0], shoonya_0sMQVM55DF4K7V, 6459861]
[paragraph, [8961.0, 25298.0, 42538.0, 18.0], shoonya_0sMQVM55DF4K7V, 6459861]
[paragraph, [8961.0, 25316.0, 42538.0, 18.0], shoonya_0sMQVM55DF4K7V, 6459861]
[paragraph, [8961.0, 25334.0, 42538.0, 18.0], shoonya_0sMQVM55DF4K7V, 6459861]
[paragraph, [8961.0, 25352.0, 42538.0, 18.0], shoonya_0sMQVM55DF4K7V, 6459861]
[paragraph, [8961.0, 25370.0, 42538.0, 18.0], shoonya_0sMQVM55DF4K7V, 6459861]
[paragraph, [8961.0, 25388.0, 42538.0, 18.0], shoonya_0sMQVM55DF4K7V, 6459861]
[paragraph, [8961.0, 25406.0, 42538.0, 18.0], shoonya_0sMQVM55DF4K7V, 6459861]
[paragraph, [8961.0, 25424.0, 42538.0, 18.0], shoonya_0sMQVM55DF4K7V, 6459861]
[paragraph, [8961.0, 25442.0, 42538.0, 18.0], shoonya_0sMQVM55DF4K7V, 6459861]
[paragraph, [8961.0, 25460.0, 42538.0, 18.0], shoonya_0sMQVM55DF4K7V, 6459861]
[paragraph, [8961.0, 25478.0, 42538.0, 18.0], shoonya_0sMQVM55DF4K7V, 6459861]
[paragraph, [8961.0, 25496.0, 42538.0, 18.0], shoonya_0sMQVM55DF4K7V, 6459861]
[folio, [50399.0, 80999.0, 7900.0, 18.0], bCTbroc-Ie, 6459861]
[folio, [50399.0, 81017.0, 7900.0, 18.0], bCTbroc-Ie, 6459861]
[folio, [50399.0, 81035.0, 7900.0, 18.0], bCTbroc-Ie, 6459861]
[folio, [50399.0, 81053.0, 7900.0, 18.0], bCTbroc-Ie, 6459861]
[folio, [50399.0, 81071.0, 7900.0, 18.0], bCTbroc-Ie, 6459861]
[folio, [50399.0, 81089.0, 7900.0, 18.0], bCTbroc-Ie, 6459861]
[folio, [50399.0, 81107.0, 7900.0, 18.0], bCTbroc-Ie, 6459861]
[folio, [50399.0, 81125.0, 7900.0, 18.0], bCTbroc-Ie, 6459861]
[folio, [50399.0, 81143.0, 7900.0, 18.0], bCTbroc-Ie, 6459861]
[folio, [50399.0, 81161.0, 7900.0, 18.0], bCTbroc-Ie, 6459861]
[folio, [50399.0, 81179.0, 7900.0, 18.0], bCTbroc-Ie, 6459861]
[folio, [50399.0, 81197.0, 7900.0, 18.0], bCTbroc-Ie, 6459861]
[folio, [50399.0, 81215.0, 7900.0, 18.0], bCTbroc-Ie, 6459861]
[folio, [50399.0, 81233.0, 7900.0, 18.0], bCTbroc-Ie, 6459861]
[folio, [50399.0, 81251.0, 7900.0, 18.0], bCTbroc-Ie, 6459861]
[folio, [50399.0, 81269.0, 7900.0, 18.0], bCTbroc-Ie, 6459861]
[folio, [50399.0, 81287.0, 7900.0, 18.0], bCTbroc-Ie, 6459861]
[folio, [50399.0, 81305.0, 7900.0, 18.0], bCTbroc-Ie, 6459861]
[folio, [50399.0, 81323.0, 7900.0, 18.0], bCTbroc-Ie, 6459861]
[folio, [50399.0, 81341.0, 7900.0, 18.0], bCTbroc-Ie, 6459861]
[folio, [50399.0, 81359.0, 7900.0, 18.0], bCTbroc-Ie, 6459861]
[folio, [50399.0, 81377.0, 7900.0, 18.0], bCTbroc-Ie, 6459861]
[folio, [50399.0, 81395.0, 7900.0, 18.0], bCTbroc-Ie, 6459861]
[folio, [50399.0, 81413.0, 7900.0, 18.0], bCTbroc-Ie, 6459861]
[folio, [50399.0, 81431.0, 7900.0, 18.0], bCTbroc-Ie, 6459861]
[folio, [50399.0, 81449.0, 7900.0, 18.0], bCTbroc-Ie, 6459861]
[folio, [50399.0, 81467.0, 7900.0, 18.0], bCTbroc-Ie, 6459861]
[folio, [50399.0, 81485.0, 7900.0, 18.0], bCTbroc-Ie, 6459861]
[folio, [50399.0, 81503.0, 7900.0, 18.0], bCTbroc-Ie, 6459861]
[folio, [50399.0, 81521.0, 7900.0, 18.0], bCTbroc-Ie, 6459861]
[folio, [50399.0, 81539.0, 7900.0, 18.0], bCTbroc-Ie, 6459861]
[folio, [50399.0, 81557.0, 7900.0, 18.0], bCTbroc-Ie, 6459861]
[folio, [50399.0, 81575.0, 7900.0, 18.0], bCTbroc-Ie, 6459861]
[folio, [50399.0, 81593.0, 7900.0, 18.0], bCTbroc-Ie, 6459861]
[folio, [50399.0, 81611.0, 7900.0, 18.0], bCTbroc-Ie, 6459861]
[folio, [50399.0, 81629.0, 7900.0, 18.0], bCTbroc-Ie, 6459861]
[folio, [50399.0, 81647.0, 7900.0, 18.0], bCTbroc-Ie, 6459861]
[folio, [50399.0, 81665.0, 7900.0, 18.0], bCTbroc-Ie, 6459861]
[folio, [50399.0, 81683.0, 7900.0, 18.0], bCTbroc-Ie, 6459861]
[folio, [50399.0, 81701.0, 7900.0, 18.0], bCTbroc-Ie, 6459861]
[folio, [50399.0, 81719.0, 7900.0, 18.0], bCTbroc-Ie, 6459861]
[folio, [50399.0, 81737.0, 7900.0, 18.0], bCTbroc-Ie, 6459861]
[folio, [50399.0, 81755.0, 7900.0, 18.0], bCTbroc-Ie, 6459861]
[folio, [50399.0, 81773.0, 7900.0, 18.0], bCTbroc-Ie, 6459861]
[folio, [50399.0, 81791.0, 7900.0, 18.0], bCTbroc-Ie, 6459861]
[folio, [50399.0, 81809.0, 7900.0, 18.0], bCTbroc-Ie, 6459861]
[folio, [50399.0, 81827.0, 7900.0, 18.0], bCTbroc-Ie, 6459861]
[folio, [50399.0, 81845.0, 7900.0, 18.0], bCTbroc-Ie, 6459861]
[folio, [50399.0, 81863.0, 7900.0, 18.0], bCTbroc-Ie, 6459861]
[folio, [50399.0, 81881.0, 7900.0, 18.0], bCTbroc-Ie, 6459861]
[folio, [50399.0, 81899.0, 7900.0, 18.0], bCTbroc-Ie, 6459861]
[folio, [50399.0, 81917.0, 7900.0, 18.0], bCTbroc-Ie, 6459861]
[folio, [50399.0, 81935.0, 7900.0, 18.0], bCTbroc-Ie, 6459861]
[folio, [50399.0, 81953.0, 7900.0, 18.0], bCTbroc-Ie, 6459861]
[folio, [50399.0, 81971.0, 7900.0, 18.0], bCTbroc-Ie, 6459861]
[folio, [50399.0, 81989.0, 7900.0, 18.0], bCTbroc-Ie, 6459861]
[folio, [50399.0, 82007.0, 7900.0, 18.0], bCTbroc-Ie, 6459861]
[folio, [50399.0, 82025.0, 7900.0, 18.0], bCTbroc-Ie, 6459861]
[folio, [50399.0, 82043.0, 7900.0, 18.0], bCTbroc-Ie, 6459861]
[folio, [50399.0, 82061.0, 7900.0, 18.0], bCTbroc-Ie, 6459861]
[folio, [50399.0, 82079.0, 7900.0, 18.0], bCTbroc-Ie, 6459861]
[folio, [50399.0, 82097.0, 7900.0, 18.0], bCTbroc-Ie, 6459861]
[folio, [50399.0, 82115.0, 7900.0, 18.0], bCTbroc-Ie, 6459861]
[folio, [50399.0, 82133.0, 7900.0, 18.0], bCTbroc-Ie, 6459861]
[folio, [50399.0, 82151.0, 7900.0, 18.0], bCTbroc-Ie, 6459861]
[folio, [50399.0, 82169.0, 7900.0, 18.0], bCTbroc-Ie, 6459861]
[folio, [50399.0, 82187.0, 7900.0, 18.0], bCTbroc-Ie, 6459861]
[folio, [50399.0, 82205.0, 7900.0, 18.0], bCTbroc-Ie, 6459861]
[folio, [50399.0, 82223.0, 7900.0, 18.0], bCTbroc-Ie, 6459861]
[folio, [50399.0, 82241.0, 7900.0, 18.0], bCTbroc-Ie, 6459861]
[folio, [50399.0, 82259.0, 7900.0, 18.0], bCTbroc-Ie, 6459861]
[folio, [50399.0, 82277.0, 7900.0, 18.0], bCTbroc-Ie, 6459861]
[folio, [50399.0, 82295.0, 7900.0, 18.0], bCTbroc-Ie, 6459861]
[folio, [50399.0, 82313.0, 7900.0, 18.0], bCTbroc-Ie, 6459861]
[folio, [50399.0, 82331.0, 7900.0, 18.0], bCTbroc-Ie, 6459861]
[folio, [50399.0, 82349.0, 7900.0, 18.0], bCTbroc-Ie, 6459861]
[folio, [50399.0, 82367.0, 7900.0, 18.0], bCTbroc-Ie, 6459861]
[folio, [50399.0, 82385.0, 7900.0, 18.0], bCTbroc-Ie, 6459861]
[folio, [50399.0, 82403.0, 7900.0, 18.0], bCTbroc-Ie, 6459861]
[folio, [50399.0, 82421.0, 7900.0, 18.0], bCTbroc-Ie, 6459861]
[folio, [50399.0, 82439.0, 7900.0, 18.0], bCTbroc-Ie, 6459861]
[folio, [50399.0, 82457.0, 7900.0, 18.0], bCTbroc-Ie, 6459861]
[folio, [50399.0, 82475.0, 7900.0, 18.0], bCTbroc-Ie, 6459861]
[folio, [50399.0, 82493.0, 7900.0, 18.0], bCTbroc-Ie, 6459861]
[folio, [50399.0, 82511.0, 7900.0, 18.0], bCTbroc-Ie, 6459861]
[folio, [50399.0, 82529.0, 7900.0, 18.0], bCTbroc-Ie, 6459861]
[folio, [50399.0, 82547.0, 7900.0, 18.0], bCTbroc-Ie, 6459861]
[folio, [50399.0, 82565.0, 7900.0, 18.0], bCTbroc-Ie, 6459861]
[folio, [50399.0, 82583.0, 7900.0, 18.0], bCTbroc-Ie, 6459861]
[folio, [50399.0, 82601.0, 7900.0, 18.0], bCTbroc-Ie, 6459861]
[folio, [50399.0, 82619.0, 7900.0, 18.0], bCTbroc-Ie, 6459861]
[folio, [50399.0, 82637.0, 7900.0, 18.0], bCTbroc-Ie, 6459861]
[folio, [50399.0, 82655.0, 7900.0, 18.0], bCTbroc-Ie, 6459861]
[folio, [50399.0, 82673.0, 7900.0, 18.0], bCTbroc-Ie, 6459861]
[folio, [50399.0, 82691.0, 7900.0, 18.0], bCTbroc-Ie, 6459861]
[folio, [50399.0, 82709.0, 7900.0, 18.0], bCTbroc-Ie, 6459861]
[folio, [50399.0, 82727.0, 7900.0, 18.0], bCTbroc-Ie, 6459861]
[folio, [50399.0, 82745.0, 7900.0, 18.0], bCTbroc-Ie, 6459861]
[folio, [50399.0, 82763.0, 7900.0, 18.0], bCTbroc-Ie, 6459861]
[folio, [50399.0, 82781.0, 7900.0, 18.0], bCTbroc-Ie, 6459861]
[folio, [50399.0, 82799.0, 7900.0, 18.0], bCTbroc-Ie, 6459861]
[folio, [50399.0, 82817.0, 7900.0, 18.0], bCTbroc-Ie, 6459861]
[folio, [50399.0, 82835.0, 7900.0, 18.0], bCTbroc-Ie, 6459861]
[folio, [50399.0, 82853.0, 7900.0, 18.0], bCTbroc-Ie, 6459861]
[folio, [50399.0, 82871.0, 7900.0, 18.0], bCTbroc-Ie, 6459861]
[folio, [50399.0, 82889.0, 7900.0, 18.0], bCTbroc-Ie, 6459861]
[folio, [50399.0, 82907.0, 7900.0, 18.0], bCTbroc-Ie, 6459861]
[folio, [50399.0, 82925.0, 7900.0, 18.0], bCTbroc-Ie, 6459861]
[folio, [50399.0, 82943.0, 7900.0, 18.0], bCTbroc-Ie, 6459861]
[folio, [50399.0, 82961.0, 7900.0, 18.0], bCTbroc-Ie, 6459861]
[folio, [50399.0, 82979.0, 7900.0, 18.0], bCTbroc-Ie, 6459861]
[folio, [50399.0, 82997.0, 7900.0, 18.0], bCTbroc-Ie, 6459861]
[folio, [50399.0, 83015.0, 7900.0, 18.0], bCTbroc-Ie, 6459861]
[folio, [50399.0, 83033.0, 7900.0, 18.0], bCTbroc-Ie, 6459861]
[folio, [50399.0, 83051.0, 7900.0, 18.0], bCTbroc-Ie, 6459861]
[folio, [50399.0, 83069.0, 7900.0, 18.0], bCTbroc-Ie, 6459861]
[folio, [50399.0, 83087.0, 7900.0, 18.0], bCTbroc-Ie, 6459861]
[folio, [50399.0, 83105.0, 7900.0, 18.0], bCTbroc-Ie, 6459861]
[folio, [50399.0, 83123.0, 7900.0, 18.0], bCTbroc-Ie, 6459861]
[folio, [50399.0, 83141.0, 7900.0, 18.0], bCTbroc-Ie, 6459861]
[folio, [50399.0, 83159.0, 7900.0, 18.0], bCTbroc-Ie, 6459861]
[folio, [50399.0, 83177.0, 7900.0, 18.0], bCTbroc-Ie, 6459861]
[folio, [50399.0, 83195.0, 7900.0, 18.0], bCTbroc-Ie, 6459861]
[folio, [50399.0, 83213.0, 7900.0, 18.0], bCTbroc-Ie, 6459861]
[folio, [50399.0, 83231.0, 7900.0, 18.0], bCTbroc-Ie, 6459861]
[folio, [50399.0, 83249.0, 7900.0, 18.0], bCTbroc-Ie, 6459861]
[folio, [50399.0, 83267.0, 7900.0, 18.0], bCTbroc-Ie, 6459861]
[folio, [50399.0, 83285.0, 7900.0, 18.0], bCTbroc-Ie, 6459861]
[folio, [50399.0, 83303.0, 7900.0, 18.0], bCTbroc-Ie, 6459861]
[folio, [50399.0, 83321.0, 7900.0, 18.0], bCTbroc-Ie, 6459861]
[folio, [50399.0, 83339.0, 7900.0, 18.0], bCTbroc-Ie, 6459861]
[folio, [50399.0, 83357.0, 7900.0, 18.0], bCTbroc-Ie, 6459861]
[folio, [50399.0, 83375.0, 7900.0, 18.0], bCTbroc-Ie, 6459861]
