[2339, 1653]
[headline, [429.0, 212.0, 976.0, 67.5], shoonya_1s6JMXX5LA9YE9, 5690145]
[headline, [429.0, 279.5, 976.0, 67.5], shoonya_1s6JMXX5LA9YE9, 5690145]
[headline, [429.0, 347.0, 976.0, 67.5], shoonya_1s6JMXX5LA9YE9, 5690145]
[headline, [429.0, 414.5, 976.0, 67.5], shoonya_1s6JMXX5LA9YE9, 5690145]
[folio, [200.0, 316.0, 216.0, 36.0], -CgW2JTKnw, 5690145]
[folio, [200.0, 352.0, 216.0, 36.0], -CgW2JTKnw, 5690145]
[folio, [200.0, 388.0, 216.0, 36.0], -CgW2JTKnw, 5690145]
[folio, [200.0, 424.0, 216.0, 36.0], -CgW2JTKnw, 5690145]
[folio, [200.0, 460.0, 216.0, 36.0], -CgW2JTKnw, 5690145]
[ordered-list, [159.0, 617.0, 1338.0, 36.0], 9mJT746v_N, 5690145]
[ordered-list, [159.0, 653.0, 1338.0, 36.0], 9mJT746v_N, 5690145]
[ordered-list, [159.0, 689.0, 1338.0, 36.0], 9mJT746v_N, 5690145]
[ordered-list, [159.0, 725.0, 1338.0, 36.0], 9mJT746v_N, 5690145]
[ordered-list, [159.0, 761.0, 1338.0, 36.0], 9mJT746v_N, 5690145]
[ordered-list, [159.0, 797.0, 1338.0, 36.0], 9mJT746v_N, 5690145]
[ordered-list, [159.0, 833.0, 1338.0, 36.0], 9mJT746v_N, 5690145]
[ordered-list, [159.0, 869.0, 1338.0, 36.0], 9mJT746v_N, 5690145]
[ordered-list, [159.0, 905.0, 1338.0, 36.0], 9mJT746v_N, 5690145]
[ordered-list, [159.0, 941.0, 1338.0, 36.0], 9mJT746v_N, 5690145]
[ordered-list, [159.0, 977.0, 1338.0, 36.0], 9mJT746v_N, 5690145]
[ordered-list, [159.0, 1013.0, 1338.0, 36.0], 9mJT746v_N, 5690145]
[ordered-list, [159.0, 1049.0, 1338.0, 36.0], 9mJT746v_N, 5690145]
[ordered-list, [159.0, 1085.0, 1338.0, 36.0], 9mJT746v_N, 5690145]
[ordered-list, [159.0, 1121.0, 1338.0, 36.0], 9mJT746v_N, 5690145]
[ordered-list, [159.0, 1157.0, 1338.0, 36.0], 9mJT746v_N, 5690145]
[ordered-list, [159.0, 1193.0, 1338.0, 36.0], 9mJT746v_N, 5690145]
[ordered-list, [159.0, 1229.0, 1338.0, 36.0], 9mJT746v_N, 5690145]
[ordered-list, [159.0, 1265.0, 1338.0, 36.0], 9mJT746v_N, 5690145]
[ordered-list, [159.0, 1301.0, 1338.0, 36.0], 9mJT746v_N, 5690145]
[ordered-list, [159.0, 1337.0, 1338.0, 36.0], 9mJT746v_N, 5690145]
[ordered-list, [159.0, 1373.0, 1338.0, 36.0], 9mJT746v_N, 5690145]
[ordered-list, [159.0, 1409.0, 1338.0, 36.0], 9mJT746v_N, 5690145]
[ordered-list, [159.0, 1445.0, 1338.0, 36.0], 9mJT746v_N, 5690145]
[ordered-list, [159.0, 1481.0, 1338.0, 36.0], 9mJT746v_N, 5690145]
[ordered-list, [159.0, 1517.0, 1338.0, 36.0], 9mJT746v_N, 5690145]
[ordered-list, [159.0, 1553.0, 1338.0, 36.0], 9mJT746v_N, 5690145]
[ordered-list, [159.0, 1589.0, 1338.0, 36.0], 9mJT746v_N, 5690145]
[ordered-list, [159.0, 1625.0, 1338.0, 36.0], 9mJT746v_N, 5690145]
[ordered-list, [159.0, 1661.0, 1338.0, 36.0], 9mJT746v_N, 5690145]
[ordered-list, [159.0, 1697.0, 1338.0, 36.0], 9mJT746v_N, 5690145]
[ordered-list, [159.0, 1733.0, 1338.0, 36.0], 9mJT746v_N, 5690145]
[ordered-list, [159.0, 1769.0, 1338.0, 36.0], 9mJT746v_N, 5690145]
[ordered-list, [159.0, 1805.0, 1338.0, 36.0], 9mJT746v_N, 5690145]
[ordered-list, [159.0, 1841.0, 1338.0, 36.0], 9mJT746v_N, 5690145]
[ordered-list, [159.0, 1877.0, 1338.0, 36.0], 9mJT746v_N, 5690145]
[ordered-list, [159.0, 1913.0, 1338.0, 36.0], 9mJT746v_N, 5690145]
[ordered-list, [159.0, 1949.0, 1338.0, 36.0], 9mJT746v_N, 5690145]
[ordered-list, [159.0, 1985.0, 1338.0, 36.0], 9mJT746v_N, 5690145]
[ordered-list, [159.0, 2021.0, 1338.0, 36.0], 9mJT746v_N, 5690145]
