[814, 624]
[paragraph, [71.0, 115.0, 479.0, 18.0], Nu4q5__ILS, 5690265]
[paragraph, [71.0, 133.0, 479.0, 18.0], Nu4q5__ILS, 5690265]
[paragraph, [71.0, 151.0, 479.0, 18.0], Nu4q5__ILS, 5690265]
[paragraph, [73.0, 185.0, 474.0, 18.0], 9TM7V9nxez, 5690265]
[paragraph, [73.0, 203.0, 474.0, 18.0], 9TM7V9nxez, 5690265]
[paragraph, [73.0, 221.0, 474.0, 18.0], 9TM7V9nxez, 5690265]
[paragraph, [73.0, 239.0, 474.0, 18.0], 9TM7V9nxez, 5690265]
[figure-caption, [198.0, 293.0, 152.0, 18.0], _NgX5RkWkY, 5690265]
[figure-caption, [196.0, 543.0, 136.0, 18.0], 554xDqnW0x, 5690265]
