[2640, 2040]
[folio, [515.0, 61.0, 1007.0, 46.5], FjqmGqH_Uz, 5700100]
[ordered-list, [209.0, 236.0, 492.0, 46.5], -_jYjG8J5Q, 5700100]
[options, [231.0, 474.0, 363.0, 46.5], shoonya_12sXXOU223ZDFL, 5700100]
[options, [231.0, 520.5, 363.0, 46.5], shoonya_12sXXOU223ZDFL, 5700100]
[options, [231.0, 567.0, 363.0, 46.5], shoonya_12sXXOU223ZDFL, 5700100]
[options, [231.0, 613.5, 363.0, 46.5], shoonya_12sXXOU223ZDFL, 5700100]
[options, [231.0, 660.0, 363.0, 46.5], shoonya_12sXXOU223ZDFL, 5700100]
[options, [237.0, 1006.0, 594.0, 46.5], rzdKXy352B, 5700100]
[options, [237.0, 1052.5, 594.0, 46.5], rzdKXy352B, 5700100]
[options, [237.0, 1099.0, 594.0, 46.5], rzdKXy352B, 5700100]
[options, [237.0, 1145.5, 594.0, 46.5], rzdKXy352B, 5700100]
[options, [237.0, 1192.0, 594.0, 46.5], rzdKXy352B, 5700100]
[options, [237.0, 1238.5, 594.0, 46.5], rzdKXy352B, 5700100]
[options, [219.0, 1490.0, 165.0, 46.5], 5RvgEL2BdI, 5700100]
[options, [219.0, 1536.5, 165.0, 46.5], 5RvgEL2BdI, 5700100]
[options, [219.0, 1583.0, 165.0, 46.5], 5RvgEL2BdI, 5700100]
[options, [219.0, 1629.5, 165.0, 46.5], 5RvgEL2BdI, 5700100]
[options, [219.0, 1676.0, 165.0, 46.5], 5RvgEL2BdI, 5700100]
[options, [219.0, 1722.5, 165.0, 46.5], 5RvgEL2BdI, 5700100]
[options, [239.0, 1985.0, 244.0, 46.5], QwBCNO2ekj, 5700100]
[options, [239.0, 2031.5, 244.0, 46.5], QwBCNO2ekj, 5700100]
[options, [239.0, 2078.0, 244.0, 46.5], QwBCNO2ekj, 5700100]
[options, [239.0, 2124.5, 244.0, 46.5], QwBCNO2ekj, 5700100]
[options, [239.0, 2171.0, 244.0, 46.5], QwBCNO2ekj, 5700100]
[options, [239.0, 2217.5, 244.0, 46.5], QwBCNO2ekj, 5700100]
[folio, [349.0, 2507.0, 1331.0, 46.5], 4843mUHr2e, 5700100]
