[1261, 788]
[folio, [628.0, 30.0, 117.0, 18.0], shoonya_0sKM9LTCP4KIFW, 5782214]
[folio, [628.0, 48.0, 117.0, 18.0], shoonya_0sKM9LTCP4KIFW, 5782214]
[index, [264.0, 93.0, 492.0, 18.0], shoonya_24sKH9LN8J1IW3, 5782214]
[index, [264.0, 111.0, 492.0, 18.0], shoonya_24sKH9LN8J1IW3, 5782214]
[index, [264.0, 129.0, 492.0, 18.0], shoonya_24sKH9LN8J1IW3, 5782214]
[index, [264.0, 147.0, 492.0, 18.0], shoonya_24sKH9LN8J1IW3, 5782214]
[index, [264.0, 165.0, 492.0, 18.0], shoonya_24sKH9LN8J1IW3, 5782214]
[index, [264.0, 183.0, 492.0, 18.0], shoonya_24sKH9LN8J1IW3, 5782214]
[index, [264.0, 201.0, 492.0, 18.0], shoonya_24sKH9LN8J1IW3, 5782214]
[index, [264.0, 219.0, 492.0, 18.0], shoonya_24sKH9LN8J1IW3, 5782214]
[index, [264.0, 237.0, 492.0, 18.0], shoonya_24sKH9LN8J1IW3, 5782214]
[index, [264.0, 255.0, 492.0, 18.0], shoonya_24sKH9LN8J1IW3, 5782214]
[index, [264.0, 273.0, 492.0, 18.0], shoonya_24sKH9LN8J1IW3, 5782214]
[index, [264.0, 291.0, 492.0, 18.0], shoonya_24sKH9LN8J1IW3, 5782214]
[index, [264.0, 309.0, 492.0, 18.0], shoonya_24sKH9LN8J1IW3, 5782214]
[index, [264.0, 327.0, 492.0, 18.0], shoonya_24sKH9LN8J1IW3, 5782214]
[index, [264.0, 345.0, 492.0, 18.0], shoonya_24sKH9LN8J1IW3, 5782214]
[index, [264.0, 363.0, 492.0, 18.0], shoonya_24sKH9LN8J1IW3, 5782214]
[index, [264.0, 381.0, 492.0, 18.0], shoonya_24sKH9LN8J1IW3, 5782214]
[index, [264.0, 399.0, 492.0, 18.0], shoonya_24sKH9LN8J1IW3, 5782214]
[index, [264.0, 417.0, 492.0, 18.0], shoonya_24sKH9LN8J1IW3, 5782214]
[index, [264.0, 435.0, 492.0, 18.0], shoonya_24sKH9LN8J1IW3, 5782214]
[index, [264.0, 453.0, 492.0, 18.0], shoonya_24sKH9LN8J1IW3, 5782214]
[index, [264.0, 471.0, 492.0, 18.0], shoonya_24sKH9LN8J1IW3, 5782214]
[index, [264.0, 489.0, 492.0, 18.0], shoonya_24sKH9LN8J1IW3, 5782214]
[index, [264.0, 507.0, 492.0, 18.0], shoonya_24sKH9LN8J1IW3, 5782214]
[index, [264.0, 525.0, 492.0, 18.0], shoonya_24sKH9LN8J1IW3, 5782214]
[index, [264.0, 543.0, 492.0, 18.0], shoonya_24sKH9LN8J1IW3, 5782214]
[index, [264.0, 561.0, 492.0, 18.0], shoonya_24sKH9LN8J1IW3, 5782214]
[index, [264.0, 579.0, 492.0, 18.0], shoonya_24sKH9LN8J1IW3, 5782214]
[index, [264.0, 597.0, 492.0, 18.0], shoonya_24sKH9LN8J1IW3, 5782214]
[index, [264.0, 615.0, 492.0, 18.0], shoonya_24sKH9LN8J1IW3, 5782214]
[index, [264.0, 633.0, 492.0, 18.0], shoonya_24sKH9LN8J1IW3, 5782214]
[index, [264.0, 651.0, 492.0, 18.0], shoonya_24sKH9LN8J1IW3, 5782214]
[index, [264.0, 669.0, 492.0, 18.0], shoonya_24sKH9LN8J1IW3, 5782214]
[index, [264.0, 687.0, 492.0, 18.0], shoonya_24sKH9LN8J1IW3, 5782214]
[index, [264.0, 705.0, 492.0, 18.0], shoonya_24sKH9LN8J1IW3, 5782214]
[index, [264.0, 723.0, 492.0, 18.0], shoonya_24sKH9LN8J1IW3, 5782214]
[index, [264.0, 741.0, 492.0, 18.0], shoonya_24sKH9LN8J1IW3, 5782214]
[index, [264.0, 759.0, 492.0, 18.0], shoonya_24sKH9LN8J1IW3, 5782214]
[index, [264.0, 777.0, 492.0, 18.0], shoonya_24sKH9LN8J1IW3, 5782214]
[index, [264.0, 795.0, 492.0, 18.0], shoonya_24sKH9LN8J1IW3, 5782214]
[index, [264.0, 813.0, 492.0, 18.0], shoonya_24sKH9LN8J1IW3, 5782214]
[index, [264.0, 831.0, 492.0, 18.0], shoonya_24sKH9LN8J1IW3, 5782214]
[index, [129.0, 871.0, 631.0, 18.0], 67CwQ7iC_H, 5782214]
[index, [129.0, 889.0, 631.0, 18.0], 67CwQ7iC_H, 5782214]
[index, [129.0, 907.0, 631.0, 18.0], 67CwQ7iC_H, 5782214]
[index, [129.0, 925.0, 631.0, 18.0], 67CwQ7iC_H, 5782214]
[index, [129.0, 943.0, 631.0, 18.0], 67CwQ7iC_H, 5782214]
[index, [129.0, 961.0, 631.0, 18.0], 67CwQ7iC_H, 5782214]
[index, [129.0, 979.0, 631.0, 18.0], 67CwQ7iC_H, 5782214]
[index, [129.0, 997.0, 631.0, 18.0], 67CwQ7iC_H, 5782214]
[index, [129.0, 1015.0, 631.0, 18.0], 67CwQ7iC_H, 5782214]
[index, [129.0, 1033.0, 631.0, 18.0], 67CwQ7iC_H, 5782214]
[index, [129.0, 1051.0, 631.0, 18.0], 67CwQ7iC_H, 5782214]
[index, [129.0, 1069.0, 631.0, 18.0], 67CwQ7iC_H, 5782214]
[index, [129.0, 1087.0, 631.0, 18.0], 67CwQ7iC_H, 5782214]
[index, [129.0, 1105.0, 631.0, 18.0], 67CwQ7iC_H, 5782214]
[index, [129.0, 1123.0, 631.0, 18.0], 67CwQ7iC_H, 5782214]
[index, [129.0, 1141.0, 631.0, 18.0], 67CwQ7iC_H, 5782214]
