[1600, 2134]
[paragraph, [533.0, 653.0, 917.0, 36.0], 0-mfN44tpq, 5719639]
[paragraph, [533.0, 689.0, 917.0, 36.0], 0-mfN44tpq, 5719639]
[paragraph, [533.0, 725.0, 917.0, 36.0], 0-mfN44tpq, 5719639]
[paragraph, [533.0, 761.0, 917.0, 36.0], 0-mfN44tpq, 5719639]
[paragraph, [533.0, 797.0, 917.0, 36.0], 0-mfN44tpq, 5719639]
[paragraph, [533.0, 833.0, 917.0, 36.0], 0-mfN44tpq, 5719639]
[paragraph, [533.0, 869.0, 917.0, 36.0], 0-mfN44tpq, 5719639]
[paragraph, [533.0, 905.0, 917.0, 36.0], 0-mfN44tpq, 5719639]
[paragraph, [533.0, 941.0, 917.0, 36.0], 0-mfN44tpq, 5719639]
[paragraph, [533.0, 977.0, 917.0, 36.0], 0-mfN44tpq, 5719639]
[paragraph, [533.0, 1013.0, 917.0, 36.0], 0-mfN44tpq, 5719639]
[paragraph, [533.0, 1049.0, 917.0, 36.0], 0-mfN44tpq, 5719639]
[paragraph, [533.0, 1085.0, 917.0, 36.0], 0-mfN44tpq, 5719639]
[paragraph, [533.0, 1121.0, 917.0, 36.0], 0-mfN44tpq, 5719639]
[paragraph, [554.0, 1218.0, 810.0, 36.0], GClZN58OVH, 5719639]
[paragraph, [554.0, 1254.0, 810.0, 36.0], GClZN58OVH, 5719639]
[paragraph, [554.0, 1290.0, 810.0, 36.0], GClZN58OVH, 5719639]
[paragraph, [554.0, 1326.0, 810.0, 36.0], GClZN58OVH, 5719639]
