[1754, 1241]
[section-title, [444.0, 117.0, 553.0, 49.5], shoonya_2sAWQSV3T4BEST, 5719768]
[section-title, [444.0, 166.5, 553.0, 49.5], shoonya_2sAWQSV3T4BEST, 5719768]
[answer, [53.0, 316.0, 1138.0, 36.0], pASWT1HyF7, 5719768]
[answer, [53.0, 352.0, 1138.0, 36.0], pASWT1HyF7, 5719768]
[answer, [53.0, 388.0, 1138.0, 36.0], pASWT1HyF7, 5719768]
[answer, [53.0, 473.0, 1144.0, 36.0], Pix-AQ1AP4, 5719768]
[answer, [53.0, 509.0, 1144.0, 36.0], Pix-AQ1AP4, 5719768]
[answer, [53.0, 545.0, 1144.0, 36.0], Pix-AQ1AP4, 5719768]
[answer, [53.0, 581.0, 1144.0, 36.0], Pix-AQ1AP4, 5719768]
[answer, [53.0, 617.0, 1144.0, 36.0], Pix-AQ1AP4, 5719768]
[answer, [53.0, 653.0, 1144.0, 36.0], Pix-AQ1AP4, 5719768]
[answer, [51.0, 785.0, 1140.0, 36.0], 2htQHRWgiW, 5719768]
[answer, [51.0, 821.0, 1140.0, 36.0], 2htQHRWgiW, 5719768]
[answer, [51.0, 857.0, 1140.0, 36.0], 2htQHRWgiW, 5719768]
[answer, [51.0, 893.0, 1140.0, 36.0], 2htQHRWgiW, 5719768]
[answer, [51.0, 929.0, 1140.0, 36.0], 2htQHRWgiW, 5719768]
[answer, [51.0, 1035.0, 1099.0, 36.0], 6Vbny_y8CO, 5719768]
[answer, [47.0, 1190.0, 618.0, 36.0], OW0mW8nKKU, 5719768]
[answer, [47.0, 1226.0, 618.0, 36.0], OW0mW8nKKU, 5719768]
[answer, [47.0, 1262.0, 618.0, 36.0], OW0mW8nKKU, 5719768]
[answer, [47.0, 1298.0, 618.0, 36.0], OW0mW8nKKU, 5719768]
[answer, [47.0, 1334.0, 618.0, 36.0], OW0mW8nKKU, 5719768]
[answer, [47.0, 1370.0, 618.0, 36.0], OW0mW8nKKU, 5719768]
[answer, [33.0, 1502.0, 636.0, 36.0], idCs-eoRBf, 5719768]
[answer, [33.0, 1538.0, 636.0, 36.0], idCs-eoRBf, 5719768]
[answer, [33.0, 1574.0, 636.0, 36.0], idCs-eoRBf, 5719768]
