[1654, 1615]
[sidebar, [1421.0, 155.0, 123.0, 36.0], v72ud__CNY, 5738808]
[sidebar, [1421.0, 191.0, 123.0, 36.0], v72ud__CNY, 5738808]
[sidebar, [1421.0, 227.0, 123.0, 36.0], v72ud__CNY, 5738808]
[sidebar, [1421.0, 263.0, 123.0, 36.0], v72ud__CNY, 5738808]
[sidebar, [1421.0, 299.0, 123.0, 36.0], v72ud__CNY, 5738808]
[sidebar, [1421.0, 335.0, 123.0, 36.0], v72ud__CNY, 5738808]
[sidebar, [1421.0, 371.0, 123.0, 36.0], v72ud__CNY, 5738808]
[sidebar, [1421.0, 407.0, 123.0, 36.0], v72ud__CNY, 5738808]
[sidebar, [1421.0, 443.0, 123.0, 36.0], v72ud__CNY, 5738808]
[sidebar, [1421.0, 479.0, 123.0, 36.0], v72ud__CNY, 5738808]
[sidebar, [1421.0, 515.0, 123.0, 36.0], v72ud__CNY, 5738808]
[sidebar, [1421.0, 551.0, 123.0, 36.0], v72ud__CNY, 5738808]
[sidebar, [1421.0, 587.0, 123.0, 36.0], v72ud__CNY, 5738808]
[sidebar, [1421.0, 623.0, 123.0, 36.0], v72ud__CNY, 5738808]
[sidebar, [1421.0, 659.0, 123.0, 36.0], v72ud__CNY, 5738808]
[sidebar, [1421.0, 695.0, 123.0, 36.0], v72ud__CNY, 5738808]
[sidebar, [1421.0, 731.0, 123.0, 36.0], v72ud__CNY, 5738808]
[sidebar, [1421.0, 767.0, 123.0, 36.0], v72ud__CNY, 5738808]
[sidebar, [1421.0, 803.0, 123.0, 36.0], v72ud__CNY, 5738808]
[sidebar, [1421.0, 839.0, 123.0, 36.0], v72ud__CNY, 5738808]
[headline, [45.0, 194.0, 854.0, 37.5], FVDeAT_hpU, 5738808]
[headline, [45.0, 231.5, 854.0, 37.5], FVDeAT_hpU, 5738808]
[headline, [45.0, 269.0, 854.0, 37.5], FVDeAT_hpU, 5738808]
[headline, [45.0, 306.5, 854.0, 37.5], FVDeAT_hpU, 5738808]
[folio, [124.0, 1435.0, 261.0, 36.0], shoonya_2sPOBPIJHWCNA0, 5738808]
[folio, [124.0, 1471.0, 261.0, 36.0], shoonya_2sPOBPIJHWCNA0, 5738808]
[folio, [124.0, 1507.0, 261.0, 36.0], shoonya_2sPOBPIJHWCNA0, 5738808]
[folio, [124.0, 1543.0, 261.0, 36.0], shoonya_2sPOBPIJHWCNA0, 5738808]
