[1650, 1275]
[figure-caption, [576.0, 793.0, 138.0, 36.0], pierR1m5QG, 5729987]
[paragraph, [125.0, 848.0, 1040.0, 36.0], MU6XaNvR-y, 5729987]
[paragraph, [125.0, 884.0, 1040.0, 36.0], MU6XaNvR-y, 5729987]
[paragraph, [125.0, 920.0, 1040.0, 36.0], MU6XaNvR-y, 5729987]
[paragraph, [125.0, 956.0, 1040.0, 36.0], MU6XaNvR-y, 5729987]
[paragraph, [125.0, 992.0, 1040.0, 36.0], MU6XaNvR-y, 5729987]
[paragraph, [125.0, 1028.0, 1040.0, 36.0], MU6XaNvR-y, 5729987]
[paragraph, [125.0, 1064.0, 1040.0, 36.0], MU6XaNvR-y, 5729987]
[paragraph, [125.0, 1100.0, 1040.0, 36.0], MU6XaNvR-y, 5729987]
[paragraph, [125.0, 1136.0, 1040.0, 36.0], MU6XaNvR-y, 5729987]
[paragraph, [125.0, 1172.0, 1040.0, 36.0], MU6XaNvR-y, 5729987]
[paragraph, [125.0, 1208.0, 1040.0, 36.0], MU6XaNvR-y, 5729987]
[paragraph, [125.0, 1244.0, 1040.0, 36.0], MU6XaNvR-y, 5729987]
[paragraph, [125.0, 1280.0, 1040.0, 36.0], MU6XaNvR-y, 5729987]
[paragraph, [125.0, 1316.0, 1040.0, 36.0], MU6XaNvR-y, 5729987]
