[1650, 1275]
[headline, [490.0, 278.0, 294.0, 37.5], shoonya_1s6A2I1H40R0HC, 5730270]
[headline, [490.0, 315.5, 294.0, 37.5], shoonya_1s6A2I1H40R0HC, 5730270]
[sub-headline, [285.0, 368.0, 714.0, 36.0], Cq5xEqxnxH, 5730270]
[sub-headline, [285.0, 404.0, 714.0, 36.0], Cq5xEqxnxH, 5730270]
[section-title, [369.0, 540.0, 546.0, 49.5], 6rBWobgUcR, 5730270]
[folio, [290.0, 1060.0, 387.0, 36.0], mQ-ezJziqO, 5730270]
[folio, [283.0, 1144.0, 741.0, 36.0], PN8S-8Fd3c, 5730270]
[folio, [283.0, 1180.0, 741.0, 36.0], PN8S-8Fd3c, 5730270]
[folio, [283.0, 1216.0, 741.0, 36.0], PN8S-8Fd3c, 5730270]
