[688, 400]
[folio, [160.0, 25.0, 93.0, 18.0], 7YIVrDmtGt, 5748287]
[paragraph, [12.0, 68.0, 386.0, 18.0], 2S--in_CFr, 5748287]
[paragraph, [12.0, 86.0, 386.0, 18.0], 2S--in_CFr, 5748287]
[paragraph, [12.0, 104.0, 386.0, 18.0], 2S--in_CFr, 5748287]
[paragraph, [12.0, 122.0, 386.0, 18.0], 2S--in_CFr, 5748287]
[paragraph, [12.0, 140.0, 386.0, 18.0], 2S--in_CFr, 5748287]
[paragraph, [12.0, 158.0, 386.0, 18.0], 2S--in_CFr, 5748287]
[paragraph, [12.0, 176.0, 386.0, 18.0], 2S--in_CFr, 5748287]
[paragraph, [12.0, 194.0, 386.0, 18.0], 2S--in_CFr, 5748287]
[paragraph, [12.0, 212.0, 386.0, 18.0], 2S--in_CFr, 5748287]
[paragraph, [12.0, 230.0, 386.0, 18.0], 2S--in_CFr, 5748287]
[paragraph, [12.0, 248.0, 386.0, 18.0], 2S--in_CFr, 5748287]
[paragraph, [12.0, 266.0, 386.0, 18.0], 2S--in_CFr, 5748287]
[paragraph, [12.0, 284.0, 386.0, 18.0], 2S--in_CFr, 5748287]
[paragraph, [12.0, 302.0, 386.0, 18.0], 2S--in_CFr, 5748287]
[paragraph, [12.0, 320.0, 386.0, 18.0], 2S--in_CFr, 5748287]
[paragraph, [12.0, 338.0, 386.0, 18.0], 2S--in_CFr, 5748287]
[paragraph, [12.0, 356.0, 386.0, 18.0], 2S--in_CFr, 5748287]
[paragraph, [12.0, 374.0, 386.0, 18.0], 2S--in_CFr, 5748287]
[paragraph, [12.0, 392.0, 386.0, 18.0], 2S--in_CFr, 5748287]
[paragraph, [12.0, 410.0, 386.0, 18.0], 2S--in_CFr, 5748287]
[paragraph, [12.0, 428.0, 386.0, 18.0], 2S--in_CFr, 5748287]
[paragraph, [12.0, 446.0, 386.0, 18.0], 2S--in_CFr, 5748287]
[paragraph, [12.0, 464.0, 386.0, 18.0], 2S--in_CFr, 5748287]
[paragraph, [12.0, 482.0, 386.0, 18.0], 2S--in_CFr, 5748287]
[paragraph, [12.0, 500.0, 386.0, 18.0], 2S--in_CFr, 5748287]
[paragraph, [12.0, 518.0, 386.0, 18.0], 2S--in_CFr, 5748287]
[paragraph, [12.0, 536.0, 386.0, 18.0], 2S--in_CFr, 5748287]
[paragraph, [12.0, 554.0, 386.0, 18.0], 2S--in_CFr, 5748287]
[paragraph, [12.0, 572.0, 386.0, 18.0], 2S--in_CFr, 5748287]
[paragraph, [12.0, 590.0, 386.0, 18.0], 2S--in_CFr, 5748287]
[paragraph, [12.0, 608.0, 386.0, 18.0], 2S--in_CFr, 5748287]
[paragraph, [12.0, 626.0, 386.0, 18.0], 2S--in_CFr, 5748287]
[paragraph, [12.0, 644.0, 386.0, 18.0], 2S--in_CFr, 5748287]
