[671, 419]
[folio, [161.0, 15.0, 89.0, 18.0], 8-Fv_kHB05, 5748906]
[paragraph, [23.0, 53.0, 378.0, 18.0], I1qVB1E07Q, 5748906]
[paragraph, [23.0, 71.0, 378.0, 18.0], I1qVB1E07Q, 5748906]
[paragraph, [20.0, 103.0, 377.0, 18.0], YA36rKZxHL, 5748906]
[paragraph, [20.0, 121.0, 377.0, 18.0], YA36rKZxHL, 5748906]
[paragraph, [20.0, 139.0, 377.0, 18.0], YA36rKZxHL, 5748906]
[paragraph, [20.0, 157.0, 377.0, 18.0], YA36rKZxHL, 5748906]
[paragraph, [20.0, 175.0, 377.0, 18.0], YA36rKZxHL, 5748906]
[figure-caption, [167.0, 576.0, 77.0, 18.0], YzaU_5434W, 5748906]
[paragraph, [18.0, 606.0, 377.0, 18.0], j9z22fLo4s, 5748906]
[paragraph, [18.0, 624.0, 377.0, 18.0], j9z22fLo4s, 5748906]
[paragraph, [18.0, 642.0, 377.0, 18.0], j9z22fLo4s, 5748906]
