[690, 403]
[folio, [141.0, 25.0, 88.0, 18.0], 35nGTodJAI, 5748254]
[ordered-list, [14.0, 55.0, 375.0, 18.0], t6jvN-k9-J, 5748254]
[ordered-list, [14.0, 73.0, 375.0, 18.0], t6jvN-k9-J, 5748254]
[ordered-list, [14.0, 91.0, 375.0, 18.0], t6jvN-k9-J, 5748254]
[ordered-list, [14.0, 109.0, 375.0, 18.0], t6jvN-k9-J, 5748254]
[ordered-list, [14.0, 127.0, 375.0, 18.0], t6jvN-k9-J, 5748254]
[ordered-list, [14.0, 145.0, 375.0, 18.0], t6jvN-k9-J, 5748254]
[ordered-list, [14.0, 163.0, 375.0, 18.0], t6jvN-k9-J, 5748254]
[ordered-list, [14.0, 181.0, 375.0, 18.0], t6jvN-k9-J, 5748254]
[ordered-list, [14.0, 199.0, 375.0, 18.0], t6jvN-k9-J, 5748254]
[ordered-list, [14.0, 217.0, 375.0, 18.0], t6jvN-k9-J, 5748254]
[ordered-list, [14.0, 235.0, 375.0, 18.0], t6jvN-k9-J, 5748254]
[ordered-list, [14.0, 253.0, 375.0, 18.0], t6jvN-k9-J, 5748254]
[ordered-list, [14.0, 271.0, 375.0, 18.0], t6jvN-k9-J, 5748254]
[ordered-list, [14.0, 289.0, 375.0, 18.0], t6jvN-k9-J, 5748254]
[ordered-list, [14.0, 307.0, 375.0, 18.0], t6jvN-k9-J, 5748254]
[ordered-list, [14.0, 325.0, 375.0, 18.0], t6jvN-k9-J, 5748254]
[ordered-list, [14.0, 343.0, 375.0, 18.0], t6jvN-k9-J, 5748254]
[ordered-list, [14.0, 361.0, 375.0, 18.0], t6jvN-k9-J, 5748254]
[ordered-list, [14.0, 379.0, 375.0, 18.0], t6jvN-k9-J, 5748254]
[ordered-list, [14.0, 397.0, 375.0, 18.0], t6jvN-k9-J, 5748254]
[ordered-list, [14.0, 415.0, 375.0, 18.0], t6jvN-k9-J, 5748254]
[ordered-list, [14.0, 433.0, 375.0, 18.0], t6jvN-k9-J, 5748254]
[ordered-list, [14.0, 451.0, 375.0, 18.0], t6jvN-k9-J, 5748254]
[ordered-list, [14.0, 469.0, 375.0, 18.0], t6jvN-k9-J, 5748254]
[ordered-list, [14.0, 487.0, 375.0, 18.0], t6jvN-k9-J, 5748254]
[ordered-list, [14.0, 505.0, 375.0, 18.0], t6jvN-k9-J, 5748254]
[ordered-list, [14.0, 523.0, 375.0, 18.0], t6jvN-k9-J, 5748254]
[ordered-list, [14.0, 541.0, 375.0, 18.0], t6jvN-k9-J, 5748254]
[ordered-list, [14.0, 559.0, 375.0, 18.0], t6jvN-k9-J, 5748254]
[ordered-list, [14.0, 577.0, 375.0, 18.0], t6jvN-k9-J, 5748254]
[ordered-list, [14.0, 595.0, 375.0, 18.0], t6jvN-k9-J, 5748254]
[ordered-list, [14.0, 613.0, 375.0, 18.0], t6jvN-k9-J, 5748254]
[ordered-list, [14.0, 631.0, 375.0, 18.0], t6jvN-k9-J, 5748254]
[footnote, [87.0, 654.0, 256.0, 18.0], CR6BU54yuV, 5748254]
