[2200, 1700]
[folio, [1330.0, 93.0, 224.0, 36.0], flBGJxaXCu, 5758545]
[options, [213.0, 237.0, 615.0, 36.0], _Lf3FuKtce, 5758545]
[options, [213.0, 273.0, 615.0, 36.0], _Lf3FuKtce, 5758545]
[options, [213.0, 309.0, 615.0, 36.0], _Lf3FuKtce, 5758545]
[options, [213.0, 345.0, 615.0, 36.0], _Lf3FuKtce, 5758545]
[options, [230.0, 460.0, 448.0, 36.0], DFudkH-ql5, 5758545]
[options, [230.0, 496.0, 448.0, 36.0], DFudkH-ql5, 5758545]
[options, [230.0, 532.0, 448.0, 36.0], DFudkH-ql5, 5758545]
[options, [230.0, 568.0, 448.0, 36.0], DFudkH-ql5, 5758545]
[options, [215.0, 680.0, 441.0, 36.0], q1_fJK4Lgp, 5758545]
[options, [215.0, 716.0, 441.0, 36.0], q1_fJK4Lgp, 5758545]
[options, [215.0, 752.0, 441.0, 36.0], q1_fJK4Lgp, 5758545]
[options, [215.0, 788.0, 441.0, 36.0], q1_fJK4Lgp, 5758545]
[options, [223.0, 895.0, 812.0, 36.0], evUshCQPOu, 5758545]
[options, [223.0, 931.0, 812.0, 36.0], evUshCQPOu, 5758545]
[options, [223.0, 967.0, 812.0, 36.0], evUshCQPOu, 5758545]
[options, [223.0, 1003.0, 812.0, 36.0], evUshCQPOu, 5758545]
[options, [221.0, 1119.0, 663.0, 36.0], _Kzsf1VrGn, 5758545]
[options, [221.0, 1155.0, 663.0, 36.0], _Kzsf1VrGn, 5758545]
[options, [221.0, 1191.0, 663.0, 36.0], _Kzsf1VrGn, 5758545]
[options, [221.0, 1227.0, 663.0, 36.0], _Kzsf1VrGn, 5758545]
[options, [205.0, 1336.0, 528.0, 36.0], X-KgY3wfNP, 5758545]
[options, [205.0, 1372.0, 528.0, 36.0], X-KgY3wfNP, 5758545]
[options, [205.0, 1408.0, 528.0, 36.0], X-KgY3wfNP, 5758545]
[options, [205.0, 1444.0, 528.0, 36.0], X-KgY3wfNP, 5758545]
[options, [211.0, 1555.0, 613.0, 36.0], njaF9WdCqZ, 5758545]
[options, [211.0, 1591.0, 613.0, 36.0], njaF9WdCqZ, 5758545]
[options, [211.0, 1627.0, 613.0, 36.0], njaF9WdCqZ, 5758545]
[options, [211.0, 1663.0, 613.0, 36.0], njaF9WdCqZ, 5758545]
[options, [221.0, 1771.0, 456.0, 36.0], JsUNpOpTt-, 5758545]
[options, [221.0, 1807.0, 456.0, 36.0], JsUNpOpTt-, 5758545]
[options, [221.0, 1843.0, 456.0, 36.0], JsUNpOpTt-, 5758545]
[options, [221.0, 1879.0, 456.0, 36.0], JsUNpOpTt-, 5758545]
