[1684, 1191]
[folio, [398.0, 93.0, 382.0, 36.0], 2WIpwXcn8a, 6464973]
[paragraph, [250.0, 196.0, 534.0, 36.0], KdyW5u05FI, 6464973]
[paragraph, [250.0, 232.0, 534.0, 36.0], KdyW5u05FI, 6464973]
[paragraph, [250.0, 268.0, 534.0, 36.0], KdyW5u05FI, 6464973]
[paragraph, [250.0, 323.0, 510.0, 36.0], 7Fu0bHNC2u, 6464973]
[paragraph, [250.0, 359.0, 510.0, 36.0], 7Fu0bHNC2u, 6464973]
[paragraph, [250.0, 395.0, 510.0, 36.0], 7Fu0bHNC2u, 6464973]
[paragraph, [248.0, 451.0, 596.0, 36.0], JGQRK2BH6U, 6464973]
[paragraph, [248.0, 487.0, 596.0, 36.0], JGQRK2BH6U, 6464973]
[paragraph, [248.0, 523.0, 596.0, 36.0], JGQRK2BH6U, 6464973]
[paragraph, [251.0, 583.0, 535.0, 36.0], uVAaDIa3Tj, 6464973]
[paragraph, [251.0, 619.0, 535.0, 36.0], uVAaDIa3Tj, 6464973]
[paragraph, [250.0, 711.0, 546.0, 36.0], 7ND8JCIQAl, 6464973]
[paragraph, [250.0, 747.0, 546.0, 36.0], 7ND8JCIQAl, 6464973]
[paragraph, [250.0, 783.0, 546.0, 36.0], 7ND8JCIQAl, 6464973]
[paragraph, [248.0, 841.0, 559.0, 36.0], IoUrvXb8k0, 6464973]
[paragraph, [248.0, 877.0, 559.0, 36.0], IoUrvXb8k0, 6464973]
[paragraph, [248.0, 913.0, 559.0, 36.0], IoUrvXb8k0, 6464973]
[paragraph, [253.0, 969.0, 558.0, 36.0], S3R5seQylr, 6464973]
[paragraph, [253.0, 1005.0, 558.0, 36.0], S3R5seQylr, 6464973]
[paragraph, [253.0, 1041.0, 558.0, 36.0], S3R5seQylr, 6464973]
[paragraph, [253.0, 1104.0, 602.0, 36.0], abES8L0hUN, 6464973]
[paragraph, [253.0, 1140.0, 602.0, 36.0], abES8L0hUN, 6464973]
[paragraph, [253.0, 1176.0, 602.0, 36.0], abES8L0hUN, 6464973]
[paragraph, [253.0, 1232.0, 610.0, 36.0], gRRzoZyA96, 6464973]
[paragraph, [253.0, 1268.0, 610.0, 36.0], gRRzoZyA96, 6464973]
[paragraph, [253.0, 1304.0, 610.0, 36.0], gRRzoZyA96, 6464973]
[paragraph, [251.0, 1360.0, 635.0, 36.0], O2Bp7Ch-uj, 6464973]
[paragraph, [251.0, 1396.0, 635.0, 36.0], O2Bp7Ch-uj, 6464973]
[paragraph, [251.0, 1432.0, 635.0, 36.0], O2Bp7Ch-uj, 6464973]
