[700, 484]
[paragraph, [49.0, 104.0, 378.0, 18.0], XQIj7p1PTd, 6463856]
[paragraph, [49.0, 122.0, 378.0, 18.0], XQIj7p1PTd, 6463856]
[paragraph, [49.0, 140.0, 378.0, 18.0], XQIj7p1PTd, 6463856]
[paragraph, [49.0, 158.0, 378.0, 18.0], XQIj7p1PTd, 6463856]
[paragraph, [49.0, 176.0, 378.0, 18.0], XQIj7p1PTd, 6463856]
[paragraph, [49.0, 194.0, 378.0, 18.0], XQIj7p1PTd, 6463856]
[paragraph, [48.0, 233.0, 381.0, 18.0], 5-v6NL0L-6, 6463856]
[paragraph, [48.0, 251.0, 381.0, 18.0], 5-v6NL0L-6, 6463856]
[paragraph, [48.0, 269.0, 381.0, 18.0], 5-v6NL0L-6, 6463856]
[paragraph, [48.0, 287.0, 381.0, 18.0], 5-v6NL0L-6, 6463856]
[paragraph, [46.0, 343.0, 382.0, 18.0], dqxgeE2GUJ, 6463856]
[paragraph, [46.0, 361.0, 382.0, 18.0], dqxgeE2GUJ, 6463856]
[paragraph, [48.0, 411.0, 386.0, 18.0], L4Cea-I3NA, 6463856]
[paragraph, [48.0, 429.0, 386.0, 18.0], L4Cea-I3NA, 6463856]
[paragraph, [48.0, 447.0, 386.0, 18.0], L4Cea-I3NA, 6463856]
[paragraph, [48.0, 465.0, 386.0, 18.0], L4Cea-I3NA, 6463856]
[paragraph, [48.0, 483.0, 386.0, 18.0], L4Cea-I3NA, 6463856]
[paragraph, [48.0, 501.0, 386.0, 18.0], L4Cea-I3NA, 6463856]
[paragraph, [49.0, 543.0, 388.0, 18.0], 64s62q9Toq, 6463856]
[paragraph, [49.0, 561.0, 388.0, 18.0], 64s62q9Toq, 6463856]
[paragraph, [49.0, 579.0, 388.0, 18.0], 64s62q9Toq, 6463856]
[paragraph, [49.0, 597.0, 388.0, 18.0], 64s62q9Toq, 6463856]
[paragraph, [49.0, 615.0, 388.0, 18.0], 64s62q9Toq, 6463856]
[paragraph, [49.0, 633.0, 388.0, 18.0], 64s62q9Toq, 6463856]
