[700, 484]
[paragraph, [42.0, 91.0, 395.0, 18.0], v171td1i3M, 6463692]
[paragraph, [42.0, 109.0, 395.0, 18.0], v171td1i3M, 6463692]
[paragraph, [42.0, 127.0, 395.0, 18.0], v171td1i3M, 6463692]
[paragraph, [42.0, 145.0, 395.0, 18.0], v171td1i3M, 6463692]
[paragraph, [42.0, 163.0, 395.0, 18.0], v171td1i3M, 6463692]
[paragraph, [42.0, 181.0, 395.0, 18.0], v171td1i3M, 6463692]
[paragraph, [42.0, 199.0, 395.0, 18.0], v171td1i3M, 6463692]
[paragraph, [42.0, 217.0, 395.0, 18.0], v171td1i3M, 6463692]
[paragraph, [42.0, 235.0, 395.0, 18.0], v171td1i3M, 6463692]
[paragraph, [42.0, 253.0, 395.0, 18.0], v171td1i3M, 6463692]
[paragraph, [42.0, 271.0, 395.0, 18.0], v171td1i3M, 6463692]
[paragraph, [42.0, 289.0, 395.0, 18.0], v171td1i3M, 6463692]
[paragraph, [42.0, 307.0, 395.0, 18.0], v171td1i3M, 6463692]
[paragraph, [42.0, 325.0, 395.0, 18.0], v171td1i3M, 6463692]
[paragraph, [42.0, 343.0, 395.0, 18.0], v171td1i3M, 6463692]
[paragraph, [42.0, 361.0, 395.0, 18.0], v171td1i3M, 6463692]
[paragraph, [42.0, 379.0, 395.0, 18.0], v171td1i3M, 6463692]
[paragraph, [42.0, 397.0, 395.0, 18.0], v171td1i3M, 6463692]
[paragraph, [42.0, 415.0, 395.0, 18.0], v171td1i3M, 6463692]
[paragraph, [42.0, 433.0, 395.0, 18.0], v171td1i3M, 6463692]
[paragraph, [42.0, 451.0, 395.0, 18.0], v171td1i3M, 6463692]
[paragraph, [42.0, 469.0, 395.0, 18.0], v171td1i3M, 6463692]
[paragraph, [42.0, 487.0, 395.0, 18.0], v171td1i3M, 6463692]
[paragraph, [42.0, 505.0, 395.0, 18.0], v171td1i3M, 6463692]
[paragraph, [42.0, 523.0, 395.0, 18.0], v171td1i3M, 6463692]
[paragraph, [42.0, 541.0, 395.0, 18.0], v171td1i3M, 6463692]
[paragraph, [42.0, 559.0, 395.0, 18.0], v171td1i3M, 6463692]
[paragraph, [42.0, 577.0, 395.0, 18.0], v171td1i3M, 6463692]
[paragraph, [42.0, 595.0, 395.0, 18.0], v171td1i3M, 6463692]
[paragraph, [42.0, 613.0, 395.0, 18.0], v171td1i3M, 6463692]
[paragraph, [42.0, 631.0, 395.0, 18.0], v171td1i3M, 6463692]
