[842, 596]
[folio, [61.0, 26.0, 81.0, 18.0], ofJXISFpz_, 6463575]
[website-link, [400.0, 30.0, 138.0, 18.0], I0gQ4PnDyW, 6463575]
[paragraph, [135.0, 66.0, 383.0, 18.0], LTdw_7t-7a, 6463575]
[paragraph, [135.0, 84.0, 383.0, 18.0], LTdw_7t-7a, 6463575]
[paragraph, [135.0, 102.0, 383.0, 18.0], LTdw_7t-7a, 6463575]
[paragraph, [135.0, 120.0, 383.0, 18.0], LTdw_7t-7a, 6463575]
[paragraph, [135.0, 138.0, 383.0, 18.0], LTdw_7t-7a, 6463575]
[paragraph, [135.0, 156.0, 383.0, 18.0], LTdw_7t-7a, 6463575]
[paragraph, [135.0, 174.0, 383.0, 18.0], LTdw_7t-7a, 6463575]
[paragraph, [135.0, 192.0, 383.0, 18.0], LTdw_7t-7a, 6463575]
[paragraph, [135.0, 210.0, 383.0, 18.0], LTdw_7t-7a, 6463575]
[paragraph, [135.0, 228.0, 383.0, 18.0], LTdw_7t-7a, 6463575]
[paragraph, [135.0, 246.0, 383.0, 18.0], LTdw_7t-7a, 6463575]
[paragraph, [135.0, 264.0, 383.0, 18.0], LTdw_7t-7a, 6463575]
[paragraph, [135.0, 282.0, 383.0, 18.0], LTdw_7t-7a, 6463575]
[paragraph, [134.0, 301.0, 269.0, 18.0], mYeQ8pMXT8, 6463575]
[paragraph, [134.0, 319.0, 269.0, 18.0], mYeQ8pMXT8, 6463575]
[paragraph, [131.0, 338.0, 239.0, 18.0], 7C4q6RcvLk, 6463575]
[paragraph, [133.0, 372.0, 188.0, 18.0], YHfZNnXLBR, 6463575]
[paragraph, [134.0, 411.0, 172.0, 18.0], FJ3cOqvJOy, 6463575]
[paragraph, [131.0, 438.0, 310.0, 18.0], o4fC8obsmZ, 6463575]
[paragraph, [137.0, 471.0, 239.0, 18.0], Y49D6TEnh9, 6463575]
[paragraph, [137.0, 489.0, 239.0, 18.0], Y49D6TEnh9, 6463575]
[paragraph, [134.0, 504.0, 389.0, 18.0], w33D218pJE, 6463575]
[paragraph, [134.0, 522.0, 389.0, 18.0], w33D218pJE, 6463575]
[paragraph, [129.0, 544.0, 274.0, 18.0], zukLME4Hix, 6463575]
[paragraph, [124.0, 580.0, 249.0, 18.0], EVXZbg6XIl, 6463575]
[paragraph, [141.0, 608.0, 287.0, 18.0], 91WEmnA6BO, 6463575]
[paragraph, [141.0, 626.0, 287.0, 18.0], 91WEmnA6BO, 6463575]
[paragraph, [138.0, 649.0, 240.0, 18.0], 8CTFp9W4UC, 6463575]
[paragraph, [139.0, 678.0, 227.0, 18.0], AY1pk37hH_, 6463575]
[paragraph, [138.0, 712.0, 310.0, 18.0], 2njrlC7Y1T, 6463575]
[paragraph, [138.0, 730.0, 310.0, 18.0], 2njrlC7Y1T, 6463575]
