[842, 596]
[website-link, [400.0, 28.0, 134.0, 18.0], qZg2-GDqT9, 6464279]
[folio, [58.0, 30.0, 84.0, 18.0], ipiZD9lz8_, 6464279]
[paragraph, [137.0, 70.0, 268.0, 18.0], Lx3Rm2gayy, 6464279]
[paragraph, [137.0, 88.0, 268.0, 18.0], Lx3Rm2gayy, 6464279]
[paragraph, [137.0, 106.0, 268.0, 18.0], Lx3Rm2gayy, 6464279]
[paragraph, [138.0, 135.0, 270.0, 18.0], r5WIHl2e5l, 6464279]
[paragraph, [138.0, 153.0, 270.0, 18.0], r5WIHl2e5l, 6464279]
[paragraph, [138.0, 171.0, 270.0, 18.0], r5WIHl2e5l, 6464279]
[paragraph, [138.0, 205.0, 262.0, 18.0], pMT-Z5K51B, 6464279]
[paragraph, [138.0, 223.0, 262.0, 18.0], pMT-Z5K51B, 6464279]
[paragraph, [138.0, 241.0, 262.0, 18.0], pMT-Z5K51B, 6464279]
[paragraph, [137.0, 274.0, 241.0, 18.0], dxdLp4ADbi, 6464279]
[paragraph, [137.0, 292.0, 241.0, 18.0], dxdLp4ADbi, 6464279]
[paragraph, [137.0, 310.0, 241.0, 18.0], dxdLp4ADbi, 6464279]
[paragraph, [135.0, 342.0, 322.0, 18.0], rq5NTdNuNR, 6464279]
[paragraph, [135.0, 360.0, 322.0, 18.0], rq5NTdNuNR, 6464279]
[paragraph, [135.0, 378.0, 322.0, 18.0], rq5NTdNuNR, 6464279]
[paragraph, [136.0, 408.0, 277.0, 18.0], Vc5Em5jTE6, 6464279]
[paragraph, [136.0, 426.0, 277.0, 18.0], Vc5Em5jTE6, 6464279]
[paragraph, [136.0, 444.0, 277.0, 18.0], Vc5Em5jTE6, 6464279]
[paragraph, [135.0, 477.0, 314.0, 18.0], cFxB68SNG4, 6464279]
[paragraph, [135.0, 495.0, 314.0, 18.0], cFxB68SNG4, 6464279]
[paragraph, [135.0, 513.0, 314.0, 18.0], cFxB68SNG4, 6464279]
[paragraph, [138.0, 544.0, 242.0, 18.0], tYR6yDpGV_, 6464279]
[paragraph, [138.0, 562.0, 242.0, 18.0], tYR6yDpGV_, 6464279]
[paragraph, [138.0, 580.0, 242.0, 18.0], tYR6yDpGV_, 6464279]
[paragraph, [135.0, 615.0, 254.0, 18.0], 3qD_D93-UD, 6464279]
[paragraph, [135.0, 633.0, 254.0, 18.0], 3qD_D93-UD, 6464279]
[paragraph, [135.0, 651.0, 254.0, 18.0], 3qD_D93-UD, 6464279]
[paragraph, [136.0, 683.0, 249.0, 18.0], arK0B6zDZb, 6464279]
[footnote, [65.0, 748.0, 93.0, 18.0], shoonya_0sXXLZI616H7B9, 6464279]
