[1684, 1191]
[folio, [409.0, 90.0, 375.0, 36.0], G1PYvB7SV-, 6464524]
[folio, [409.0, 126.0, 375.0, 36.0], G1PYvB7SV-, 6464524]
[paragraph, [264.0, 190.0, 567.0, 36.0], nE_6_SsJZR, 6464524]
[paragraph, [264.0, 226.0, 567.0, 36.0], nE_6_SsJZR, 6464524]
[paragraph, [264.0, 262.0, 567.0, 36.0], nE_6_SsJZR, 6464524]
[paragraph, [263.0, 333.0, 562.0, 36.0], IrzNH_RcJj, 6464524]
[paragraph, [263.0, 369.0, 562.0, 36.0], IrzNH_RcJj, 6464524]
[paragraph, [263.0, 405.0, 562.0, 36.0], IrzNH_RcJj, 6464524]
[paragraph, [257.0, 471.0, 579.0, 36.0], 2h_uB0ef1h, 6464524]
[paragraph, [257.0, 507.0, 579.0, 36.0], 2h_uB0ef1h, 6464524]
[paragraph, [257.0, 543.0, 579.0, 36.0], 2h_uB0ef1h, 6464524]
[paragraph, [254.0, 606.0, 623.0, 36.0], bOaO2t9YRP, 6464524]
[paragraph, [254.0, 642.0, 623.0, 36.0], bOaO2t9YRP, 6464524]
[paragraph, [254.0, 678.0, 623.0, 36.0], bOaO2t9YRP, 6464524]
[paragraph, [254.0, 740.0, 552.0, 36.0], 339EyxSP9N, 6464524]
[paragraph, [254.0, 776.0, 552.0, 36.0], 339EyxSP9N, 6464524]
[paragraph, [254.0, 812.0, 552.0, 36.0], 339EyxSP9N, 6464524]
[paragraph, [256.0, 868.0, 592.0, 36.0], 2Y5Bmj-YDL, 6464524]
[paragraph, [256.0, 904.0, 592.0, 36.0], 2Y5Bmj-YDL, 6464524]
[paragraph, [256.0, 940.0, 592.0, 36.0], 2Y5Bmj-YDL, 6464524]
[paragraph, [260.0, 993.0, 559.0, 36.0], e0acrUJnhq, 6464524]
[section-title, [85.0, 1058.0, 176.0, 49.5], FDPK0j76qY, 6464524]
[paragraph, [263.0, 1100.0, 675.0, 36.0], aKiMZxyQIm, 6464524]
[paragraph, [263.0, 1136.0, 675.0, 36.0], aKiMZxyQIm, 6464524]
[paragraph, [264.0, 1186.0, 525.0, 36.0], h-wU-C9Hpr, 6464524]
[paragraph, [224.0, 1273.0, 748.0, 36.0], dufMZu7Vdb, 6464524]
[paragraph, [224.0, 1309.0, 748.0, 36.0], dufMZu7Vdb, 6464524]
[paragraph, [224.0, 1345.0, 748.0, 36.0], dufMZu7Vdb, 6464524]
[paragraph, [224.0, 1381.0, 748.0, 36.0], dufMZu7Vdb, 6464524]
