[842, 596]
[website-link, [400.0, 28.0, 137.0, 18.0], BMEAM47l1Y, 6464898]
[folio, [61.0, 33.0, 79.0, 18.0], D950JpZ-7W, 6464898]
[paragraph, [134.0, 70.0, 307.0, 18.0], v8KEIo3G52, 6464898]
[paragraph, [134.0, 88.0, 307.0, 18.0], v8KEIo3G52, 6464898]
[paragraph, [134.0, 106.0, 307.0, 18.0], v8KEIo3G52, 6464898]
[paragraph, [125.0, 136.0, 313.0, 18.0], EVRweurXQc, 6464898]
[paragraph, [125.0, 154.0, 313.0, 18.0], EVRweurXQc, 6464898]
[paragraph, [125.0, 172.0, 313.0, 18.0], EVRweurXQc, 6464898]
[paragraph, [221.0, 236.0, 224.0, 18.0], xXkSm3yoTc, 6464898]
