[700, 484]
[paragraph, [39.0, 93.0, 402.0, 18.0], La7DzmB3V5, 6464358]
[paragraph, [39.0, 111.0, 402.0, 18.0], La7DzmB3V5, 6464358]
[paragraph, [39.0, 129.0, 402.0, 18.0], La7DzmB3V5, 6464358]
[paragraph, [39.0, 147.0, 402.0, 18.0], La7DzmB3V5, 6464358]
[paragraph, [39.0, 165.0, 402.0, 18.0], La7DzmB3V5, 6464358]
[paragraph, [39.0, 183.0, 402.0, 18.0], La7DzmB3V5, 6464358]
[paragraph, [39.0, 201.0, 402.0, 18.0], La7DzmB3V5, 6464358]
[paragraph, [39.0, 219.0, 402.0, 18.0], La7DzmB3V5, 6464358]
[paragraph, [39.0, 237.0, 402.0, 18.0], La7DzmB3V5, 6464358]
[paragraph, [39.0, 255.0, 402.0, 18.0], La7DzmB3V5, 6464358]
[paragraph, [39.0, 273.0, 402.0, 18.0], La7DzmB3V5, 6464358]
[paragraph, [39.0, 291.0, 402.0, 18.0], La7DzmB3V5, 6464358]
[paragraph, [39.0, 309.0, 402.0, 18.0], La7DzmB3V5, 6464358]
[paragraph, [39.0, 327.0, 402.0, 18.0], La7DzmB3V5, 6464358]
[paragraph, [39.0, 345.0, 402.0, 18.0], La7DzmB3V5, 6464358]
[paragraph, [39.0, 363.0, 402.0, 18.0], La7DzmB3V5, 6464358]
[paragraph, [39.0, 381.0, 402.0, 18.0], La7DzmB3V5, 6464358]
[paragraph, [39.0, 399.0, 402.0, 18.0], La7DzmB3V5, 6464358]
[paragraph, [39.0, 417.0, 402.0, 18.0], La7DzmB3V5, 6464358]
[paragraph, [39.0, 435.0, 402.0, 18.0], La7DzmB3V5, 6464358]
[paragraph, [39.0, 453.0, 402.0, 18.0], La7DzmB3V5, 6464358]
[paragraph, [39.0, 471.0, 402.0, 18.0], La7DzmB3V5, 6464358]
[paragraph, [39.0, 489.0, 402.0, 18.0], La7DzmB3V5, 6464358]
[paragraph, [39.0, 507.0, 402.0, 18.0], La7DzmB3V5, 6464358]
[paragraph, [39.0, 525.0, 402.0, 18.0], La7DzmB3V5, 6464358]
[paragraph, [39.0, 543.0, 402.0, 18.0], La7DzmB3V5, 6464358]
[paragraph, [39.0, 561.0, 402.0, 18.0], La7DzmB3V5, 6464358]
[paragraph, [39.0, 579.0, 402.0, 18.0], La7DzmB3V5, 6464358]
[paragraph, [39.0, 597.0, 402.0, 18.0], La7DzmB3V5, 6464358]
[paragraph, [39.0, 615.0, 402.0, 18.0], La7DzmB3V5, 6464358]
[paragraph, [39.0, 633.0, 402.0, 18.0], La7DzmB3V5, 6464358]
