[842, 596]
[website-link, [397.0, 28.0, 141.0, 18.0], 7ZbPPhPsf2, 6464689]
[folio, [59.0, 31.0, 83.0, 18.0], RJlvdRYe-K, 6464689]
[paragraph, [124.0, 65.0, 304.0, 18.0], 8wu-Fm15VZ, 6464689]
[paragraph, [124.0, 83.0, 304.0, 18.0], 8wu-Fm15VZ, 6464689]
[paragraph, [124.0, 101.0, 304.0, 18.0], 8wu-Fm15VZ, 6464689]
[paragraph, [124.0, 119.0, 304.0, 18.0], 8wu-Fm15VZ, 6464689]
[paragraph, [124.0, 137.0, 304.0, 18.0], 8wu-Fm15VZ, 6464689]
[paragraph, [124.0, 155.0, 304.0, 18.0], 8wu-Fm15VZ, 6464689]
[paragraph, [124.0, 173.0, 304.0, 18.0], 8wu-Fm15VZ, 6464689]
[paragraph, [124.0, 191.0, 304.0, 18.0], 8wu-Fm15VZ, 6464689]
[paragraph, [124.0, 209.0, 304.0, 18.0], 8wu-Fm15VZ, 6464689]
[paragraph, [124.0, 227.0, 304.0, 18.0], 8wu-Fm15VZ, 6464689]
[paragraph, [124.0, 245.0, 304.0, 18.0], 8wu-Fm15VZ, 6464689]
[paragraph, [124.0, 263.0, 304.0, 18.0], 8wu-Fm15VZ, 6464689]
[paragraph, [124.0, 281.0, 304.0, 18.0], 8wu-Fm15VZ, 6464689]
[paragraph, [124.0, 299.0, 304.0, 18.0], 8wu-Fm15VZ, 6464689]
[paragraph, [124.0, 317.0, 304.0, 18.0], 8wu-Fm15VZ, 6464689]
[paragraph, [124.0, 335.0, 304.0, 18.0], 8wu-Fm15VZ, 6464689]
[paragraph, [124.0, 353.0, 304.0, 18.0], 8wu-Fm15VZ, 6464689]
[paragraph, [124.0, 371.0, 304.0, 18.0], 8wu-Fm15VZ, 6464689]
[paragraph, [124.0, 389.0, 304.0, 18.0], 8wu-Fm15VZ, 6464689]
[paragraph, [124.0, 407.0, 304.0, 18.0], 8wu-Fm15VZ, 6464689]
[paragraph, [124.0, 425.0, 304.0, 18.0], 8wu-Fm15VZ, 6464689]
[paragraph, [124.0, 443.0, 304.0, 18.0], 8wu-Fm15VZ, 6464689]
[paragraph, [124.0, 461.0, 304.0, 18.0], 8wu-Fm15VZ, 6464689]
[paragraph, [124.0, 479.0, 304.0, 18.0], 8wu-Fm15VZ, 6464689]
[paragraph, [124.0, 497.0, 304.0, 18.0], 8wu-Fm15VZ, 6464689]
[paragraph, [124.0, 515.0, 304.0, 18.0], 8wu-Fm15VZ, 6464689]
[paragraph, [124.0, 533.0, 304.0, 18.0], 8wu-Fm15VZ, 6464689]
[paragraph, [124.0, 551.0, 304.0, 18.0], 8wu-Fm15VZ, 6464689]
[paragraph, [218.0, 614.0, 226.0, 18.0], jO_Osu36wg, 6464689]
