[1684, 1191]
[folio, [414.0, 83.0, 376.0, 36.0], 4JtyBDLlYw, 6463614]
[folio, [414.0, 119.0, 376.0, 36.0], 4JtyBDLlYw, 6463614]
[paragraph, [301.0, 177.0, 514.0, 36.0], Q5KJx1CAL3, 6463614]
[paragraph, [301.0, 213.0, 514.0, 36.0], Q5KJx1CAL3, 6463614]
[paragraph, [301.0, 249.0, 514.0, 36.0], Q5KJx1CAL3, 6463614]
[paragraph, [301.0, 285.0, 514.0, 36.0], Q5KJx1CAL3, 6463614]
[paragraph, [301.0, 321.0, 514.0, 36.0], Q5KJx1CAL3, 6463614]
[paragraph, [301.0, 357.0, 514.0, 36.0], Q5KJx1CAL3, 6463614]
[paragraph, [307.0, 415.0, 546.0, 36.0], qJ_4PxshOe, 6463614]
[paragraph, [307.0, 451.0, 546.0, 36.0], qJ_4PxshOe, 6463614]
[paragraph, [307.0, 487.0, 546.0, 36.0], qJ_4PxshOe, 6463614]
[paragraph, [83.0, 535.0, 1019.0, 36.0], 9Qyw0nWNzu, 6463614]
[paragraph, [83.0, 571.0, 1019.0, 36.0], 9Qyw0nWNzu, 6463614]
[paragraph, [83.0, 607.0, 1019.0, 36.0], 9Qyw0nWNzu, 6463614]
[paragraph, [410.0, 664.0, 340.0, 36.0], -AzEJKnxNZ, 6463614]
[paragraph, [419.0, 749.0, 353.0, 36.0], pX68bKkGNv, 6463614]
