[842, 596]
[website-link, [403.0, 30.0, 131.0, 18.0], _zFlt9bj6P, 6463958]
[paragraph, [132.0, 66.0, 351.0, 18.0], I0irquYh86, 6463958]
[paragraph, [132.0, 84.0, 351.0, 18.0], I0irquYh86, 6463958]
[paragraph, [132.0, 102.0, 351.0, 18.0], I0irquYh86, 6463958]
[paragraph, [132.0, 120.0, 351.0, 18.0], I0irquYh86, 6463958]
[paragraph, [132.0, 138.0, 351.0, 18.0], I0irquYh86, 6463958]
[paragraph, [132.0, 156.0, 351.0, 18.0], I0irquYh86, 6463958]
[paragraph, [132.0, 174.0, 351.0, 18.0], I0irquYh86, 6463958]
[paragraph, [132.0, 192.0, 351.0, 18.0], I0irquYh86, 6463958]
[paragraph, [132.0, 210.0, 351.0, 18.0], I0irquYh86, 6463958]
[paragraph, [132.0, 228.0, 351.0, 18.0], I0irquYh86, 6463958]
[paragraph, [132.0, 246.0, 351.0, 18.0], I0irquYh86, 6463958]
[paragraph, [224.0, 304.0, 223.0, 18.0], J8obv3aSfr, 6463958]
[paragraph, [224.0, 322.0, 223.0, 18.0], J8obv3aSfr, 6463958]
