[1684, 1191]
[folio, [413.0, 96.0, 360.0, 36.0], hNldyETaI_, 6463569]
[section-title, [445.0, 193.0, 295.0, 49.5], iXWCzGfbPd, 6463569]
[paragraph, [83.0, 268.0, 1018.0, 36.0], TDa3_MnogO, 6463569]
[paragraph, [83.0, 304.0, 1018.0, 36.0], TDa3_MnogO, 6463569]
[paragraph, [83.0, 340.0, 1018.0, 36.0], TDa3_MnogO, 6463569]
[paragraph, [83.0, 376.0, 1018.0, 36.0], TDa3_MnogO, 6463569]
[section-title, [441.0, 441.0, 311.0, 49.5], sxBJeW0d19, 6463569]
[paragraph, [78.0, 524.0, 1018.0, 36.0], 31y-13Va27, 6463569]
[paragraph, [78.0, 560.0, 1018.0, 36.0], 31y-13Va27, 6463569]
[paragraph, [78.0, 596.0, 1018.0, 36.0], 31y-13Va27, 6463569]
[paragraph, [78.0, 632.0, 1018.0, 36.0], 31y-13Va27, 6463569]
[section-title, [431.0, 706.0, 346.0, 49.5], eA05OD4LSa, 6463569]
[paragraph, [81.0, 784.0, 1012.0, 36.0], LgtFko-hYT, 6463569]
[paragraph, [81.0, 820.0, 1012.0, 36.0], LgtFko-hYT, 6463569]
[paragraph, [81.0, 856.0, 1012.0, 36.0], LgtFko-hYT, 6463569]
[paragraph, [81.0, 892.0, 1012.0, 36.0], LgtFko-hYT, 6463569]
[paragraph, [83.0, 957.0, 1012.0, 36.0], P1kANFEH1l, 6463569]
[paragraph, [83.0, 993.0, 1012.0, 36.0], P1kANFEH1l, 6463569]
[paragraph, [83.0, 1029.0, 1012.0, 36.0], P1kANFEH1l, 6463569]
[paragraph, [83.0, 1065.0, 1012.0, 36.0], P1kANFEH1l, 6463569]
[paragraph, [83.0, 1101.0, 1012.0, 36.0], P1kANFEH1l, 6463569]
[paragraph, [83.0, 1137.0, 1012.0, 36.0], P1kANFEH1l, 6463569]
[paragraph, [83.0, 1173.0, 1012.0, 36.0], P1kANFEH1l, 6463569]
[paragraph, [83.0, 1209.0, 1012.0, 36.0], P1kANFEH1l, 6463569]
[paragraph, [83.0, 1245.0, 1012.0, 36.0], P1kANFEH1l, 6463569]
[paragraph, [83.0, 1281.0, 1012.0, 36.0], P1kANFEH1l, 6463569]
[paragraph, [83.0, 1317.0, 1012.0, 36.0], P1kANFEH1l, 6463569]
[paragraph, [83.0, 1353.0, 1012.0, 36.0], P1kANFEH1l, 6463569]
[paragraph, [83.0, 1389.0, 1012.0, 36.0], P1kANFEH1l, 6463569]
[paragraph, [83.0, 1425.0, 1012.0, 36.0], P1kANFEH1l, 6463569]
