[1240, 875]
[paragraph, [57.0, 45.0, 758.0, 18.0], V64VnvTd9q, 5773494]
[paragraph, [57.0, 63.0, 758.0, 18.0], V64VnvTd9q, 5773494]
[paragraph, [57.0, 81.0, 758.0, 18.0], V64VnvTd9q, 5773494]
[paragraph, [57.0, 99.0, 758.0, 18.0], V64VnvTd9q, 5773494]
[paragraph, [57.0, 117.0, 758.0, 18.0], V64VnvTd9q, 5773494]
[paragraph, [57.0, 135.0, 758.0, 18.0], V64VnvTd9q, 5773494]
[paragraph, [57.0, 153.0, 758.0, 18.0], V64VnvTd9q, 5773494]
[paragraph, [57.0, 171.0, 758.0, 18.0], V64VnvTd9q, 5773494]
[paragraph, [57.0, 189.0, 758.0, 18.0], V64VnvTd9q, 5773494]
[paragraph, [57.0, 207.0, 758.0, 18.0], V64VnvTd9q, 5773494]
[paragraph, [57.0, 225.0, 758.0, 18.0], V64VnvTd9q, 5773494]
[paragraph, [57.0, 243.0, 758.0, 18.0], V64VnvTd9q, 5773494]
[paragraph, [57.0, 261.0, 758.0, 18.0], V64VnvTd9q, 5773494]
[paragraph, [57.0, 279.0, 758.0, 18.0], V64VnvTd9q, 5773494]
[paragraph, [57.0, 297.0, 758.0, 18.0], V64VnvTd9q, 5773494]
[paragraph, [57.0, 315.0, 758.0, 18.0], V64VnvTd9q, 5773494]
[paragraph, [57.0, 333.0, 758.0, 18.0], V64VnvTd9q, 5773494]
[paragraph, [57.0, 351.0, 758.0, 18.0], V64VnvTd9q, 5773494]
[paragraph, [57.0, 369.0, 758.0, 18.0], V64VnvTd9q, 5773494]
[paragraph, [57.0, 387.0, 758.0, 18.0], V64VnvTd9q, 5773494]
[paragraph, [57.0, 405.0, 758.0, 18.0], V64VnvTd9q, 5773494]
[paragraph, [57.0, 423.0, 758.0, 18.0], V64VnvTd9q, 5773494]
[paragraph, [57.0, 441.0, 758.0, 18.0], V64VnvTd9q, 5773494]
[paragraph, [57.0, 459.0, 758.0, 18.0], V64VnvTd9q, 5773494]
[paragraph, [57.0, 477.0, 758.0, 18.0], V64VnvTd9q, 5773494]
[paragraph, [57.0, 495.0, 758.0, 18.0], V64VnvTd9q, 5773494]
[paragraph, [57.0, 513.0, 758.0, 18.0], V64VnvTd9q, 5773494]
[paragraph, [57.0, 531.0, 758.0, 18.0], V64VnvTd9q, 5773494]
[paragraph, [57.0, 549.0, 758.0, 18.0], V64VnvTd9q, 5773494]
[paragraph, [57.0, 567.0, 758.0, 18.0], V64VnvTd9q, 5773494]
[paragraph, [57.0, 585.0, 758.0, 18.0], V64VnvTd9q, 5773494]
[paragraph, [57.0, 603.0, 758.0, 18.0], V64VnvTd9q, 5773494]
[paragraph, [57.0, 621.0, 758.0, 18.0], V64VnvTd9q, 5773494]
[paragraph, [57.0, 639.0, 758.0, 18.0], V64VnvTd9q, 5773494]
[paragraph, [57.0, 657.0, 758.0, 18.0], V64VnvTd9q, 5773494]
[paragraph, [57.0, 675.0, 758.0, 18.0], V64VnvTd9q, 5773494]
[paragraph, [57.0, 693.0, 758.0, 18.0], V64VnvTd9q, 5773494]
[paragraph, [57.0, 711.0, 758.0, 18.0], V64VnvTd9q, 5773494]
[paragraph, [57.0, 729.0, 758.0, 18.0], V64VnvTd9q, 5773494]
[paragraph, [57.0, 747.0, 758.0, 18.0], V64VnvTd9q, 5773494]
[paragraph, [57.0, 765.0, 758.0, 18.0], V64VnvTd9q, 5773494]
[paragraph, [57.0, 783.0, 758.0, 18.0], V64VnvTd9q, 5773494]
[paragraph, [57.0, 801.0, 758.0, 18.0], V64VnvTd9q, 5773494]
[paragraph, [57.0, 819.0, 758.0, 18.0], V64VnvTd9q, 5773494]
[paragraph, [57.0, 837.0, 758.0, 18.0], V64VnvTd9q, 5773494]
[paragraph, [57.0, 855.0, 758.0, 18.0], V64VnvTd9q, 5773494]
[paragraph, [57.0, 873.0, 758.0, 18.0], V64VnvTd9q, 5773494]
[paragraph, [57.0, 891.0, 758.0, 18.0], V64VnvTd9q, 5773494]
[paragraph, [57.0, 909.0, 758.0, 18.0], V64VnvTd9q, 5773494]
[paragraph, [57.0, 927.0, 758.0, 18.0], V64VnvTd9q, 5773494]
[paragraph, [57.0, 945.0, 758.0, 18.0], V64VnvTd9q, 5773494]
[paragraph, [57.0, 963.0, 758.0, 18.0], V64VnvTd9q, 5773494]
[paragraph, [67.0, 1021.0, 629.0, 18.0], NffVTZb1Ci, 5773494]
[paragraph, [67.0, 1039.0, 629.0, 18.0], NffVTZb1Ci, 5773494]
[paragraph, [67.0, 1057.0, 629.0, 18.0], NffVTZb1Ci, 5773494]
