[1289, 833]
[folio, [91.0, 112.0, 97.0, 18.0], pJRDSw0_cV, 5774466]
[folio, [91.0, 130.0, 97.0, 18.0], pJRDSw0_cV, 5774466]
[answer, [68.0, 296.0, 678.0, 18.0], shoonya_0s0GJ06PBC7PNQ, 5774466]
[answer, [68.0, 314.0, 678.0, 18.0], shoonya_0s0GJ06PBC7PNQ, 5774466]
[answer, [68.0, 332.0, 678.0, 18.0], shoonya_0s0GJ06PBC7PNQ, 5774466]
[answer, [68.0, 350.0, 678.0, 18.0], shoonya_0s0GJ06PBC7PNQ, 5774466]
[answer, [68.0, 368.0, 678.0, 18.0], shoonya_0s0GJ06PBC7PNQ, 5774466]
[answer, [68.0, 386.0, 678.0, 18.0], shoonya_0s0GJ06PBC7PNQ, 5774466]
[answer, [68.0, 404.0, 678.0, 18.0], shoonya_0s0GJ06PBC7PNQ, 5774466]
[answer, [68.0, 422.0, 678.0, 18.0], shoonya_0s0GJ06PBC7PNQ, 5774466]
[answer, [68.0, 440.0, 678.0, 18.0], shoonya_0s0GJ06PBC7PNQ, 5774466]
[answer, [68.0, 458.0, 678.0, 18.0], shoonya_0s0GJ06PBC7PNQ, 5774466]
[answer, [68.0, 476.0, 678.0, 18.0], shoonya_0s0GJ06PBC7PNQ, 5774466]
[answer, [76.0, 495.0, 674.0, 18.0], DCono-1xZn, 5774466]
[answer, [76.0, 513.0, 674.0, 18.0], DCono-1xZn, 5774466]
[answer, [76.0, 531.0, 674.0, 18.0], DCono-1xZn, 5774466]
[answer, [76.0, 549.0, 674.0, 18.0], DCono-1xZn, 5774466]
[answer, [76.0, 567.0, 674.0, 18.0], DCono-1xZn, 5774466]
[answer, [76.0, 598.0, 678.0, 18.0], NfgpJFSmfM, 5774466]
[answer, [76.0, 616.0, 678.0, 18.0], NfgpJFSmfM, 5774466]
[answer, [76.0, 634.0, 678.0, 18.0], NfgpJFSmfM, 5774466]
[answer, [76.0, 652.0, 678.0, 18.0], NfgpJFSmfM, 5774466]
[answer, [76.0, 670.0, 678.0, 18.0], NfgpJFSmfM, 5774466]
[answer, [76.0, 688.0, 678.0, 18.0], NfgpJFSmfM, 5774466]
[answer, [76.0, 706.0, 678.0, 18.0], NfgpJFSmfM, 5774466]
[answer, [76.0, 724.0, 678.0, 18.0], NfgpJFSmfM, 5774466]
[answer, [76.0, 742.0, 678.0, 18.0], NfgpJFSmfM, 5774466]
[answer, [76.0, 760.0, 678.0, 18.0], NfgpJFSmfM, 5774466]
[answer, [76.0, 778.0, 678.0, 18.0], NfgpJFSmfM, 5774466]
[answer, [76.0, 796.0, 678.0, 18.0], NfgpJFSmfM, 5774466]
[answer, [76.0, 814.0, 678.0, 18.0], NfgpJFSmfM, 5774466]
[answer, [76.0, 832.0, 678.0, 18.0], NfgpJFSmfM, 5774466]
[answer, [76.0, 850.0, 678.0, 18.0], NfgpJFSmfM, 5774466]
[answer, [76.0, 867.0, 678.0, 18.0], qmLA7bW203, 5774466]
[answer, [76.0, 885.0, 678.0, 18.0], qmLA7bW203, 5774466]
[answer, [76.0, 903.0, 678.0, 18.0], qmLA7bW203, 5774466]
[answer, [76.0, 921.0, 678.0, 18.0], qmLA7bW203, 5774466]
[answer, [76.0, 939.0, 678.0, 18.0], qmLA7bW203, 5774466]
[answer, [76.0, 957.0, 678.0, 18.0], qmLA7bW203, 5774466]
[answer, [76.0, 975.0, 678.0, 18.0], qmLA7bW203, 5774466]
[answer, [76.0, 993.0, 678.0, 18.0], qmLA7bW203, 5774466]
[answer, [76.0, 1011.0, 678.0, 18.0], qmLA7bW203, 5774466]
[answer, [76.0, 1029.0, 678.0, 18.0], qmLA7bW203, 5774466]
[answer, [76.0, 1047.0, 678.0, 18.0], qmLA7bW203, 5774466]
[answer, [76.0, 1065.0, 678.0, 18.0], qmLA7bW203, 5774466]
[answer, [76.0, 1083.0, 678.0, 18.0], qmLA7bW203, 5774466]
[answer, [76.0, 1101.0, 678.0, 18.0], qmLA7bW203, 5774466]
