[818, 504]
[folio, [56.0, 31.0, 205.0, 18.0], cf82T6gTrf, 5773949]
[paragraph, [77.0, 177.0, 358.0, 18.0], YFe4az2w9D, 5773949]
[paragraph, [77.0, 195.0, 358.0, 18.0], YFe4az2w9D, 5773949]
[paragraph, [77.0, 213.0, 358.0, 18.0], YFe4az2w9D, 5773949]
[paragraph, [77.0, 231.0, 358.0, 18.0], YFe4az2w9D, 5773949]
[paragraph, [77.0, 249.0, 358.0, 18.0], YFe4az2w9D, 5773949]
[paragraph, [77.0, 267.0, 358.0, 18.0], YFe4az2w9D, 5773949]
[paragraph, [77.0, 285.0, 358.0, 18.0], YFe4az2w9D, 5773949]
[paragraph, [77.0, 303.0, 358.0, 18.0], YFe4az2w9D, 5773949]
[paragraph, [77.0, 321.0, 358.0, 18.0], YFe4az2w9D, 5773949]
[paragraph, [77.0, 339.0, 358.0, 18.0], YFe4az2w9D, 5773949]
[folio, [183.0, 400.0, 128.0, 18.0], ZtslSvJ3A9, 5773949]
