[2806, 1984]
[folio, [178.0, 596.0, 609.0, 46.5], iMDR1C805l, 5697448]
[folio, [178.0, 642.5, 609.0, 46.5], iMDR1C805l, 5697448]
[folio, [178.0, 689.0, 609.0, 46.5], iMDR1C805l, 5697448]
[headline, [178.0, 767.0, 1281.0, 52.5], vYtq21jMua, 5697448]
[headline, [178.0, 819.5, 1281.0, 52.5], vYtq21jMua, 5697448]
[headline, [178.0, 872.0, 1281.0, 52.5], vYtq21jMua, 5697448]
[headline, [178.0, 924.5, 1281.0, 52.5], vYtq21jMua, 5697448]
[headline, [178.0, 977.0, 1281.0, 52.5], vYtq21jMua, 5697448]
[headline, [178.0, 1029.5, 1281.0, 52.5], vYtq21jMua, 5697448]
[headline, [178.0, 1082.0, 1281.0, 52.5], vYtq21jMua, 5697448]
[headline, [178.0, 1134.5, 1281.0, 52.5], vYtq21jMua, 5697448]
[headline, [178.0, 1187.0, 1281.0, 52.5], vYtq21jMua, 5697448]
[folio, [178.0, 1354.0, 754.0, 46.5], QDRzYYkfaF, 5697448]
[folio, [178.0, 1400.5, 754.0, 46.5], QDRzYYkfaF, 5697448]
[folio, [178.0, 1447.0, 754.0, 46.5], QDRzYYkfaF, 5697448]
[folio, [178.0, 1493.5, 754.0, 46.5], QDRzYYkfaF, 5697448]
[folio, [178.0, 1540.0, 754.0, 46.5], QDRzYYkfaF, 5697448]
[folio, [178.0, 1586.5, 754.0, 46.5], QDRzYYkfaF, 5697448]
[folio, [1020.0, 1356.0, 235.0, 46.5], oTqW4QTaIx, 5697448]
[folio, [1020.0, 1402.5, 235.0, 46.5], oTqW4QTaIx, 5697448]
[folio, [1020.0, 1449.0, 235.0, 46.5], oTqW4QTaIx, 5697448]
[folio, [1020.0, 1495.5, 235.0, 46.5], oTqW4QTaIx, 5697448]
[folio, [1020.0, 1542.0, 235.0, 46.5], oTqW4QTaIx, 5697448]
[folio, [1020.0, 1588.5, 235.0, 46.5], oTqW4QTaIx, 5697448]
[folio, [564.0, 2587.0, 1141.0, 46.5], PvbwoIMXs6, 5697448]
[folio, [564.0, 2633.5, 1141.0, 46.5], PvbwoIMXs6, 5697448]
