[3508, 2481]
[contact-info, [631.0, 108.0, 1395.0, 52.5], 49868GqTBK, 6491261]
[contact-info, [631.0, 160.5, 1395.0, 52.5], 49868GqTBK, 6491261]
[contact-info, [631.0, 213.0, 1395.0, 52.5], 49868GqTBK, 6491261]
[headline, [1085.0, 547.0, 310.0, 52.5], ZPZaWih_LI, 6491261]
[headline, [1085.0, 599.5, 310.0, 52.5], ZPZaWih_LI, 6491261]
[paragraph, [600.0, 752.0, 1249.0, 52.5], nq1XiT4iEW, 6491261]
[paragraph, [600.0, 804.5, 1249.0, 52.5], nq1XiT4iEW, 6491261]
[dateline, [1069.0, 1020.0, 345.0, 52.5], leGE-l6EFf, 6491261]
[paragraph, [211.0, 1271.0, 466.0, 52.5], bbQzxC1ysC, 6491261]
[paragraph, [202.0, 1405.0, 2079.0, 52.5], s5EhmYyYF2, 6491261]
[paragraph, [202.0, 1457.5, 2079.0, 52.5], s5EhmYyYF2, 6491261]
[paragraph, [202.0, 1510.0, 2079.0, 52.5], s5EhmYyYF2, 6491261]
[paragraph, [202.0, 1562.5, 2079.0, 52.5], s5EhmYyYF2, 6491261]
[paragraph, [202.0, 1615.0, 2079.0, 52.5], s5EhmYyYF2, 6491261]
[paragraph, [202.0, 1667.5, 2079.0, 52.5], s5EhmYyYF2, 6491261]
[paragraph, [192.0, 1993.0, 2089.0, 52.5], cjepsz56Fs, 6491261]
[paragraph, [192.0, 2045.5, 2089.0, 52.5], cjepsz56Fs, 6491261]
[paragraph, [192.0, 2098.0, 2089.0, 52.5], cjepsz56Fs, 6491261]
[paragraph, [192.0, 2150.5, 2089.0, 52.5], cjepsz56Fs, 6491261]
[contact-info, [1747.0, 2543.0, 531.0, 52.5], muCPzA4zE1, 6491261]
[contact-info, [1747.0, 2595.5, 531.0, 52.5], muCPzA4zE1, 6491261]
[contact-info, [976.0, 3271.0, 522.0, 52.5], 89HSItC9Cm, 6491261]
[contact-info, [976.0, 3323.5, 522.0, 52.5], 89HSItC9Cm, 6491261]
