[3508, 2481]
[contact-info, [332.0, 90.0, 1818.0, 52.5], 8R6Io9EJy0, 6490619]
[contact-info, [332.0, 142.5, 1818.0, 52.5], 8R6Io9EJy0, 6490619]
[contact-info, [332.0, 195.0, 1818.0, 52.5], 8R6Io9EJy0, 6490619]
[contact-info, [332.0, 247.5, 1818.0, 52.5], 8R6Io9EJy0, 6490619]
[contact-info, [332.0, 300.0, 1818.0, 52.5], 8R6Io9EJy0, 6490619]
[contact-info, [332.0, 352.5, 1818.0, 52.5], 8R6Io9EJy0, 6490619]
[contact-info, [332.0, 405.0, 1818.0, 52.5], 8R6Io9EJy0, 6490619]
[headline, [1066.0, 566.0, 404.0, 52.5], 06_v5BTplL, 6490619]
[headline, [1066.0, 618.5, 404.0, 52.5], 06_v5BTplL, 6490619]
[sub-headline, [618.0, 796.0, 1243.0, 73.5], v4qZL6qLgO, 6490619]
[dateline, [1924.0, 1048.0, 354.0, 52.5], ZK6JcQf1gB, 6490619]
[dateline, [1924.0, 1100.5, 354.0, 52.5], ZK6JcQf1gB, 6490619]
[paragraph, [202.0, 1303.0, 466.0, 52.5], oK2H90Isyl, 6490619]
[paragraph, [189.0, 1430.0, 2092.0, 52.5], 2ps7WOs_hR, 6490619]
[paragraph, [189.0, 1482.5, 2092.0, 52.5], 2ps7WOs_hR, 6490619]
[paragraph, [189.0, 1535.0, 2092.0, 52.5], 2ps7WOs_hR, 6490619]
[paragraph, [189.0, 1587.5, 2092.0, 52.5], 2ps7WOs_hR, 6490619]
[paragraph, [189.0, 1640.0, 2092.0, 52.5], 2ps7WOs_hR, 6490619]
[paragraph, [189.0, 1692.5, 2092.0, 52.5], 2ps7WOs_hR, 6490619]
[section-title, [202.0, 1897.0, 503.0, 93.0], 5A2irsiqr9, 6490619]
[sidebar, [192.0, 2037.0, 1741.0, 52.5], 8s9_X9Sz8p, 6490619]
[sidebar, [192.0, 2089.5, 1741.0, 52.5], 8s9_X9Sz8p, 6490619]
[sidebar, [192.0, 2142.0, 1741.0, 52.5], 8s9_X9Sz8p, 6490619]
[contact-info, [208.0, 2571.0, 475.0, 52.5], iVUToATZtz, 6490619]
[contact-info, [189.0, 3296.0, 512.0, 52.5], uaqv4WGWt-, 6490619]
