[3508, 2481]
[contact-info, [693.0, 413.0, 1100.0, 52.5], CRYuQ_KvOi, 6491212]
[contact-info, [693.0, 465.5, 1100.0, 52.5], CRYuQ_KvOi, 6491212]
[headline, [711.0, 593.0, 1044.0, 52.5], mDnEvYHe3P, 6491212]
[headline, [711.0, 645.5, 1044.0, 52.5], mDnEvYHe3P, 6491212]
[sub-headline, [618.0, 808.0, 1231.0, 73.5], -zdUfjlWLQ, 6491212]
[dateline, [211.0, 1057.0, 587.0, 52.5], sMMCUu8OCR, 6491212]
[paragraph, [211.0, 1337.0, 472.0, 52.5], -qlP26ywf0, 6491212]
[paragraph, [230.0, 1439.0, 2079.0, 52.5], WuaTbQG827, 6491212]
[paragraph, [230.0, 1491.5, 2079.0, 52.5], WuaTbQG827, 6491212]
[paragraph, [230.0, 1544.0, 2079.0, 52.5], WuaTbQG827, 6491212]
[paragraph, [230.0, 1596.5, 2079.0, 52.5], WuaTbQG827, 6491212]
[paragraph, [230.0, 1649.0, 2079.0, 52.5], WuaTbQG827, 6491212]
[paragraph, [230.0, 1701.5, 2079.0, 52.5], WuaTbQG827, 6491212]
[paragraph, [202.0, 2046.0, 2095.0, 52.5], DaQObi-If0, 6491212]
[paragraph, [202.0, 2098.5, 2095.0, 52.5], DaQObi-If0, 6491212]
[paragraph, [202.0, 2151.0, 2095.0, 52.5], DaQObi-If0, 6491212]
[paragraph, [202.0, 2203.5, 2095.0, 52.5], DaQObi-If0, 6491212]
[contact-info, [1778.0, 2562.0, 500.0, 52.5], MCkX-gC0kW, 6491212]
[contact-info, [1778.0, 2614.5, 500.0, 52.5], MCkX-gC0kW, 6491212]
[contact-info, [1765.0, 3262.0, 506.0, 52.5], _ffYl_IXdi, 6491212]
[contact-info, [1765.0, 3314.5, 506.0, 52.5], _ffYl_IXdi, 6491212]
