[3508, 2481]
[paragraph, [192.0, 101.0, 2079.0, 52.5], 6RA2o2rT0T, 6490607]
[paragraph, [192.0, 153.5, 2079.0, 52.5], 6RA2o2rT0T, 6490607]
[paragraph, [192.0, 206.0, 2079.0, 52.5], 6RA2o2rT0T, 6490607]
[paragraph, [192.0, 258.5, 2079.0, 52.5], 6RA2o2rT0T, 6490607]
[paragraph, [198.0, 388.0, 2061.0, 52.5], ejcCVZUt1s, 6490607]
[paragraph, [198.0, 440.5, 2061.0, 52.5], ejcCVZUt1s, 6490607]
[paragraph, [198.0, 493.0, 2061.0, 52.5], ejcCVZUt1s, 6490607]
[paragraph, [198.0, 545.5, 2061.0, 52.5], ejcCVZUt1s, 6490607]
[paragraph, [198.0, 598.0, 2061.0, 52.5], ejcCVZUt1s, 6490607]
[paragraph, [198.0, 650.5, 2061.0, 52.5], ejcCVZUt1s, 6490607]
[paragraph, [198.0, 703.0, 2061.0, 52.5], ejcCVZUt1s, 6490607]
[paragraph, [198.0, 755.5, 2061.0, 52.5], ejcCVZUt1s, 6490607]
[paragraph, [198.0, 808.0, 2061.0, 52.5], ejcCVZUt1s, 6490607]
[paragraph, [202.0, 936.0, 2065.0, 52.5], MDg3p-6H_O, 6490607]
[paragraph, [202.0, 988.5, 2065.0, 52.5], MDg3p-6H_O, 6490607]
[paragraph, [202.0, 1041.0, 2065.0, 52.5], MDg3p-6H_O, 6490607]
[paragraph, [202.0, 1093.5, 2065.0, 52.5], MDg3p-6H_O, 6490607]
[paragraph, [202.0, 1146.0, 2065.0, 52.5], MDg3p-6H_O, 6490607]
[paragraph, [202.0, 1198.5, 2065.0, 52.5], MDg3p-6H_O, 6490607]
[paragraph, [202.0, 1251.0, 2065.0, 52.5], MDg3p-6H_O, 6490607]
[paragraph, [202.0, 1303.5, 2065.0, 52.5], MDg3p-6H_O, 6490607]
[paragraph, [202.0, 1356.0, 2065.0, 52.5], MDg3p-6H_O, 6490607]
[paragraph, [202.0, 1408.5, 2065.0, 52.5], MDg3p-6H_O, 6490607]
[paragraph, [202.0, 1461.0, 2065.0, 52.5], MDg3p-6H_O, 6490607]
[paragraph, [202.0, 1513.5, 2065.0, 52.5], MDg3p-6H_O, 6490607]
[paragraph, [202.0, 1566.0, 2065.0, 52.5], MDg3p-6H_O, 6490607]
[paragraph, [202.0, 1618.5, 2065.0, 52.5], MDg3p-6H_O, 6490607]
[paragraph, [202.0, 1671.0, 2065.0, 52.5], MDg3p-6H_O, 6490607]
[paragraph, [202.0, 1723.5, 2065.0, 52.5], MDg3p-6H_O, 6490607]
[paragraph, [202.0, 1776.0, 2065.0, 52.5], MDg3p-6H_O, 6490607]
[contact-info, [164.0, 1953.0, 540.0, 52.5], yDRLSp2Ot7, 6490607]
[contact-info, [164.0, 2005.5, 540.0, 52.5], yDRLSp2Ot7, 6490607]
[contact-info, [1747.0, 3287.0, 534.0, 52.5], 3-MrkxwnTD, 6490607]
