[3508, 2481]
[contact-info, [711.0, 90.0, 1103.0, 52.5], BjrUrbEgYV, 6490587]
[contact-info, [711.0, 142.5, 1103.0, 52.5], BjrUrbEgYV, 6490587]
[headline, [724.0, 279.0, 1035.0, 52.5], 7QwDYyBo45, 6490587]
[headline, [724.0, 331.5, 1035.0, 52.5], 7QwDYyBo45, 6490587]
[paragraph, [217.0, 497.0, 1231.0, 52.5], 87IcXXT3BI, 6490587]
[dateline, [211.0, 752.0, 463.0, 52.5], P8SIdS1WVb, 6490587]
[paragraph, [208.0, 1013.0, 494.0, 52.5], lW6IBe8a8l, 6490587]
[paragraph, [210.0, 1132.0, 2071.0, 52.5], j_xR-w79Zg, 6490587]
[paragraph, [210.0, 1184.5, 2071.0, 52.5], j_xR-w79Zg, 6490587]
[paragraph, [210.0, 1237.0, 2071.0, 52.5], j_xR-w79Zg, 6490587]
[paragraph, [210.0, 1289.5, 2071.0, 52.5], j_xR-w79Zg, 6490587]
[paragraph, [210.0, 1342.0, 2071.0, 52.5], j_xR-w79Zg, 6490587]
[paragraph, [210.0, 1394.5, 2071.0, 52.5], j_xR-w79Zg, 6490587]
[ordered-list, [220.0, 1859.0, 826.0, 52.5], 7BAiOSxHbg, 6490587]
[ordered-list, [220.0, 1911.5, 826.0, 52.5], 7BAiOSxHbg, 6490587]
[ordered-list, [220.0, 1964.0, 826.0, 52.5], 7BAiOSxHbg, 6490587]
[ordered-list, [1228.0, 1859.0, 1007.0, 52.5], ziES9T3EL6, 6490587]
[ordered-list, [1228.0, 1911.5, 1007.0, 52.5], ziES9T3EL6, 6490587]
[ordered-list, [1228.0, 1964.0, 1007.0, 52.5], ziES9T3EL6, 6490587]
[contact-info, [211.0, 2189.0, 485.0, 52.5], eNex-Px2QO, 6490587]
[contact-info, [211.0, 2241.5, 485.0, 52.5], eNex-Px2QO, 6490587]
[footnote, [220.0, 2344.0, 341.0, 52.5], 0cBbJIdPdN, 6490587]
[footnote, [220.0, 2396.5, 341.0, 52.5], 0cBbJIdPdN, 6490587]
[footnote, [220.0, 2449.0, 341.0, 52.5], 0cBbJIdPdN, 6490587]
