[2806, 1984]
[folio, [160.0, 586.0, 619.0, 46.5], 5NEzztm9Sk, 5697388]
[folio, [160.0, 632.5, 619.0, 46.5], 5NEzztm9Sk, 5697388]
[folio, [160.0, 679.0, 619.0, 46.5], 5NEzztm9Sk, 5697388]
[headline, [170.0, 777.0, 1276.0, 52.5], eLy0qvqHUV, 5697388]
[headline, [170.0, 829.5, 1276.0, 52.5], eLy0qvqHUV, 5697388]
[headline, [170.0, 882.0, 1276.0, 52.5], eLy0qvqHUV, 5697388]
[headline, [170.0, 934.5, 1276.0, 52.5], eLy0qvqHUV, 5697388]
[headline, [170.0, 987.0, 1276.0, 52.5], eLy0qvqHUV, 5697388]
[headline, [170.0, 1039.5, 1276.0, 52.5], eLy0qvqHUV, 5697388]
[headline, [170.0, 1092.0, 1276.0, 52.5], eLy0qvqHUV, 5697388]
[headline, [170.0, 1144.5, 1276.0, 52.5], eLy0qvqHUV, 5697388]
[headline, [170.0, 1197.0, 1276.0, 52.5], eLy0qvqHUV, 5697388]
[sub-headline, [165.0, 1344.0, 1131.0, 76.5], s5kfEivMse, 5697388]
[sub-headline, [165.0, 1420.5, 1131.0, 76.5], s5kfEivMse, 5697388]
[sub-headline, [165.0, 1497.0, 1131.0, 76.5], s5kfEivMse, 5697388]
[sub-headline, [165.0, 1573.5, 1131.0, 76.5], s5kfEivMse, 5697388]
[folio, [551.0, 2587.0, 1146.0, 46.5], GsKZNHQIgr, 5697388]
