[3508, 2481]
[contact-info, [628.0, 105.0, 1389.0, 52.5], tDO5NaQ1b5, 6490612]
[contact-info, [628.0, 157.5, 1389.0, 52.5], tDO5NaQ1b5, 6490612]
[contact-info, [628.0, 210.0, 1389.0, 52.5], tDO5NaQ1b5, 6490612]
[headline, [696.0, 497.0, 1060.0, 52.5], _npq4rcqe3, 6490612]
[headline, [696.0, 549.5, 1060.0, 52.5], _npq4rcqe3, 6490612]
[headline, [696.0, 602.0, 1060.0, 52.5], _npq4rcqe3, 6490612]
[dateline, [1824.0, 901.0, 438.0, 52.5], 2vwOKvHyOb, 6490612]
[paragraph, [202.0, 1181.0, 485.0, 52.5], eoefth1EKB, 6490612]
[paragraph, [174.0, 1293.0, 2126.0, 52.5], SE3hA_JJLs, 6490612]
[paragraph, [174.0, 1345.5, 2126.0, 52.5], SE3hA_JJLs, 6490612]
[paragraph, [174.0, 1398.0, 2126.0, 52.5], SE3hA_JJLs, 6490612]
[paragraph, [174.0, 1450.5, 2126.0, 52.5], SE3hA_JJLs, 6490612]
[paragraph, [174.0, 1503.0, 2126.0, 52.5], SE3hA_JJLs, 6490612]
[paragraph, [174.0, 1555.5, 2126.0, 52.5], SE3hA_JJLs, 6490612]
[ordered-list, [248.0, 1691.0, 2030.0, 52.5], 8ra5cSp6Jp, 6490612]
[ordered-list, [248.0, 1743.5, 2030.0, 52.5], 8ra5cSp6Jp, 6490612]
[ordered-list, [248.0, 1796.0, 2030.0, 52.5], 8ra5cSp6Jp, 6490612]
[ordered-list, [248.0, 1848.5, 2030.0, 52.5], 8ra5cSp6Jp, 6490612]
[ordered-list, [248.0, 1901.0, 2030.0, 52.5], 8ra5cSp6Jp, 6490612]
[ordered-list, [248.0, 1953.5, 2030.0, 52.5], 8ra5cSp6Jp, 6490612]
[ordered-list, [248.0, 2006.0, 2030.0, 52.5], 8ra5cSp6Jp, 6490612]
[ordered-list, [248.0, 2058.5, 2030.0, 52.5], 8ra5cSp6Jp, 6490612]
[ordered-list, [248.0, 2111.0, 2030.0, 52.5], 8ra5cSp6Jp, 6490612]
[ordered-list, [248.0, 2163.5, 2030.0, 52.5], 8ra5cSp6Jp, 6490612]
[ordered-list, [248.0, 2216.0, 2030.0, 52.5], 8ra5cSp6Jp, 6490612]
[ordered-list, [248.0, 2268.5, 2030.0, 52.5], 8ra5cSp6Jp, 6490612]
[contact-info, [1778.0, 2721.0, 494.0, 52.5], x6qo2p9COr, 6490612]
[contact-info, [1778.0, 2773.5, 494.0, 52.5], x6qo2p9COr, 6490612]
[contact-info, [1778.0, 2826.0, 494.0, 52.5], x6qo2p9COr, 6490612]
[contact-info, [1731.0, 3287.0, 547.0, 52.5], HWb1j3syIG, 6490612]
