[3508, 2481]
[contact-info, [696.0, 115.0, 1088.0, 52.5], FO2w08shy5, 6491217]
[contact-info, [696.0, 167.5, 1088.0, 52.5], FO2w08shy5, 6491217]
[contact-info, [202.0, 267.0, 858.0, 52.5], YIeAyXjCYV, 6491217]
[contact-info, [202.0, 319.5, 858.0, 52.5], YIeAyXjCYV, 6491217]
[contact-info, [202.0, 372.0, 858.0, 52.5], YIeAyXjCYV, 6491217]
[headline, [721.0, 500.0, 1053.0, 52.5], dUvs_0x5ug, 6491217]
[headline, [721.0, 552.5, 1053.0, 52.5], dUvs_0x5ug, 6491217]
[sub-headline, [609.0, 721.0, 1234.0, 73.5], 7h2xDOKdPQ, 6491217]
[dateline, [1936.0, 976.0, 341.0, 52.5], nv_ABhInnA, 6491217]
[paragraph, [208.0, 1234.0, 478.0, 52.5], eB1acdqtsL, 6491217]
[paragraph, [211.0, 1359.0, 2086.0, 52.5], 1j8kINj6UD, 6491217]
[paragraph, [211.0, 1411.5, 2086.0, 52.5], 1j8kINj6UD, 6491217]
[paragraph, [211.0, 1464.0, 2086.0, 52.5], 1j8kINj6UD, 6491217]
[paragraph, [211.0, 1516.5, 2086.0, 52.5], 1j8kINj6UD, 6491217]
[paragraph, [211.0, 1569.0, 2086.0, 52.5], 1j8kINj6UD, 6491217]
[paragraph, [211.0, 1621.5, 2086.0, 52.5], 1j8kINj6UD, 6491217]
[ordered-list, [267.0, 1766.0, 2030.0, 52.5], lN-J2UOE_q, 6491217]
[ordered-list, [267.0, 1818.5, 2030.0, 52.5], lN-J2UOE_q, 6491217]
[ordered-list, [267.0, 1871.0, 2030.0, 52.5], lN-J2UOE_q, 6491217]
[ordered-list, [267.0, 1923.5, 2030.0, 52.5], lN-J2UOE_q, 6491217]
[ordered-list, [267.0, 1976.0, 2030.0, 52.5], lN-J2UOE_q, 6491217]
[ordered-list, [267.0, 2028.5, 2030.0, 52.5], lN-J2UOE_q, 6491217]
[ordered-list, [267.0, 2081.0, 2030.0, 52.5], lN-J2UOE_q, 6491217]
[ordered-list, [267.0, 2133.5, 2030.0, 52.5], lN-J2UOE_q, 6491217]
[ordered-list, [267.0, 2186.0, 2030.0, 52.5], lN-J2UOE_q, 6491217]
[ordered-list, [267.0, 2238.5, 2030.0, 52.5], lN-J2UOE_q, 6491217]
[ordered-list, [267.0, 2291.0, 2030.0, 52.5], lN-J2UOE_q, 6491217]
[ordered-list, [267.0, 2343.5, 2030.0, 52.5], lN-J2UOE_q, 6491217]
[contact-info, [1765.0, 2805.0, 506.0, 52.5], S_cGxjpR1y, 6491217]
[contact-info, [1765.0, 2857.5, 506.0, 52.5], S_cGxjpR1y, 6491217]
[contact-info, [985.0, 3271.0, 503.0, 52.5], 5yyRQ_35vf, 6491217]
[contact-info, [985.0, 3323.5, 503.0, 52.5], 5yyRQ_35vf, 6491217]
