[3508, 2481]
[contact-info, [635.0, 145.0, 1395.0, 52.5], 4PmyPdTDou, 6534715]
[contact-info, [635.0, 197.5, 1395.0, 52.5], 4PmyPdTDou, 6534715]
[paragraph, [851.0, 286.0, 775.0, 52.5], qL632x6D1X, 6534715]
[contact-info, [933.0, 360.0, 600.0, 52.5], fEsU5YIduc, 6534715]
[section-title, [867.0, 538.0, 731.0, 93.0], gE_bWq0kl8, 6534715]
[sub-section-title, [224.0, 788.0, 956.0, 73.5], WOcbN16lQi, 6534715]
[dateline, [204.0, 1045.0, 434.0, 52.5], nJfuovChV_, 6534715]
[paragraph, [220.0, 1315.0, 328.0, 52.5], Is8pw0i8XC, 6534715]
[paragraph, [220.0, 1417.0, 2046.0, 52.5], twd67L2OsG, 6534715]
[paragraph, [220.0, 1469.5, 2046.0, 52.5], twd67L2OsG, 6534715]
[paragraph, [220.0, 1522.0, 2046.0, 52.5], twd67L2OsG, 6534715]
[paragraph, [220.0, 1574.5, 2046.0, 52.5], twd67L2OsG, 6534715]
[paragraph, [220.0, 1627.0, 2046.0, 52.5], twd67L2OsG, 6534715]
[paragraph, [220.0, 1679.5, 2046.0, 52.5], twd67L2OsG, 6534715]
[sub-section-title, [204.0, 1892.0, 592.0, 73.5], 2Z3S9Y9zka, 6534715]
[paragraph, [230.0, 2053.0, 1010.0, 52.5], ye0s138eRm, 6534715]
[paragraph, [230.0, 2124.0, 1263.0, 52.5], vgY60PYBdz, 6534715]
[paragraph, [226.0, 2183.0, 1193.0, 52.5], 2cYG2qNCjc, 6534715]
[paragraph, [1925.0, 2596.0, 328.0, 52.5], jJNK_-k2yU, 6534715]
[contact-info, [914.0, 3266.0, 666.0, 52.5], QkT73WJW0r, 6534715]
[contact-info, [914.0, 3318.5, 666.0, 52.5], QkT73WJW0r, 6534715]
