[842, 596]
[folio, [122.0, 15.0, 412.0, 18.0], sJJXE61D1_, 5706844]
[paragraph, [49.0, 250.0, 380.0, 18.0], sh6pzhT_IK, 5706844]
[paragraph, [49.0, 344.0, 464.0, 18.0], A_qH938HJc, 5706844]
[paragraph, [49.0, 362.0, 464.0, 18.0], A_qH938HJc, 5706844]
[paragraph, [49.0, 380.0, 464.0, 18.0], A_qH938HJc, 5706844]
[paragraph, [49.0, 398.0, 464.0, 18.0], A_qH938HJc, 5706844]
[paragraph, [49.0, 416.0, 464.0, 18.0], A_qH938HJc, 5706844]
[paragraph, [49.0, 434.0, 464.0, 18.0], A_qH938HJc, 5706844]
[paragraph, [49.0, 452.0, 464.0, 18.0], A_qH938HJc, 5706844]
[paragraph, [49.0, 470.0, 464.0, 18.0], A_qH938HJc, 5706844]
[paragraph, [77.0, 503.0, 68.0, 18.0], oOwddrV1cK, 5706844]
