[842, 595]
[options, [59.0, 80.0, 354.0, 18.0], shoonya_3s42MV4D0WJ77W, 5706748]
[options, [59.0, 98.0, 354.0, 18.0], shoonya_3s42MV4D0WJ77W, 5706748]
[options, [61.0, 157.0, 293.0, 18.0], J53XXyHazm, 5706748]
[options, [61.0, 175.0, 293.0, 18.0], J53XXyHazm, 5706748]
[options, [61.0, 193.0, 293.0, 18.0], J53XXyHazm, 5706748]
[options, [61.0, 211.0, 293.0, 18.0], J53XXyHazm, 5706748]
[options, [61.0, 229.0, 293.0, 18.0], J53XXyHazm, 5706748]
[options, [58.0, 321.0, 340.0, 18.0], XT8gxUsDaC, 5706748]
[options, [58.0, 339.0, 340.0, 18.0], XT8gxUsDaC, 5706748]
[options, [58.0, 357.0, 340.0, 18.0], XT8gxUsDaC, 5706748]
[options, [58.0, 375.0, 340.0, 18.0], XT8gxUsDaC, 5706748]
