[842, 596]
[folio, [124.0, 50.0, 416.0, 18.0], rSUeDzAoqR, 5707437]
[options, [95.0, 148.0, 270.0, 18.0], dl5fX0WpHZ, 5707437]
[options, [98.0, 217.0, 265.0, 18.0], Qd1S8CY9iE, 5707437]
[options, [98.0, 235.0, 265.0, 18.0], Qd1S8CY9iE, 5707437]
[options, [98.0, 278.0, 390.0, 18.0], JnlYpk8av5, 5707437]
[options, [98.0, 296.0, 390.0, 18.0], JnlYpk8av5, 5707437]
[options, [96.0, 331.0, 270.0, 18.0], 58qvMLfTjn, 5707437]
[options, [96.0, 349.0, 270.0, 18.0], 58qvMLfTjn, 5707437]
[options, [96.0, 388.0, 277.0, 18.0], wyBJpZaXif, 5707437]
[options, [96.0, 406.0, 277.0, 18.0], wyBJpZaXif, 5707437]
[options, [96.0, 443.0, 249.0, 18.0], KzHOTSxu_9, 5707437]
[options, [96.0, 461.0, 249.0, 18.0], KzHOTSxu_9, 5707437]
[options, [96.0, 479.0, 249.0, 18.0], KzHOTSxu_9, 5707437]
[options, [96.0, 497.0, 249.0, 18.0], KzHOTSxu_9, 5707437]
[paragraph, [47.0, 545.0, 381.0, 18.0], MxqFajyFmI, 5707437]
[paragraph, [203.0, 565.0, 193.0, 18.0], 5ljB3ih5Y8, 5707437]
[paragraph, [203.0, 583.0, 193.0, 18.0], 5ljB3ih5Y8, 5707437]
[paragraph, [203.0, 601.0, 193.0, 18.0], 5ljB3ih5Y8, 5707437]
[paragraph, [203.0, 619.0, 193.0, 18.0], 5ljB3ih5Y8, 5707437]
[paragraph, [203.0, 637.0, 193.0, 18.0], 5ljB3ih5Y8, 5707437]
[paragraph, [203.0, 655.0, 193.0, 18.0], 5ljB3ih5Y8, 5707437]
[paragraph, [203.0, 673.0, 193.0, 18.0], 5ljB3ih5Y8, 5707437]
[paragraph, [203.0, 691.0, 193.0, 18.0], 5ljB3ih5Y8, 5707437]
[paragraph, [203.0, 709.0, 193.0, 18.0], 5ljB3ih5Y8, 5707437]
[paragraph, [203.0, 727.0, 193.0, 18.0], 5ljB3ih5Y8, 5707437]
