[842, 596]
[folio, [125.0, 39.0, 420.0, 18.0], MQdukHwC6s, 5707444]
[options, [98.0, 119.0, 389.0, 18.0], 0LG7iXenzx, 5707444]
[options, [98.0, 155.0, 381.0, 18.0], 1L0DJ96jSB, 5707444]
[options, [96.0, 194.0, 372.0, 18.0], nrbkHDGqZw, 5707444]
[options, [95.0, 226.0, 364.0, 18.0], ayQnR4tJt8, 5707444]
[options, [98.0, 262.0, 421.0, 18.0], HXKouPA3_A, 5707444]
[options, [100.0, 300.0, 367.0, 18.0], bHOCPxsPq1, 5707444]
[options, [96.0, 338.0, 389.0, 18.0], QHvL_NgsQQ, 5707444]
[paragraph, [50.0, 378.0, 276.0, 18.0], WgCfJxYBQ5, 5707444]
[paragraph, [42.0, 611.0, 450.0, 18.0], jiBytlwC8n, 5707444]
