[842, 595]
[options, [63.0, 103.0, 75.0, 18.0], nYrz2aWtI-, 5706985]
[options, [63.0, 121.0, 75.0, 18.0], nYrz2aWtI-, 5706985]
[sidebar, [516.0, 145.0, 23.0, 18.0], z8hbi6rV2T, 5706985]
[options, [62.0, 169.0, 65.0, 18.0], RhSIWuKyeK, 5706985]
[options, [62.0, 187.0, 65.0, 18.0], RhSIWuKyeK, 5706985]
[sidebar, [514.0, 217.0, 27.0, 18.0], BsXdtuQgSY, 5706985]
[options, [61.0, 240.0, 75.0, 18.0], DBl-OlG1R9, 5706985]
[options, [61.0, 258.0, 75.0, 18.0], DBl-OlG1R9, 5706985]
[sidebar, [513.0, 287.0, 27.0, 18.0], 4Ry06w6iOa, 5706985]
[options, [61.0, 311.0, 72.0, 18.0], 5JB4ohox0L, 5706985]
[options, [61.0, 329.0, 72.0, 18.0], 5JB4ohox0L, 5706985]
[options, [60.0, 380.0, 142.0, 18.0], fQAcFwQJ5F, 5706985]
[options, [60.0, 398.0, 142.0, 18.0], fQAcFwQJ5F, 5706985]
[options, [59.0, 444.0, 118.0, 18.0], N-e16_vOzb, 5706985]
[options, [59.0, 462.0, 118.0, 18.0], N-e16_vOzb, 5706985]
[options, [60.0, 567.0, 112.0, 18.0], OS1aN13Vo-, 5706985]
[options, [60.0, 585.0, 112.0, 18.0], OS1aN13Vo-, 5706985]
