[842, 596]
[folio, [123.0, 30.0, 419.0, 18.0], 2l3YQLohhh, 5707411]
[paragraph, [76.0, 81.0, 441.0, 18.0], WK6PA7gD-K, 5707411]
[paragraph, [76.0, 99.0, 441.0, 18.0], WK6PA7gD-K, 5707411]
[paragraph, [76.0, 117.0, 441.0, 18.0], WK6PA7gD-K, 5707411]
[paragraph, [76.0, 135.0, 441.0, 18.0], WK6PA7gD-K, 5707411]
[paragraph, [76.0, 153.0, 441.0, 18.0], WK6PA7gD-K, 5707411]
[paragraph, [76.0, 171.0, 441.0, 18.0], WK6PA7gD-K, 5707411]
[paragraph, [50.0, 205.0, 462.0, 18.0], CjvrJ1dO--, 5707411]
[paragraph, [50.0, 223.0, 462.0, 18.0], CjvrJ1dO--, 5707411]
[paragraph, [50.0, 241.0, 462.0, 18.0], CjvrJ1dO--, 5707411]
[paragraph, [50.0, 259.0, 462.0, 18.0], CjvrJ1dO--, 5707411]
[paragraph, [50.0, 277.0, 462.0, 18.0], CjvrJ1dO--, 5707411]
[paragraph, [50.0, 295.0, 462.0, 18.0], CjvrJ1dO--, 5707411]
[paragraph, [50.0, 313.0, 462.0, 18.0], CjvrJ1dO--, 5707411]
[paragraph, [50.0, 331.0, 462.0, 18.0], CjvrJ1dO--, 5707411]
[paragraph, [50.0, 349.0, 462.0, 18.0], CjvrJ1dO--, 5707411]
[paragraph, [50.0, 367.0, 462.0, 18.0], CjvrJ1dO--, 5707411]
[paragraph, [50.0, 385.0, 462.0, 18.0], CjvrJ1dO--, 5707411]
[paragraph, [49.0, 513.0, 405.0, 18.0], x88bIHdtTp, 5707411]
[paragraph, [49.0, 531.0, 405.0, 18.0], x88bIHdtTp, 5707411]
[paragraph, [49.0, 549.0, 405.0, 18.0], x88bIHdtTp, 5707411]
[paragraph, [49.0, 567.0, 405.0, 18.0], x88bIHdtTp, 5707411]
[paragraph, [49.0, 585.0, 405.0, 18.0], x88bIHdtTp, 5707411]
[paragraph, [49.0, 603.0, 405.0, 18.0], x88bIHdtTp, 5707411]
[paragraph, [49.0, 621.0, 405.0, 18.0], x88bIHdtTp, 5707411]
