[842, 595]
[paragraph, [50.0, 47.0, 314.0, 18.0], -ozI69jorv, 5707297]
[paragraph, [51.0, 116.0, 413.0, 18.0], i2AxcZr80-, 5707297]
[paragraph, [52.0, 228.0, 374.0, 18.0], CRyRZwcHAm, 5707297]
[paragraph, [53.0, 332.0, 272.0, 18.0], CCoQbKWkJT, 5707297]
[paragraph, [260.0, 392.0, 36.0, 18.0], Pcr5BkyFx9, 5707297]
[paragraph, [51.0, 457.0, 313.0, 18.0], V_ly3EXy1l, 5707297]
[options, [83.0, 504.0, 288.0, 18.0], bAVkxYRQew, 5707297]
[options, [83.0, 522.0, 288.0, 18.0], bAVkxYRQew, 5707297]
[options, [81.0, 563.0, 277.0, 18.0], Fg0Bzna4I9, 5707297]
[options, [81.0, 581.0, 277.0, 18.0], Fg0Bzna4I9, 5707297]
[options, [81.0, 626.0, 273.0, 18.0], sXEsYE8iJL, 5707297]
[options, [81.0, 644.0, 273.0, 18.0], sXEsYE8iJL, 5707297]
[options, [79.0, 692.0, 291.0, 18.0], Mykf7rqAs8, 5707297]
[options, [79.0, 710.0, 291.0, 18.0], Mykf7rqAs8, 5707297]
[options, [77.0, 754.0, 344.0, 18.0], sRrU0AY2_g, 5707297]
[options, [77.0, 772.0, 344.0, 18.0], sRrU0AY2_g, 5707297]
