[842, 596]
[section-title, [129.0, 23.0, 407.0, 30.0], UxIf_hb66t, 5706778]
[options, [77.0, 104.0, 361.0, 18.0], 8LHf0zFgqF, 5706778]
[options, [77.0, 122.0, 361.0, 18.0], 8LHf0zFgqF, 5706778]
[options, [81.0, 157.0, 368.0, 18.0], b39v9RJgne, 5706778]
[options, [81.0, 175.0, 368.0, 18.0], b39v9RJgne, 5706778]
[options, [78.0, 247.0, 424.0, 18.0], 2PH8rm_y2i, 5706778]
[options, [79.0, 283.0, 408.0, 18.0], UDLWTFiBm-, 5706778]
[options, [81.0, 318.0, 355.0, 18.0], tvAP0N8r-i, 5706778]
[options, [81.0, 336.0, 355.0, 18.0], tvAP0N8r-i, 5706778]
[options, [79.0, 372.0, 307.0, 18.0], A2vi9KpDgB, 5706778]
[options, [79.0, 390.0, 307.0, 18.0], A2vi9KpDgB, 5706778]
[options, [81.0, 462.0, 412.0, 18.0], j4kPRcUEgL, 5706778]
[options, [74.0, 498.0, 406.0, 18.0], mDSGLZctCV, 5706778]
[options, [77.0, 531.0, 444.0, 18.0], GHK8OXim13, 5706778]
[options, [85.0, 571.0, 308.0, 18.0], Wt0hYjyPWw, 5706778]
[options, [85.0, 589.0, 308.0, 18.0], Wt0hYjyPWw, 5706778]
[options, [83.0, 694.0, 409.0, 18.0], vmrRF6ULLj, 5706778]
[options, [76.0, 731.0, 372.0, 18.0], shoonya_6sVG7XF5XVV99F, 5706778]
