[842, 596]
[paragraph, [109.0, 51.0, 191.0, 18.0], shoonya_0s1VVJCA3IJ2TG, 5658404]
[ordered-list, [70.0, 89.0, 471.0, 18.0], 66b50L7Tvn, 5658404]
[ordered-list, [70.0, 107.0, 471.0, 18.0], 66b50L7Tvn, 5658404]
[ordered-list, [70.0, 125.0, 471.0, 18.0], 66b50L7Tvn, 5658404]
[ordered-list, [70.0, 143.0, 471.0, 18.0], 66b50L7Tvn, 5658404]
[ordered-list, [70.0, 161.0, 471.0, 18.0], 66b50L7Tvn, 5658404]
[ordered-list, [70.0, 179.0, 471.0, 18.0], 66b50L7Tvn, 5658404]
[ordered-list, [70.0, 197.0, 471.0, 18.0], 66b50L7Tvn, 5658404]
[ordered-list, [70.0, 215.0, 471.0, 18.0], 66b50L7Tvn, 5658404]
[ordered-list, [70.0, 233.0, 471.0, 18.0], 66b50L7Tvn, 5658404]
[ordered-list, [70.0, 251.0, 471.0, 18.0], 66b50L7Tvn, 5658404]
[ordered-list, [70.0, 269.0, 471.0, 18.0], 66b50L7Tvn, 5658404]
[ordered-list, [70.0, 287.0, 471.0, 18.0], 66b50L7Tvn, 5658404]
[ordered-list, [70.0, 305.0, 471.0, 18.0], 66b50L7Tvn, 5658404]
[ordered-list, [70.0, 323.0, 471.0, 18.0], 66b50L7Tvn, 5658404]
[ordered-list, [70.0, 341.0, 471.0, 18.0], 66b50L7Tvn, 5658404]
[ordered-list, [70.0, 359.0, 471.0, 18.0], 66b50L7Tvn, 5658404]
[ordered-list, [70.0, 377.0, 471.0, 18.0], 66b50L7Tvn, 5658404]
[ordered-list, [70.0, 395.0, 471.0, 18.0], 66b50L7Tvn, 5658404]
[ordered-list, [70.0, 413.0, 471.0, 18.0], 66b50L7Tvn, 5658404]
[ordered-list, [70.0, 431.0, 471.0, 18.0], 66b50L7Tvn, 5658404]
[ordered-list, [70.0, 449.0, 471.0, 18.0], 66b50L7Tvn, 5658404]
[ordered-list, [70.0, 467.0, 471.0, 18.0], 66b50L7Tvn, 5658404]
[ordered-list, [70.0, 485.0, 471.0, 18.0], 66b50L7Tvn, 5658404]
[ordered-list, [70.0, 503.0, 471.0, 18.0], 66b50L7Tvn, 5658404]
[ordered-list, [70.0, 521.0, 471.0, 18.0], 66b50L7Tvn, 5658404]
[ordered-list, [70.0, 539.0, 471.0, 18.0], 66b50L7Tvn, 5658404]
[ordered-list, [69.0, 627.0, 446.0, 18.0], eWdWIlmGCb, 5658404]
[ordered-list, [69.0, 645.0, 446.0, 18.0], eWdWIlmGCb, 5658404]
[ordered-list, [69.0, 663.0, 446.0, 18.0], eWdWIlmGCb, 5658404]
[ordered-list, [69.0, 681.0, 446.0, 18.0], eWdWIlmGCb, 5658404]
[ordered-list, [69.0, 699.0, 446.0, 18.0], eWdWIlmGCb, 5658404]
[ordered-list, [69.0, 717.0, 446.0, 18.0], eWdWIlmGCb, 5658404]
[footnote, [80.0, 777.0, 479.0, 18.0], 46ZCwTXIfK, 5658404]
[footnote, [80.0, 795.0, 479.0, 18.0], 46ZCwTXIfK, 5658404]
