[3508, 2481]
[contact-info, [555.0, 99.0, 1360.0, 52.5], ZCWH2-ASBm, 6516110]
[contact-info, [555.0, 151.5, 1360.0, 52.5], ZCWH2-ASBm, 6516110]
[contact-info, [555.0, 204.0, 1360.0, 52.5], ZCWH2-ASBm, 6516110]
[section-title, [816.0, 593.0, 788.0, 93.0], lfBLn2MLVG, 6516110]
[folio, [208.0, 848.0, 1207.0, 52.5], MF_vj2eL1R, 6516110]
[placeholder-text, [2002.0, 1090.0, 270.0, 18.0], 4fAFuhsdk0, 6516110]
[placeholder-text, [2002.0, 1108.0, 270.0, 18.0], 4fAFuhsdk0, 6516110]
[placeholder-text, [2002.0, 1126.0, 270.0, 18.0], 4fAFuhsdk0, 6516110]
[placeholder-text, [2002.0, 1144.0, 270.0, 18.0], 4fAFuhsdk0, 6516110]
[placeholder-text, [2002.0, 1162.0, 270.0, 18.0], 4fAFuhsdk0, 6516110]
[paragraph, [195.0, 1351.0, 298.0, 52.5], 3joZ-5JbJs, 6516110]
[paragraph, [183.0, 1475.0, 2092.0, 52.5], HL31h04XiS, 6516110]
[paragraph, [183.0, 1527.5, 2092.0, 52.5], HL31h04XiS, 6516110]
[paragraph, [183.0, 1580.0, 2092.0, 52.5], HL31h04XiS, 6516110]
[paragraph, [183.0, 1632.5, 2092.0, 52.5], HL31h04XiS, 6516110]
[paragraph, [183.0, 1685.0, 2092.0, 52.5], HL31h04XiS, 6516110]
[paragraph, [183.0, 1737.5, 2092.0, 52.5], HL31h04XiS, 6516110]
[paragraph, [195.0, 1836.0, 2068.0, 52.5], 79xHfX4No3, 6516110]
[paragraph, [195.0, 1888.5, 2068.0, 52.5], 79xHfX4No3, 6516110]
[paragraph, [195.0, 1941.0, 2068.0, 52.5], 79xHfX4No3, 6516110]
[paragraph, [195.0, 1993.5, 2068.0, 52.5], 79xHfX4No3, 6516110]
[paragraph, [195.0, 2046.0, 2068.0, 52.5], 79xHfX4No3, 6516110]
[paragraph, [195.0, 2098.5, 2068.0, 52.5], 79xHfX4No3, 6516110]
[paragraph, [195.0, 2151.0, 2068.0, 52.5], 79xHfX4No3, 6516110]
[paragraph, [220.0, 2215.0, 2074.0, 52.5], l-qTcZMrWy, 6516110]
[paragraph, [220.0, 2267.5, 2074.0, 52.5], l-qTcZMrWy, 6516110]
[paragraph, [220.0, 2320.0, 2074.0, 52.5], l-qTcZMrWy, 6516110]
[paragraph, [220.0, 2372.5, 2074.0, 52.5], l-qTcZMrWy, 6516110]
[contact-info, [1825.0, 2818.0, 431.0, 52.5], 73ACh2xuW0, 6516110]
[contact-info, [909.0, 3284.0, 630.0, 52.5], moX5GabPcH, 6516110]
