[3508, 2480]
[folio, [827.0, 55.0, 446.0, 52.5], jmBDQ38QmR, 5727643]
[dateline, [1779.0, 66.0, 416.0, 52.5], shoonya_2s4RR72KHN3KIV, 5727643]
[folio, [1825.0, 201.0, 356.0, 52.5], 5M7vn7DlhG, 5727643]
[folio, [1825.0, 253.5, 356.0, 52.5], 5M7vn7DlhG, 5727643]
[contact-info, [1683.0, 3278.0, 204.0, 52.5], oe09X5RQaT, 5727643]
[contact-info, [1683.0, 3330.5, 204.0, 52.5], oe09X5RQaT, 5727643]
[contact-info, [1683.0, 3383.0, 204.0, 52.5], oe09X5RQaT, 5727643]
[footnote, [226.0, 3332.0, 976.0, 52.5], 4_cgTqOyXa, 5727643]
[footnote, [226.0, 3384.5, 976.0, 52.5], 4_cgTqOyXa, 5727643]
[website-link, [741.0, 3389.0, 435.0, 18.0], 1iWuEVm2gy, 5727643]
[website-link, [741.0, 3407.0, 435.0, 18.0], 1iWuEVm2gy, 5727643]
