[3508, 2480]
[folio, [1627.0, 282.0, 737.0, 52.5], WHrgeyZ5sw, 5727699]
[website-link, [229.0, 297.0, 520.0, 18.0], RUUvIF6EUR, 5727699]
[website-link, [229.0, 315.0, 520.0, 18.0], RUUvIF6EUR, 5727699]
[website-link, [229.0, 333.0, 520.0, 18.0], RUUvIF6EUR, 5727699]
[folio, [1738.0, 368.0, 560.0, 52.5], bLa9BcW0No, 5727699]
[website-link, [247.0, 376.0, 476.0, 18.0], iqJqN8AudO, 5727699]
[website-link, [247.0, 394.0, 476.0, 18.0], iqJqN8AudO, 5727699]
[website-link, [247.0, 412.0, 476.0, 18.0], iqJqN8AudO, 5727699]
[folio, [1657.0, 424.0, 686.0, 52.5], ryhw4dk_gP, 5727699]
[website-link, [243.0, 442.0, 465.0, 18.0], tMxBld6JzI, 5727699]
[website-link, [243.0, 460.0, 465.0, 18.0], tMxBld6JzI, 5727699]
[website-link, [243.0, 478.0, 465.0, 18.0], tMxBld6JzI, 5727699]
[flag, [619.0, 768.0, 1221.0, 52.5], iHhG_7L6KV, 5727699]
[flag, [619.0, 820.5, 1221.0, 52.5], iHhG_7L6KV, 5727699]
[flag, [619.0, 873.0, 1221.0, 52.5], iHhG_7L6KV, 5727699]
[flag, [619.0, 925.5, 1221.0, 52.5], iHhG_7L6KV, 5727699]
[flag, [619.0, 978.0, 1221.0, 52.5], iHhG_7L6KV, 5727699]
[flag, [619.0, 1030.5, 1221.0, 52.5], iHhG_7L6KV, 5727699]
[flag, [619.0, 1083.0, 1221.0, 52.5], iHhG_7L6KV, 5727699]
[flag, [619.0, 1135.5, 1221.0, 52.5], iHhG_7L6KV, 5727699]
[flag, [619.0, 1188.0, 1221.0, 52.5], iHhG_7L6KV, 5727699]
[flag, [619.0, 1240.5, 1221.0, 52.5], iHhG_7L6KV, 5727699]
[author, [607.0, 1363.0, 1289.0, 52.5], cMSMEvLkFu, 5727699]
[author, [607.0, 1415.5, 1289.0, 52.5], cMSMEvLkFu, 5727699]
[author, [607.0, 1468.0, 1289.0, 52.5], cMSMEvLkFu, 5727699]
[author, [607.0, 1520.5, 1289.0, 52.5], cMSMEvLkFu, 5727699]
[dateline, [796.0, 1716.0, 793.0, 52.5], ET02kfLn9f, 5727699]
[dateline, [796.0, 1768.5, 793.0, 52.5], ET02kfLn9f, 5727699]
[dateline, [796.0, 1821.0, 793.0, 52.5], ET02kfLn9f, 5727699]
[dateline, [1785.0, 1896.0, 421.0, 52.5], COfH-R5M-B, 5727699]
[dateline, [1785.0, 1948.5, 421.0, 52.5], COfH-R5M-B, 5727699]
[dateline, [1785.0, 2001.0, 421.0, 52.5], COfH-R5M-B, 5727699]
[dateline, [133.0, 1899.0, 483.0, 52.5], g7CNTPs-pk, 5727699]
[dateline, [133.0, 1951.5, 483.0, 52.5], g7CNTPs-pk, 5727699]
[dateline, [133.0, 2004.0, 483.0, 52.5], g7CNTPs-pk, 5727699]
[folio, [1847.0, 2079.0, 331.0, 52.5], l22Vll0yCC, 5727699]
[folio, [1847.0, 2131.5, 331.0, 52.5], l22Vll0yCC, 5727699]
[folio, [1847.0, 2184.0, 331.0, 52.5], l22Vll0yCC, 5727699]
[folio, [1847.0, 2236.5, 331.0, 52.5], l22Vll0yCC, 5727699]
[folio, [216.0, 2104.0, 306.0, 52.5], MffwLQ-bMO, 5727699]
[folio, [216.0, 2156.5, 306.0, 52.5], MffwLQ-bMO, 5727699]
[folio, [216.0, 2209.0, 306.0, 52.5], MffwLQ-bMO, 5727699]
[section-title, [1071.0, 2245.0, 351.0, 93.0], shoonya_4sNR6GIBF7H7ED, 5727699]
[sub-section-title, [498.0, 2412.0, 1468.0, 73.5], 5F0kvhxmdL, 5727699]
[folio, [993.0, 2796.0, 495.0, 52.5], shoonya_3sV9H2EY7H8WI9, 5727699]
[folio, [993.0, 2848.5, 495.0, 52.5], shoonya_3sV9H2EY7H8WI9, 5727699]
[folio, [993.0, 2901.0, 495.0, 52.5], shoonya_3sV9H2EY7H8WI9, 5727699]
[folio, [993.0, 2953.5, 495.0, 52.5], shoonya_3sV9H2EY7H8WI9, 5727699]
[contact-info, [1686.0, 3281.0, 195.0, 52.5], GxxtglNHDK, 5727699]
[contact-info, [1686.0, 3333.5, 195.0, 52.5], GxxtglNHDK, 5727699]
[contact-info, [1686.0, 3386.0, 195.0, 52.5], GxxtglNHDK, 5727699]
[footnote, [221.0, 3330.0, 957.0, 52.5], shoonya_2sU7FNSCEOEMIY, 5727699]
[footnote, [221.0, 3382.5, 957.0, 52.5], shoonya_2sU7FNSCEOEMIY, 5727699]
[website-link, [749.0, 3389.0, 420.0, 18.0], VQFuXBzwFd, 5727699]
[website-link, [749.0, 3407.0, 420.0, 18.0], VQFuXBzwFd, 5727699]
