[3508, 2481]
[ordered-list, [260.0, 102.0, 1689.0, 52.5], 7zGpeKPh5a, 6516079]
[ordered-list, [260.0, 154.5, 1689.0, 52.5], 7zGpeKPh5a, 6516079]
[ordered-list, [260.0, 207.0, 1689.0, 52.5], 7zGpeKPh5a, 6516079]
[paragraph, [198.0, 369.0, 2074.0, 52.5], Q2QdVC7v3r, 6516079]
[paragraph, [198.0, 421.5, 2074.0, 52.5], Q2QdVC7v3r, 6516079]
[paragraph, [198.0, 474.0, 2074.0, 52.5], Q2QdVC7v3r, 6516079]
[paragraph, [186.0, 661.0, 2083.0, 52.5], vAz0IYgTbK, 6516079]
[paragraph, [186.0, 713.5, 2083.0, 52.5], vAz0IYgTbK, 6516079]
[paragraph, [186.0, 766.0, 2083.0, 52.5], vAz0IYgTbK, 6516079]
[paragraph, [186.0, 818.5, 2083.0, 52.5], vAz0IYgTbK, 6516079]
[paragraph, [186.0, 871.0, 2083.0, 52.5], vAz0IYgTbK, 6516079]
[paragraph, [186.0, 923.5, 2083.0, 52.5], vAz0IYgTbK, 6516079]
[paragraph, [186.0, 976.0, 2083.0, 52.5], vAz0IYgTbK, 6516079]
[paragraph, [186.0, 1028.5, 2083.0, 52.5], vAz0IYgTbK, 6516079]
[paragraph, [214.0, 1152.0, 2071.0, 52.5], Kix1dk_X_c, 6516079]
[paragraph, [214.0, 1204.5, 2071.0, 52.5], Kix1dk_X_c, 6516079]
[paragraph, [214.0, 1257.0, 2071.0, 52.5], Kix1dk_X_c, 6516079]
[paragraph, [214.0, 1309.5, 2071.0, 52.5], Kix1dk_X_c, 6516079]
[paragraph, [214.0, 1362.0, 2071.0, 52.5], Kix1dk_X_c, 6516079]
[paragraph, [214.0, 1414.5, 2071.0, 52.5], Kix1dk_X_c, 6516079]
[paragraph, [214.0, 1467.0, 2071.0, 52.5], Kix1dk_X_c, 6516079]
[paragraph, [214.0, 1519.5, 2071.0, 52.5], Kix1dk_X_c, 6516079]
[paragraph, [214.0, 1572.0, 2071.0, 52.5], Kix1dk_X_c, 6516079]
[paragraph, [214.0, 1624.5, 2071.0, 52.5], Kix1dk_X_c, 6516079]
[paragraph, [214.0, 1677.0, 2071.0, 52.5], Kix1dk_X_c, 6516079]
[paragraph, [214.0, 1729.5, 2071.0, 52.5], Kix1dk_X_c, 6516079]
[paragraph, [214.0, 1782.0, 2071.0, 52.5], Kix1dk_X_c, 6516079]
[paragraph, [214.0, 1834.5, 2071.0, 52.5], Kix1dk_X_c, 6516079]
[paragraph, [214.0, 1887.0, 2071.0, 52.5], Kix1dk_X_c, 6516079]
[contact-info, [214.0, 2296.0, 416.0, 52.5], ncH-MuBxTM, 6516079]
[contact-info, [211.0, 3290.0, 487.0, 52.5], HKcSTznhL0, 6516079]
