[1650, 1275]
[folio, [594.0, 146.0, 78.0, 36.0], r1LnyNsxZl, 6474999]
[folio, [513.0, 212.0, 251.0, 36.0], ZP66yvZ-LF, 6474999]
[paragraph, [140.0, 430.0, 994.0, 36.0], LV4kW8DN4w, 6474999]
[paragraph, [140.0, 466.0, 994.0, 36.0], LV4kW8DN4w, 6474999]
[paragraph, [140.0, 502.0, 994.0, 36.0], LV4kW8DN4w, 6474999]
[paragraph, [140.0, 538.0, 994.0, 36.0], LV4kW8DN4w, 6474999]
[paragraph, [140.0, 574.0, 994.0, 36.0], LV4kW8DN4w, 6474999]
[paragraph, [140.0, 610.0, 994.0, 36.0], LV4kW8DN4w, 6474999]
[placeholder-text, [141.0, 806.0, 339.0, 18.0], mPWv2GEFrR, 6474999]
[placeholder-text, [141.0, 824.0, 339.0, 18.0], mPWv2GEFrR, 6474999]
