[1754, 1241]
[paragraph, [110.0, 217.0, 1019.0, 36.0], 2dg2_15W9q, 6475473]
[ordered-list, [113.0, 290.0, 1015.0, 36.0], -Tge6-8SuO, 6475473]
[ordered-list, [113.0, 326.0, 1015.0, 36.0], -Tge6-8SuO, 6475473]
[ordered-list, [113.0, 362.0, 1015.0, 36.0], -Tge6-8SuO, 6475473]
[ordered-list, [113.0, 398.0, 1015.0, 36.0], -Tge6-8SuO, 6475473]
[ordered-list, [113.0, 434.0, 1015.0, 36.0], -Tge6-8SuO, 6475473]
[ordered-list, [113.0, 470.0, 1015.0, 36.0], -Tge6-8SuO, 6475473]
[ordered-list, [113.0, 506.0, 1015.0, 36.0], -Tge6-8SuO, 6475473]
[ordered-list, [113.0, 542.0, 1015.0, 36.0], -Tge6-8SuO, 6475473]
[ordered-list, [113.0, 578.0, 1015.0, 36.0], -Tge6-8SuO, 6475473]
[ordered-list, [113.0, 614.0, 1015.0, 36.0], -Tge6-8SuO, 6475473]
[ordered-list, [107.0, 686.0, 1031.0, 36.0], uZ65w2TCi2, 6475473]
[ordered-list, [107.0, 722.0, 1031.0, 36.0], uZ65w2TCi2, 6475473]
[ordered-list, [107.0, 758.0, 1031.0, 36.0], uZ65w2TCi2, 6475473]
[ordered-list, [107.0, 794.0, 1031.0, 36.0], uZ65w2TCi2, 6475473]
[ordered-list, [107.0, 830.0, 1031.0, 36.0], uZ65w2TCi2, 6475473]
[ordered-list, [107.0, 866.0, 1031.0, 36.0], uZ65w2TCi2, 6475473]
[ordered-list, [107.0, 902.0, 1031.0, 36.0], uZ65w2TCi2, 6475473]
[ordered-list, [107.0, 938.0, 1031.0, 36.0], uZ65w2TCi2, 6475473]
[ordered-list, [107.0, 974.0, 1031.0, 36.0], uZ65w2TCi2, 6475473]
[ordered-list, [107.0, 1010.0, 1031.0, 36.0], uZ65w2TCi2, 6475473]
[ordered-list, [107.0, 1046.0, 1031.0, 36.0], uZ65w2TCi2, 6475473]
[ordered-list, [107.0, 1082.0, 1031.0, 36.0], uZ65w2TCi2, 6475473]
[ordered-list, [107.0, 1118.0, 1031.0, 36.0], uZ65w2TCi2, 6475473]
[ordered-list, [107.0, 1154.0, 1031.0, 36.0], uZ65w2TCi2, 6475473]
[ordered-list, [107.0, 1190.0, 1031.0, 36.0], uZ65w2TCi2, 6475473]
[website-link, [108.0, 1229.0, 139.0, 18.0], m8dlywmV1t, 6475473]
