[1650, 1275]
[flag, [151.0, 212.0, 970.0, 36.0], tqQnEvOu9x, 5746564]
[flag, [151.0, 248.0, 970.0, 36.0], tqQnEvOu9x, 5746564]
[folio, [157.0, 438.0, 118.0, 36.0], gHGIamwRR6, 5746564]
[folio, [157.0, 474.0, 118.0, 36.0], gHGIamwRR6, 5746564]
[contact-info, [431.0, 514.0, 420.0, 36.0], 0KGDL4de_9, 5746564]
[paragraph, [153.0, 695.0, 978.0, 36.0], AAPHu6M9L_, 5746564]
[paragraph, [153.0, 731.0, 978.0, 36.0], AAPHu6M9L_, 5746564]
[paragraph, [153.0, 767.0, 978.0, 36.0], AAPHu6M9L_, 5746564]
[paragraph, [153.0, 803.0, 978.0, 36.0], AAPHu6M9L_, 5746564]
[paragraph, [153.0, 839.0, 978.0, 36.0], AAPHu6M9L_, 5746564]
[paragraph, [153.0, 875.0, 978.0, 36.0], AAPHu6M9L_, 5746564]
[paragraph, [156.0, 966.0, 978.0, 36.0], Y4ITawzElK, 5746564]
[paragraph, [156.0, 1002.0, 978.0, 36.0], Y4ITawzElK, 5746564]
[paragraph, [156.0, 1038.0, 978.0, 36.0], Y4ITawzElK, 5746564]
[paragraph, [156.0, 1074.0, 978.0, 36.0], Y4ITawzElK, 5746564]
[paragraph, [156.0, 1110.0, 978.0, 36.0], Y4ITawzElK, 5746564]
[paragraph, [149.0, 1190.0, 989.0, 36.0], w1eEyfra44, 5746564]
[paragraph, [149.0, 1226.0, 989.0, 36.0], w1eEyfra44, 5746564]
[paragraph, [149.0, 1262.0, 989.0, 36.0], w1eEyfra44, 5746564]
[paragraph, [149.0, 1298.0, 989.0, 36.0], w1eEyfra44, 5746564]
[paragraph, [154.0, 1375.0, 991.0, 36.0], 9G2OJ2yvEu, 5746564]
[paragraph, [154.0, 1411.0, 991.0, 36.0], 9G2OJ2yvEu, 5746564]
[paragraph, [154.0, 1447.0, 991.0, 36.0], 9G2OJ2yvEu, 5746564]
[paragraph, [154.0, 1483.0, 991.0, 36.0], 9G2OJ2yvEu, 5746564]
[paragraph, [154.0, 1519.0, 991.0, 36.0], 9G2OJ2yvEu, 5746564]
