[1951, 1219]
[folio, [764.0, 126.0, 209.0, 36.0], RtAU-vYvhe, 5682134]
[paragraph, [126.0, 215.0, 970.0, 36.0], shoonya_0sHK6QEL9GSWWU, 5682134]
[paragraph, [126.0, 251.0, 970.0, 36.0], shoonya_0sHK6QEL9GSWWU, 5682134]
[paragraph, [126.0, 287.0, 970.0, 36.0], shoonya_0sHK6QEL9GSWWU, 5682134]
[paragraph, [124.0, 339.0, 969.0, 36.0], O-0Pd1gq6s, 5682134]
[paragraph, [124.0, 375.0, 969.0, 36.0], O-0Pd1gq6s, 5682134]
[paragraph, [124.0, 411.0, 969.0, 36.0], O-0Pd1gq6s, 5682134]
[paragraph, [124.0, 447.0, 969.0, 36.0], O-0Pd1gq6s, 5682134]
[paragraph, [124.0, 483.0, 969.0, 36.0], O-0Pd1gq6s, 5682134]
[paragraph, [124.0, 519.0, 969.0, 36.0], O-0Pd1gq6s, 5682134]
[paragraph, [124.0, 555.0, 969.0, 36.0], O-0Pd1gq6s, 5682134]
[paragraph, [124.0, 627.0, 969.0, 36.0], N0X-kUe658, 5682134]
[paragraph, [124.0, 663.0, 969.0, 36.0], N0X-kUe658, 5682134]
[paragraph, [124.0, 699.0, 969.0, 36.0], N0X-kUe658, 5682134]
[paragraph, [124.0, 735.0, 969.0, 36.0], N0X-kUe658, 5682134]
[paragraph, [124.0, 771.0, 969.0, 36.0], N0X-kUe658, 5682134]
[paragraph, [124.0, 807.0, 969.0, 36.0], N0X-kUe658, 5682134]
[paragraph, [123.0, 855.0, 972.0, 36.0], vOHnKp2zH9, 5682134]
[paragraph, [123.0, 891.0, 972.0, 36.0], vOHnKp2zH9, 5682134]
[paragraph, [123.0, 927.0, 972.0, 36.0], vOHnKp2zH9, 5682134]
[paragraph, [123.0, 963.0, 972.0, 36.0], vOHnKp2zH9, 5682134]
[paragraph, [123.0, 999.0, 972.0, 36.0], vOHnKp2zH9, 5682134]
[paragraph, [123.0, 1035.0, 972.0, 36.0], vOHnKp2zH9, 5682134]
[paragraph, [123.0, 1071.0, 972.0, 36.0], vOHnKp2zH9, 5682134]
[paragraph, [123.0, 1107.0, 972.0, 36.0], vOHnKp2zH9, 5682134]
[paragraph, [123.0, 1143.0, 972.0, 36.0], vOHnKp2zH9, 5682134]
[paragraph, [123.0, 1179.0, 972.0, 36.0], vOHnKp2zH9, 5682134]
[paragraph, [123.0, 1215.0, 972.0, 36.0], vOHnKp2zH9, 5682134]
[paragraph, [123.0, 1251.0, 972.0, 36.0], vOHnKp2zH9, 5682134]
[paragraph, [123.0, 1287.0, 972.0, 36.0], vOHnKp2zH9, 5682134]
[paragraph, [123.0, 1323.0, 972.0, 36.0], vOHnKp2zH9, 5682134]
[paragraph, [123.0, 1359.0, 972.0, 36.0], vOHnKp2zH9, 5682134]
[paragraph, [123.0, 1395.0, 972.0, 36.0], vOHnKp2zH9, 5682134]
[paragraph, [123.0, 1431.0, 972.0, 36.0], vOHnKp2zH9, 5682134]
[paragraph, [123.0, 1467.0, 972.0, 36.0], vOHnKp2zH9, 5682134]
[paragraph, [123.0, 1503.0, 972.0, 36.0], vOHnKp2zH9, 5682134]
[paragraph, [123.0, 1539.0, 972.0, 36.0], vOHnKp2zH9, 5682134]
[paragraph, [123.0, 1575.0, 972.0, 36.0], vOHnKp2zH9, 5682134]
[paragraph, [123.0, 1611.0, 972.0, 36.0], vOHnKp2zH9, 5682134]
[paragraph, [123.0, 1647.0, 972.0, 36.0], vOHnKp2zH9, 5682134]
[paragraph, [123.0, 1683.0, 972.0, 36.0], vOHnKp2zH9, 5682134]
[paragraph, [123.0, 1719.0, 972.0, 36.0], vOHnKp2zH9, 5682134]
[paragraph, [123.0, 1755.0, 972.0, 36.0], vOHnKp2zH9, 5682134]
[paragraph, [123.0, 1791.0, 972.0, 36.0], vOHnKp2zH9, 5682134]
