[1951, 1219]
[folio, [771.0, 125.0, 198.0, 36.0], shoonya_0sK66CLPWD0D8W, 5683220]
[paragraph, [118.0, 213.0, 963.0, 36.0], B4XzAIq6Hn, 5683220]
[paragraph, [118.0, 249.0, 963.0, 36.0], B4XzAIq6Hn, 5683220]
[paragraph, [118.0, 285.0, 963.0, 36.0], B4XzAIq6Hn, 5683220]
[paragraph, [118.0, 321.0, 963.0, 36.0], B4XzAIq6Hn, 5683220]
[paragraph, [118.0, 357.0, 963.0, 36.0], B4XzAIq6Hn, 5683220]
[paragraph, [118.0, 393.0, 963.0, 36.0], B4XzAIq6Hn, 5683220]
[paragraph, [118.0, 429.0, 963.0, 36.0], B4XzAIq6Hn, 5683220]
[paragraph, [117.0, 507.0, 969.0, 36.0], 4Xs7d04jQE, 5683220]
[paragraph, [117.0, 543.0, 969.0, 36.0], 4Xs7d04jQE, 5683220]
[paragraph, [117.0, 579.0, 969.0, 36.0], 4Xs7d04jQE, 5683220]
[paragraph, [117.0, 615.0, 969.0, 36.0], 4Xs7d04jQE, 5683220]
[paragraph, [117.0, 651.0, 969.0, 36.0], 4Xs7d04jQE, 5683220]
[paragraph, [117.0, 687.0, 969.0, 36.0], 4Xs7d04jQE, 5683220]
[paragraph, [117.0, 723.0, 969.0, 36.0], 4Xs7d04jQE, 5683220]
[paragraph, [117.0, 759.0, 969.0, 36.0], 4Xs7d04jQE, 5683220]
[paragraph, [117.0, 795.0, 969.0, 36.0], 4Xs7d04jQE, 5683220]
[paragraph, [117.0, 831.0, 969.0, 36.0], 4Xs7d04jQE, 5683220]
[paragraph, [117.0, 867.0, 969.0, 36.0], 4Xs7d04jQE, 5683220]
[paragraph, [117.0, 903.0, 969.0, 36.0], 4Xs7d04jQE, 5683220]
[paragraph, [117.0, 939.0, 969.0, 36.0], 4Xs7d04jQE, 5683220]
[paragraph, [117.0, 975.0, 969.0, 36.0], 4Xs7d04jQE, 5683220]
[paragraph, [117.0, 1011.0, 969.0, 36.0], 4Xs7d04jQE, 5683220]
[paragraph, [117.0, 1047.0, 969.0, 36.0], 4Xs7d04jQE, 5683220]
[paragraph, [117.0, 1083.0, 969.0, 36.0], 4Xs7d04jQE, 5683220]
[paragraph, [117.0, 1119.0, 969.0, 36.0], 4Xs7d04jQE, 5683220]
[paragraph, [117.0, 1155.0, 969.0, 36.0], 4Xs7d04jQE, 5683220]
[paragraph, [117.0, 1191.0, 969.0, 36.0], 4Xs7d04jQE, 5683220]
[paragraph, [117.0, 1227.0, 969.0, 36.0], 4Xs7d04jQE, 5683220]
[paragraph, [117.0, 1263.0, 969.0, 36.0], 4Xs7d04jQE, 5683220]
[paragraph, [213.0, 1310.0, 772.0, 36.0], tSMGyTB_01, 5683220]
[paragraph, [117.0, 1373.0, 973.0, 36.0], OasPebE3PC, 5683220]
[paragraph, [117.0, 1409.0, 973.0, 36.0], OasPebE3PC, 5683220]
[paragraph, [117.0, 1445.0, 973.0, 36.0], OasPebE3PC, 5683220]
[paragraph, [117.0, 1481.0, 973.0, 36.0], OasPebE3PC, 5683220]
[paragraph, [214.0, 1542.0, 132.0, 36.0], LvR-93fmKG, 5683220]
[paragraph, [120.0, 1599.0, 988.0, 36.0], ZwNx4Iwd3b, 5683220]
[paragraph, [120.0, 1635.0, 988.0, 36.0], ZwNx4Iwd3b, 5683220]
[paragraph, [120.0, 1671.0, 988.0, 36.0], ZwNx4Iwd3b, 5683220]
[paragraph, [220.0, 1719.0, 745.0, 36.0], ejRA1Ay4v-, 5683220]
[paragraph, [217.0, 1776.0, 874.0, 36.0], hEJsltUx96, 5683220]
