[1951, 1219]
[folio, [772.0, 136.0, 201.0, 36.0], shoonya_0sMWPI8R808GT6, 5682143]
[paragraph, [131.0, 219.0, 932.0, 36.0], yE-bExT2V4, 5682143]
[paragraph, [131.0, 255.0, 932.0, 36.0], yE-bExT2V4, 5682143]
[paragraph, [131.0, 291.0, 932.0, 36.0], yE-bExT2V4, 5682143]
[paragraph, [131.0, 327.0, 932.0, 36.0], yE-bExT2V4, 5682143]
[paragraph, [131.0, 363.0, 932.0, 36.0], yE-bExT2V4, 5682143]
[paragraph, [131.0, 399.0, 932.0, 36.0], yE-bExT2V4, 5682143]
[paragraph, [131.0, 435.0, 932.0, 36.0], yE-bExT2V4, 5682143]
[paragraph, [131.0, 471.0, 932.0, 36.0], yE-bExT2V4, 5682143]
[paragraph, [131.0, 507.0, 932.0, 36.0], yE-bExT2V4, 5682143]
[paragraph, [131.0, 543.0, 932.0, 36.0], yE-bExT2V4, 5682143]
[paragraph, [131.0, 579.0, 932.0, 36.0], yE-bExT2V4, 5682143]
[paragraph, [129.0, 628.0, 934.0, 36.0], q0eAhq5oGh, 5682143]
[paragraph, [129.0, 664.0, 934.0, 36.0], q0eAhq5oGh, 5682143]
[paragraph, [129.0, 700.0, 934.0, 36.0], q0eAhq5oGh, 5682143]
[paragraph, [129.0, 736.0, 934.0, 36.0], q0eAhq5oGh, 5682143]
[paragraph, [129.0, 772.0, 934.0, 36.0], q0eAhq5oGh, 5682143]
[paragraph, [129.0, 808.0, 934.0, 36.0], q0eAhq5oGh, 5682143]
[paragraph, [129.0, 844.0, 934.0, 36.0], q0eAhq5oGh, 5682143]
[paragraph, [129.0, 880.0, 934.0, 36.0], q0eAhq5oGh, 5682143]
[paragraph, [129.0, 916.0, 934.0, 36.0], q0eAhq5oGh, 5682143]
[paragraph, [129.0, 952.0, 934.0, 36.0], q0eAhq5oGh, 5682143]
[paragraph, [129.0, 988.0, 934.0, 36.0], q0eAhq5oGh, 5682143]
