[2806, 1983]
[paragraph, [210.0, 223.0, 580.0, 46.5], OvBJW3WNi0, 5682888]
[paragraph, [210.0, 269.5, 580.0, 46.5], OvBJW3WNi0, 5682888]
[paragraph, [210.0, 316.0, 580.0, 46.5], OvBJW3WNi0, 5682888]
[paragraph, [210.0, 362.5, 580.0, 46.5], OvBJW3WNi0, 5682888]
[paragraph, [210.0, 409.0, 580.0, 46.5], OvBJW3WNi0, 5682888]
[paragraph, [223.0, 587.0, 1539.0, 46.5], OTf44XnHka, 5682888]
[paragraph, [223.0, 633.5, 1539.0, 46.5], OTf44XnHka, 5682888]
[paragraph, [223.0, 680.0, 1539.0, 46.5], OTf44XnHka, 5682888]
[paragraph, [223.0, 726.5, 1539.0, 46.5], OTf44XnHka, 5682888]
