[1951, 1219]
[folio, [202.0, 120.0, 191.0, 36.0], wwP-ucas9A, 5682244]
[paragraph, [124.0, 210.0, 958.0, 36.0], shoonya_0sBQ7EF69ZQOP4, 5682244]
[paragraph, [124.0, 246.0, 958.0, 36.0], shoonya_0sBQ7EF69ZQOP4, 5682244]
[paragraph, [124.0, 282.0, 958.0, 36.0], shoonya_0sBQ7EF69ZQOP4, 5682244]
[paragraph, [124.0, 318.0, 958.0, 36.0], shoonya_0sBQ7EF69ZQOP4, 5682244]
[paragraph, [124.0, 387.0, 964.0, 36.0], Sm9AN-4sV8, 5682244]
[paragraph, [124.0, 423.0, 964.0, 36.0], Sm9AN-4sV8, 5682244]
[paragraph, [124.0, 459.0, 964.0, 36.0], Sm9AN-4sV8, 5682244]
[paragraph, [124.0, 495.0, 964.0, 36.0], Sm9AN-4sV8, 5682244]
[paragraph, [124.0, 531.0, 964.0, 36.0], Sm9AN-4sV8, 5682244]
[paragraph, [124.0, 567.0, 964.0, 36.0], Sm9AN-4sV8, 5682244]
[paragraph, [124.0, 603.0, 964.0, 36.0], Sm9AN-4sV8, 5682244]
[paragraph, [124.0, 639.0, 964.0, 36.0], Sm9AN-4sV8, 5682244]
[paragraph, [124.0, 675.0, 964.0, 36.0], Sm9AN-4sV8, 5682244]
[paragraph, [124.0, 711.0, 964.0, 36.0], Sm9AN-4sV8, 5682244]
[paragraph, [124.0, 747.0, 964.0, 36.0], Sm9AN-4sV8, 5682244]
[paragraph, [127.0, 795.0, 967.0, 36.0], RFLoB4MYeK, 5682244]
[paragraph, [127.0, 831.0, 967.0, 36.0], RFLoB4MYeK, 5682244]
[paragraph, [127.0, 867.0, 967.0, 36.0], RFLoB4MYeK, 5682244]
[paragraph, [127.0, 903.0, 967.0, 36.0], RFLoB4MYeK, 5682244]
[paragraph, [127.0, 939.0, 967.0, 36.0], RFLoB4MYeK, 5682244]
[paragraph, [127.0, 975.0, 967.0, 36.0], RFLoB4MYeK, 5682244]
[paragraph, [127.0, 1011.0, 967.0, 36.0], RFLoB4MYeK, 5682244]
[paragraph, [127.0, 1047.0, 967.0, 36.0], RFLoB4MYeK, 5682244]
[paragraph, [127.0, 1083.0, 967.0, 36.0], RFLoB4MYeK, 5682244]
[paragraph, [127.0, 1119.0, 967.0, 36.0], RFLoB4MYeK, 5682244]
[paragraph, [127.0, 1155.0, 967.0, 36.0], RFLoB4MYeK, 5682244]
[paragraph, [127.0, 1191.0, 967.0, 36.0], RFLoB4MYeK, 5682244]
[paragraph, [131.0, 1262.0, 963.0, 36.0], p2Y3hLzD3Y, 5682244]
[paragraph, [131.0, 1298.0, 963.0, 36.0], p2Y3hLzD3Y, 5682244]
[paragraph, [131.0, 1334.0, 963.0, 36.0], p2Y3hLzD3Y, 5682244]
[paragraph, [140.0, 1381.0, 955.0, 36.0], -n8tl7Adj_, 5682244]
[paragraph, [140.0, 1417.0, 955.0, 36.0], -n8tl7Adj_, 5682244]
[paragraph, [140.0, 1453.0, 955.0, 36.0], -n8tl7Adj_, 5682244]
[paragraph, [140.0, 1489.0, 955.0, 36.0], -n8tl7Adj_, 5682244]
[paragraph, [140.0, 1525.0, 955.0, 36.0], -n8tl7Adj_, 5682244]
[paragraph, [140.0, 1561.0, 955.0, 36.0], -n8tl7Adj_, 5682244]
[paragraph, [140.0, 1597.0, 955.0, 36.0], -n8tl7Adj_, 5682244]
[paragraph, [140.0, 1633.0, 955.0, 36.0], -n8tl7Adj_, 5682244]
[paragraph, [140.0, 1669.0, 955.0, 36.0], -n8tl7Adj_, 5682244]
[paragraph, [138.0, 1721.0, 959.0, 36.0], 6bElQQUaLs, 5682244]
[paragraph, [138.0, 1757.0, 959.0, 36.0], 6bElQQUaLs, 5682244]
[paragraph, [138.0, 1793.0, 959.0, 36.0], 6bElQQUaLs, 5682244]
