[1818, 1374]
[folio, [637.0, 102.0, 95.0, 36.0], shoonya_1sWO3GD8GN7TIY, 5682902]
[paragraph, [101.0, 173.0, 566.0, 36.0], Xv6kqlX39F, 5682902]
[paragraph, [101.0, 209.0, 566.0, 36.0], Xv6kqlX39F, 5682902]
[paragraph, [101.0, 245.0, 566.0, 36.0], Xv6kqlX39F, 5682902]
[paragraph, [101.0, 281.0, 566.0, 36.0], Xv6kqlX39F, 5682902]
[paragraph, [101.0, 317.0, 566.0, 36.0], Xv6kqlX39F, 5682902]
[paragraph, [101.0, 353.0, 566.0, 36.0], Xv6kqlX39F, 5682902]
[paragraph, [101.0, 389.0, 566.0, 36.0], Xv6kqlX39F, 5682902]
[paragraph, [101.0, 425.0, 566.0, 36.0], Xv6kqlX39F, 5682902]
[paragraph, [101.0, 461.0, 566.0, 36.0], Xv6kqlX39F, 5682902]
[paragraph, [101.0, 497.0, 566.0, 36.0], Xv6kqlX39F, 5682902]
[paragraph, [101.0, 533.0, 566.0, 36.0], Xv6kqlX39F, 5682902]
[paragraph, [101.0, 569.0, 566.0, 36.0], Xv6kqlX39F, 5682902]
[paragraph, [101.0, 605.0, 566.0, 36.0], Xv6kqlX39F, 5682902]
[paragraph, [101.0, 641.0, 566.0, 36.0], Xv6kqlX39F, 5682902]
[paragraph, [101.0, 677.0, 566.0, 36.0], Xv6kqlX39F, 5682902]
[paragraph, [101.0, 713.0, 566.0, 36.0], Xv6kqlX39F, 5682902]
[paragraph, [690.0, 176.0, 561.0, 36.0], IR9gf8FUbX, 5682902]
[paragraph, [690.0, 212.0, 561.0, 36.0], IR9gf8FUbX, 5682902]
[paragraph, [690.0, 248.0, 561.0, 36.0], IR9gf8FUbX, 5682902]
[paragraph, [690.0, 284.0, 561.0, 36.0], IR9gf8FUbX, 5682902]
[paragraph, [692.0, 350.0, 559.0, 36.0], 91uFGoG3eD, 5682902]
[paragraph, [692.0, 386.0, 559.0, 36.0], 91uFGoG3eD, 5682902]
[paragraph, [692.0, 422.0, 559.0, 36.0], 91uFGoG3eD, 5682902]
[paragraph, [692.0, 477.0, 559.0, 36.0], dL0VZA8gB3, 5682902]
[paragraph, [692.0, 513.0, 559.0, 36.0], dL0VZA8gB3, 5682902]
[paragraph, [693.0, 564.0, 561.0, 36.0], FN_r1lSYqO, 5682902]
[paragraph, [693.0, 600.0, 561.0, 36.0], FN_r1lSYqO, 5682902]
[paragraph, [693.0, 636.0, 561.0, 36.0], FN_r1lSYqO, 5682902]
[paragraph, [693.0, 672.0, 561.0, 36.0], FN_r1lSYqO, 5682902]
[paragraph, [693.0, 708.0, 561.0, 36.0], FN_r1lSYqO, 5682902]
[paragraph, [693.0, 744.0, 561.0, 36.0], FN_r1lSYqO, 5682902]
[paragraph, [693.0, 780.0, 561.0, 36.0], FN_r1lSYqO, 5682902]
[paragraph, [693.0, 816.0, 561.0, 36.0], FN_r1lSYqO, 5682902]
[paragraph, [693.0, 852.0, 561.0, 36.0], FN_r1lSYqO, 5682902]
[paragraph, [693.0, 888.0, 561.0, 36.0], FN_r1lSYqO, 5682902]
[paragraph, [693.0, 924.0, 561.0, 36.0], FN_r1lSYqO, 5682902]
[paragraph, [693.0, 960.0, 561.0, 36.0], FN_r1lSYqO, 5682902]
[paragraph, [693.0, 996.0, 561.0, 36.0], FN_r1lSYqO, 5682902]
[paragraph, [693.0, 1032.0, 561.0, 36.0], FN_r1lSYqO, 5682902]
[paragraph, [693.0, 1068.0, 561.0, 36.0], FN_r1lSYqO, 5682902]
[paragraph, [108.0, 776.0, 559.0, 36.0], 7866hXogd1, 5682902]
[paragraph, [108.0, 812.0, 559.0, 36.0], 7866hXogd1, 5682902]
[paragraph, [108.0, 848.0, 559.0, 36.0], 7866hXogd1, 5682902]
[paragraph, [108.0, 884.0, 559.0, 36.0], 7866hXogd1, 5682902]
[paragraph, [108.0, 920.0, 559.0, 36.0], 7866hXogd1, 5682902]
[paragraph, [108.0, 956.0, 559.0, 36.0], 7866hXogd1, 5682902]
[paragraph, [108.0, 992.0, 559.0, 36.0], 7866hXogd1, 5682902]
[paragraph, [108.0, 1028.0, 559.0, 36.0], 7866hXogd1, 5682902]
[paragraph, [108.0, 1064.0, 559.0, 36.0], 7866hXogd1, 5682902]
[paragraph, [108.0, 1100.0, 559.0, 36.0], 7866hXogd1, 5682902]
[paragraph, [108.0, 1136.0, 559.0, 36.0], 7866hXogd1, 5682902]
[paragraph, [692.0, 1117.0, 563.0, 36.0], MeHu-_I4vx, 5682902]
[paragraph, [692.0, 1153.0, 563.0, 36.0], MeHu-_I4vx, 5682902]
[paragraph, [109.0, 1203.0, 559.0, 36.0], tLrAkfyvAa, 5682902]
[paragraph, [109.0, 1239.0, 559.0, 36.0], tLrAkfyvAa, 5682902]
[paragraph, [109.0, 1275.0, 559.0, 36.0], tLrAkfyvAa, 5682902]
[paragraph, [109.0, 1311.0, 559.0, 36.0], tLrAkfyvAa, 5682902]
[paragraph, [695.0, 1204.0, 563.0, 36.0], O5CdsAWMcq, 5682902]
[paragraph, [695.0, 1240.0, 563.0, 36.0], O5CdsAWMcq, 5682902]
[paragraph, [695.0, 1288.0, 566.0, 36.0], 82dHnSbXSr, 5682902]
[paragraph, [695.0, 1324.0, 566.0, 36.0], 82dHnSbXSr, 5682902]
[paragraph, [695.0, 1360.0, 566.0, 36.0], 82dHnSbXSr, 5682902]
[paragraph, [695.0, 1396.0, 566.0, 36.0], 82dHnSbXSr, 5682902]
[paragraph, [695.0, 1432.0, 566.0, 36.0], 82dHnSbXSr, 5682902]
[paragraph, [109.0, 1377.0, 559.0, 36.0], z6oQRTMG_E, 5682902]
[paragraph, [109.0, 1413.0, 559.0, 36.0], z6oQRTMG_E, 5682902]
[paragraph, [109.0, 1460.0, 558.0, 36.0], HyWAGRpQW7, 5682902]
[paragraph, [109.0, 1496.0, 558.0, 36.0], HyWAGRpQW7, 5682902]
[paragraph, [695.0, 1502.0, 566.0, 36.0], XsNFI2CW89, 5682902]
[paragraph, [695.0, 1538.0, 566.0, 36.0], XsNFI2CW89, 5682902]
[paragraph, [695.0, 1574.0, 566.0, 36.0], XsNFI2CW89, 5682902]
[paragraph, [695.0, 1610.0, 566.0, 36.0], XsNFI2CW89, 5682902]
[paragraph, [695.0, 1646.0, 566.0, 36.0], XsNFI2CW89, 5682902]
[paragraph, [109.0, 1546.0, 558.0, 36.0], EJjTm_F6Nu, 5682902]
[paragraph, [109.0, 1582.0, 558.0, 36.0], EJjTm_F6Nu, 5682902]
[paragraph, [115.0, 1630.0, 554.0, 36.0], 5CxNiDja4q, 5682902]
[paragraph, [115.0, 1666.0, 554.0, 36.0], 5CxNiDja4q, 5682902]
