[2806, 1983]
[paragraph, [223.0, 233.0, 1514.0, 46.5], GAD3e6rFcj, 5682879]
[paragraph, [223.0, 279.5, 1514.0, 46.5], GAD3e6rFcj, 5682879]
[paragraph, [223.0, 326.0, 1514.0, 46.5], GAD3e6rFcj, 5682879]
[paragraph, [223.0, 372.5, 1514.0, 46.5], GAD3e6rFcj, 5682879]
[paragraph, [223.0, 419.0, 1514.0, 46.5], GAD3e6rFcj, 5682879]
[paragraph, [228.0, 594.0, 989.0, 46.5], hHMBabVtCZ, 5682879]
[paragraph, [228.0, 640.5, 989.0, 46.5], hHMBabVtCZ, 5682879]
[paragraph, [228.0, 687.0, 989.0, 46.5], hHMBabVtCZ, 5682879]
[paragraph, [220.0, 780.0, 1472.0, 46.5], 3b-_01zK9Q, 5682879]
[paragraph, [220.0, 826.5, 1472.0, 46.5], 3b-_01zK9Q, 5682879]
[paragraph, [220.0, 873.0, 1472.0, 46.5], 3b-_01zK9Q, 5682879]
[paragraph, [220.0, 919.5, 1472.0, 46.5], 3b-_01zK9Q, 5682879]
[paragraph, [220.0, 966.0, 1472.0, 46.5], 3b-_01zK9Q, 5682879]
[paragraph, [233.0, 1112.0, 632.0, 46.5], LovxiFXCXR, 5682879]
[paragraph, [223.0, 1209.0, 570.0, 46.5], KP5KvdSrRT, 5682879]
[paragraph, [220.0, 1286.0, 991.0, 46.5], Y9JZSjYzt8, 5682879]
[paragraph, [220.0, 1332.5, 991.0, 46.5], Y9JZSjYzt8, 5682879]
[paragraph, [220.0, 1379.0, 991.0, 46.5], Y9JZSjYzt8, 5682879]
[paragraph, [220.0, 1455.0, 887.0, 46.5], M3IS8pbK03, 5682879]
[paragraph, [235.0, 1621.0, 438.0, 46.5], 3hyatCAS41, 5682879]
[paragraph, [223.0, 1710.0, 562.0, 46.5], KpJgJxuvnN, 5682879]
[paragraph, [218.0, 1792.0, 1001.0, 46.5], QB1_-bP_pd, 5682879]
[paragraph, [218.0, 1838.5, 1001.0, 46.5], QB1_-bP_pd, 5682879]
[paragraph, [218.0, 1885.0, 1001.0, 46.5], QB1_-bP_pd, 5682879]
[paragraph, [215.0, 2052.0, 1420.0, 46.5], xLe_7hdYDc, 5682879]
[paragraph, [215.0, 2098.5, 1420.0, 46.5], xLe_7hdYDc, 5682879]
[paragraph, [215.0, 2145.0, 1420.0, 46.5], xLe_7hdYDc, 5682879]
[paragraph, [215.0, 2191.5, 1420.0, 46.5], xLe_7hdYDc, 5682879]
[paragraph, [215.0, 2238.0, 1420.0, 46.5], xLe_7hdYDc, 5682879]
[paragraph, [215.0, 2284.5, 1420.0, 46.5], xLe_7hdYDc, 5682879]
[paragraph, [215.0, 2331.0, 1420.0, 46.5], xLe_7hdYDc, 5682879]
[paragraph, [215.0, 2377.5, 1420.0, 46.5], xLe_7hdYDc, 5682879]
[paragraph, [215.0, 2424.0, 1420.0, 46.5], xLe_7hdYDc, 5682879]
