[2806, 1983]
[folio, [221.0, 235.0, 729.0, 46.5], shoonya_0s6TWWQV1J4GW2, 5683090]
[paragraph, [220.0, 456.0, 1549.0, 46.5], 9Csc8b8JL9, 5683090]
[paragraph, [220.0, 502.5, 1549.0, 46.5], 9Csc8b8JL9, 5683090]
[paragraph, [220.0, 549.0, 1549.0, 46.5], 9Csc8b8JL9, 5683090]
[paragraph, [220.0, 595.5, 1549.0, 46.5], 9Csc8b8JL9, 5683090]
[paragraph, [220.0, 642.0, 1549.0, 46.5], 9Csc8b8JL9, 5683090]
[paragraph, [220.0, 688.5, 1549.0, 46.5], 9Csc8b8JL9, 5683090]
[paragraph, [220.0, 735.0, 1549.0, 46.5], 9Csc8b8JL9, 5683090]
[paragraph, [220.0, 781.5, 1549.0, 46.5], 9Csc8b8JL9, 5683090]
[paragraph, [220.0, 828.0, 1549.0, 46.5], 9Csc8b8JL9, 5683090]
[paragraph, [208.0, 986.0, 1561.0, 46.5], q_MkpsX4zq, 5683090]
[paragraph, [208.0, 1032.5, 1561.0, 46.5], q_MkpsX4zq, 5683090]
[paragraph, [208.0, 1079.0, 1561.0, 46.5], q_MkpsX4zq, 5683090]
[paragraph, [208.0, 1125.5, 1561.0, 46.5], q_MkpsX4zq, 5683090]
[paragraph, [208.0, 1172.0, 1561.0, 46.5], q_MkpsX4zq, 5683090]
[paragraph, [208.0, 1218.5, 1561.0, 46.5], q_MkpsX4zq, 5683090]
[paragraph, [208.0, 1265.0, 1561.0, 46.5], q_MkpsX4zq, 5683090]
[paragraph, [208.0, 1311.5, 1561.0, 46.5], q_MkpsX4zq, 5683090]
[paragraph, [208.0, 1358.0, 1561.0, 46.5], q_MkpsX4zq, 5683090]
[paragraph, [208.0, 1404.5, 1561.0, 46.5], q_MkpsX4zq, 5683090]
[paragraph, [208.0, 1451.0, 1561.0, 46.5], q_MkpsX4zq, 5683090]
[paragraph, [208.0, 1497.5, 1561.0, 46.5], q_MkpsX4zq, 5683090]
[paragraph, [208.0, 1544.0, 1561.0, 46.5], q_MkpsX4zq, 5683090]
[paragraph, [208.0, 1590.5, 1561.0, 46.5], q_MkpsX4zq, 5683090]
[paragraph, [208.0, 1637.0, 1561.0, 46.5], q_MkpsX4zq, 5683090]
[paragraph, [208.0, 1683.5, 1561.0, 46.5], q_MkpsX4zq, 5683090]
[paragraph, [208.0, 1730.0, 1561.0, 46.5], q_MkpsX4zq, 5683090]
[paragraph, [208.0, 1776.5, 1561.0, 46.5], q_MkpsX4zq, 5683090]
[paragraph, [208.0, 1823.0, 1561.0, 46.5], q_MkpsX4zq, 5683090]
[paragraph, [208.0, 1869.5, 1561.0, 46.5], q_MkpsX4zq, 5683090]
[paragraph, [210.0, 2020.0, 1561.0, 46.5], sb-_P3eN4M, 5683090]
[paragraph, [210.0, 2066.5, 1561.0, 46.5], sb-_P3eN4M, 5683090]
[paragraph, [210.0, 2113.0, 1561.0, 46.5], sb-_P3eN4M, 5683090]
[paragraph, [210.0, 2159.5, 1561.0, 46.5], sb-_P3eN4M, 5683090]
[paragraph, [210.0, 2206.0, 1561.0, 46.5], sb-_P3eN4M, 5683090]
[paragraph, [210.0, 2252.5, 1561.0, 46.5], sb-_P3eN4M, 5683090]
[paragraph, [210.0, 2299.0, 1561.0, 46.5], sb-_P3eN4M, 5683090]
[paragraph, [210.0, 2345.5, 1561.0, 46.5], sb-_P3eN4M, 5683090]
[paragraph, [210.0, 2392.0, 1561.0, 46.5], sb-_P3eN4M, 5683090]
[paragraph, [210.0, 2438.5, 1561.0, 46.5], sb-_P3eN4M, 5683090]
[paragraph, [210.0, 2485.0, 1561.0, 46.5], sb-_P3eN4M, 5683090]
