[1951, 1219]
[folio, [795.0, 121.0, 206.0, 36.0], shoonya_0sQPBTBP6SZ3P6, 5682334]
[paragraph, [126.0, 211.0, 955.0, 36.0], 0A_RxmDF8I, 5682334]
[paragraph, [126.0, 247.0, 955.0, 36.0], 0A_RxmDF8I, 5682334]
[paragraph, [126.0, 283.0, 955.0, 36.0], 0A_RxmDF8I, 5682334]
[paragraph, [126.0, 338.0, 956.0, 36.0], L_8Ud8VA57, 5682334]
[paragraph, [126.0, 374.0, 956.0, 36.0], L_8Ud8VA57, 5682334]
[paragraph, [201.0, 446.0, 516.0, 36.0], yS548QaSAZ, 5682334]
[paragraph, [120.0, 509.0, 961.0, 36.0], LvWH2CR1DK, 5682334]
[paragraph, [120.0, 545.0, 961.0, 36.0], LvWH2CR1DK, 5682334]
[paragraph, [123.0, 623.0, 950.0, 36.0], 8T_FSDLaO2, 5682334]
[paragraph, [123.0, 659.0, 950.0, 36.0], 8T_FSDLaO2, 5682334]
[paragraph, [124.0, 737.0, 952.0, 36.0], vSEv5wNr2t, 5682334]
[paragraph, [124.0, 773.0, 952.0, 36.0], vSEv5wNr2t, 5682334]
[paragraph, [124.0, 809.0, 952.0, 36.0], vSEv5wNr2t, 5682334]
[paragraph, [124.0, 845.0, 952.0, 36.0], vSEv5wNr2t, 5682334]
[paragraph, [204.0, 911.0, 377.0, 36.0], nIarEPMnkf, 5682334]
[paragraph, [121.0, 970.0, 963.0, 36.0], GkWnWRP34e, 5682334]
[paragraph, [121.0, 1006.0, 963.0, 36.0], GkWnWRP34e, 5682334]
[paragraph, [121.0, 1042.0, 963.0, 36.0], GkWnWRP34e, 5682334]
[paragraph, [121.0, 1078.0, 963.0, 36.0], GkWnWRP34e, 5682334]
[paragraph, [121.0, 1114.0, 963.0, 36.0], GkWnWRP34e, 5682334]
[paragraph, [121.0, 1150.0, 963.0, 36.0], GkWnWRP34e, 5682334]
[paragraph, [121.0, 1186.0, 963.0, 36.0], GkWnWRP34e, 5682334]
[paragraph, [124.0, 1259.0, 964.0, 36.0], XSzpe35_Su, 5682334]
[paragraph, [124.0, 1295.0, 964.0, 36.0], XSzpe35_Su, 5682334]
[paragraph, [124.0, 1331.0, 964.0, 36.0], XSzpe35_Su, 5682334]
[paragraph, [124.0, 1367.0, 964.0, 36.0], XSzpe35_Su, 5682334]
[paragraph, [124.0, 1403.0, 964.0, 36.0], XSzpe35_Su, 5682334]
[paragraph, [124.0, 1439.0, 964.0, 36.0], XSzpe35_Su, 5682334]
[paragraph, [204.0, 1499.0, 876.0, 36.0], Xitp0Xh2DX, 5682334]
[paragraph, [204.0, 1535.0, 876.0, 36.0], Xitp0Xh2DX, 5682334]
[paragraph, [204.0, 1609.0, 876.0, 36.0], iov-SVtj6A, 5682334]
[paragraph, [210.0, 1669.0, 566.0, 36.0], zgtDmm20c1, 5682334]
[paragraph, [207.0, 1731.0, 505.0, 36.0], pMkmPtoczx, 5682334]
[paragraph, [205.0, 1792.0, 899.0, 36.0], fWB7ML4ZPS, 5682334]
