[1951, 1219]
[folio, [228.0, 129.0, 233.0, 36.0], RzqZIBcBOx, 5682674]
[paragraph, [207.0, 221.0, 505.0, 36.0], NISbqdf_G6, 5682674]
[paragraph, [213.0, 277.0, 574.0, 36.0], f3W5vTkWrn, 5682674]
[paragraph, [132.0, 335.0, 947.0, 36.0], NuV1-GrBbm, 5682674]
[paragraph, [132.0, 371.0, 947.0, 36.0], NuV1-GrBbm, 5682674]
[paragraph, [132.0, 407.0, 947.0, 36.0], NuV1-GrBbm, 5682674]
[paragraph, [132.0, 443.0, 947.0, 36.0], NuV1-GrBbm, 5682674]
[paragraph, [132.0, 479.0, 947.0, 36.0], NuV1-GrBbm, 5682674]
[paragraph, [132.0, 515.0, 947.0, 36.0], NuV1-GrBbm, 5682674]
[paragraph, [132.0, 551.0, 947.0, 36.0], NuV1-GrBbm, 5682674]
[paragraph, [132.0, 587.0, 947.0, 36.0], NuV1-GrBbm, 5682674]
[paragraph, [132.0, 623.0, 947.0, 36.0], NuV1-GrBbm, 5682674]
[paragraph, [132.0, 659.0, 947.0, 36.0], NuV1-GrBbm, 5682674]
[paragraph, [132.0, 695.0, 947.0, 36.0], NuV1-GrBbm, 5682674]
[paragraph, [132.0, 731.0, 947.0, 36.0], NuV1-GrBbm, 5682674]
[paragraph, [134.0, 795.0, 944.0, 36.0], 429Iy765Kl, 5682674]
[paragraph, [134.0, 831.0, 944.0, 36.0], 429Iy765Kl, 5682674]
[paragraph, [134.0, 867.0, 944.0, 36.0], 429Iy765Kl, 5682674]
[paragraph, [134.0, 903.0, 944.0, 36.0], 429Iy765Kl, 5682674]
[paragraph, [134.0, 939.0, 944.0, 36.0], 429Iy765Kl, 5682674]
[paragraph, [134.0, 975.0, 944.0, 36.0], 429Iy765Kl, 5682674]
[paragraph, [134.0, 1011.0, 944.0, 36.0], 429Iy765Kl, 5682674]
[paragraph, [219.0, 1085.0, 284.0, 36.0], Y3WMgMvHD4, 5682674]
[paragraph, [217.0, 1141.0, 266.0, 36.0], Y48cAD8K4-, 5682674]
[paragraph, [217.0, 1202.0, 135.0, 36.0], Z6o5UFPUfM, 5682674]
[paragraph, [220.0, 1316.0, 132.0, 36.0], 0125tTwNyD, 5682674]
[paragraph, [225.0, 1373.0, 124.0, 36.0], 89Qj_QzaR6, 5682674]
[paragraph, [140.0, 1428.0, 940.0, 36.0], 4r6H7V5Bs5, 5682674]
[paragraph, [140.0, 1464.0, 940.0, 36.0], 4r6H7V5Bs5, 5682674]
[paragraph, [140.0, 1500.0, 940.0, 36.0], 4r6H7V5Bs5, 5682674]
[paragraph, [146.0, 1550.0, 932.0, 36.0], TaZ0OwcEsE, 5682674]
[paragraph, [146.0, 1586.0, 932.0, 36.0], TaZ0OwcEsE, 5682674]
[paragraph, [144.0, 1662.0, 938.0, 36.0], nmMnd8QIAV, 5682674]
[paragraph, [144.0, 1698.0, 938.0, 36.0], nmMnd8QIAV, 5682674]
[paragraph, [219.0, 1777.0, 441.0, 36.0], _l1ykTmaSe, 5682674]
