[1987, 1270]
[paragraph, [128.0, 191.0, 1011.0, 36.0], shoonya_3sFL6584JOQS2V, 5683219]
[paragraph, [128.0, 227.0, 1011.0, 36.0], shoonya_3sFL6584JOQS2V, 5683219]
[paragraph, [128.0, 263.0, 1011.0, 36.0], shoonya_3sFL6584JOQS2V, 5683219]
[paragraph, [128.0, 299.0, 1011.0, 36.0], shoonya_3sFL6584JOQS2V, 5683219]
[paragraph, [128.0, 335.0, 1011.0, 36.0], shoonya_3sFL6584JOQS2V, 5683219]
[paragraph, [128.0, 371.0, 1011.0, 36.0], shoonya_3sFL6584JOQS2V, 5683219]
[paragraph, [128.0, 407.0, 1011.0, 36.0], shoonya_3sFL6584JOQS2V, 5683219]
[paragraph, [128.0, 443.0, 1011.0, 36.0], shoonya_3sFL6584JOQS2V, 5683219]
[paragraph, [128.0, 479.0, 1011.0, 36.0], shoonya_3sFL6584JOQS2V, 5683219]
[paragraph, [128.0, 515.0, 1011.0, 36.0], shoonya_3sFL6584JOQS2V, 5683219]
[paragraph, [128.0, 551.0, 1011.0, 36.0], shoonya_3sFL6584JOQS2V, 5683219]
[paragraph, [123.0, 614.0, 1016.0, 36.0], DnOJKKPQl0, 5683219]
[paragraph, [123.0, 650.0, 1016.0, 36.0], DnOJKKPQl0, 5683219]
[paragraph, [123.0, 686.0, 1016.0, 36.0], DnOJKKPQl0, 5683219]
[paragraph, [123.0, 722.0, 1016.0, 36.0], DnOJKKPQl0, 5683219]
[paragraph, [120.0, 774.0, 1023.0, 36.0], gwnOkRerxA, 5683219]
[paragraph, [120.0, 810.0, 1023.0, 36.0], gwnOkRerxA, 5683219]
[paragraph, [120.0, 846.0, 1023.0, 36.0], gwnOkRerxA, 5683219]
[paragraph, [120.0, 882.0, 1023.0, 36.0], gwnOkRerxA, 5683219]
[paragraph, [120.0, 918.0, 1023.0, 36.0], gwnOkRerxA, 5683219]
[paragraph, [120.0, 954.0, 1023.0, 36.0], gwnOkRerxA, 5683219]
[paragraph, [120.0, 990.0, 1023.0, 36.0], gwnOkRerxA, 5683219]
[paragraph, [119.0, 1036.0, 1027.0, 36.0], u_emsb691-, 5683219]
[paragraph, [119.0, 1072.0, 1027.0, 36.0], u_emsb691-, 5683219]
[paragraph, [119.0, 1108.0, 1027.0, 36.0], u_emsb691-, 5683219]
[paragraph, [119.0, 1144.0, 1027.0, 36.0], u_emsb691-, 5683219]
[paragraph, [119.0, 1180.0, 1027.0, 36.0], u_emsb691-, 5683219]
[paragraph, [119.0, 1216.0, 1027.0, 36.0], u_emsb691-, 5683219]
[paragraph, [119.0, 1252.0, 1027.0, 36.0], u_emsb691-, 5683219]
[paragraph, [119.0, 1288.0, 1027.0, 36.0], u_emsb691-, 5683219]
[paragraph, [119.0, 1324.0, 1027.0, 36.0], u_emsb691-, 5683219]
[paragraph, [119.0, 1360.0, 1027.0, 36.0], u_emsb691-, 5683219]
[paragraph, [119.0, 1396.0, 1027.0, 36.0], u_emsb691-, 5683219]
[paragraph, [119.0, 1432.0, 1027.0, 36.0], u_emsb691-, 5683219]
[paragraph, [119.0, 1468.0, 1027.0, 36.0], u_emsb691-, 5683219]
[paragraph, [119.0, 1504.0, 1027.0, 36.0], u_emsb691-, 5683219]
[paragraph, [119.0, 1540.0, 1027.0, 36.0], u_emsb691-, 5683219]
[paragraph, [119.0, 1576.0, 1027.0, 36.0], u_emsb691-, 5683219]
[paragraph, [119.0, 1612.0, 1027.0, 36.0], u_emsb691-, 5683219]
[paragraph, [119.0, 1648.0, 1027.0, 36.0], u_emsb691-, 5683219]
[paragraph, [119.0, 1684.0, 1027.0, 36.0], u_emsb691-, 5683219]
[paragraph, [119.0, 1720.0, 1027.0, 36.0], u_emsb691-, 5683219]
[paragraph, [115.0, 1763.0, 1027.0, 36.0], B6eeuj092A, 5683219]
[paragraph, [115.0, 1799.0, 1027.0, 36.0], B6eeuj092A, 5683219]
