[1951, 1219]
[folio, [213.0, 126.0, 212.0, 36.0], _ZDn8P3Y6U, 5681913]
[paragraph, [120.0, 217.0, 966.0, 36.0], 7Ng-pNFMEX, 5681913]
[paragraph, [120.0, 253.0, 966.0, 36.0], 7Ng-pNFMEX, 5681913]
[paragraph, [120.0, 289.0, 966.0, 36.0], 7Ng-pNFMEX, 5681913]
[paragraph, [121.0, 339.0, 967.0, 36.0], Ka9CEZRWd9, 5681913]
[paragraph, [121.0, 375.0, 967.0, 36.0], Ka9CEZRWd9, 5681913]
[paragraph, [124.0, 454.0, 967.0, 36.0], ckjm3q1GdS, 5681913]
[paragraph, [124.0, 490.0, 967.0, 36.0], ckjm3q1GdS, 5681913]
[paragraph, [124.0, 526.0, 967.0, 36.0], ckjm3q1GdS, 5681913]
[paragraph, [124.0, 562.0, 967.0, 36.0], ckjm3q1GdS, 5681913]
[paragraph, [124.0, 598.0, 967.0, 36.0], ckjm3q1GdS, 5681913]
[paragraph, [124.0, 634.0, 967.0, 36.0], ckjm3q1GdS, 5681913]
[paragraph, [126.0, 679.0, 967.0, 36.0], YiA9FpGirV, 5681913]
[paragraph, [126.0, 715.0, 967.0, 36.0], YiA9FpGirV, 5681913]
[paragraph, [126.0, 751.0, 967.0, 36.0], YiA9FpGirV, 5681913]
[paragraph, [126.0, 787.0, 967.0, 36.0], YiA9FpGirV, 5681913]
[paragraph, [129.0, 853.0, 970.0, 36.0], S7BfTSQUcX, 5681913]
[paragraph, [129.0, 889.0, 970.0, 36.0], S7BfTSQUcX, 5681913]
[paragraph, [129.0, 925.0, 970.0, 36.0], S7BfTSQUcX, 5681913]
[paragraph, [129.0, 961.0, 970.0, 36.0], S7BfTSQUcX, 5681913]
[paragraph, [129.0, 997.0, 970.0, 36.0], S7BfTSQUcX, 5681913]
[paragraph, [129.0, 1033.0, 970.0, 36.0], S7BfTSQUcX, 5681913]
[paragraph, [129.0, 1069.0, 970.0, 36.0], S7BfTSQUcX, 5681913]
[paragraph, [131.0, 1137.0, 970.0, 36.0], 3Of_Ia_hz6, 5681913]
[paragraph, [131.0, 1173.0, 970.0, 36.0], 3Of_Ia_hz6, 5681913]
[paragraph, [131.0, 1209.0, 970.0, 36.0], 3Of_Ia_hz6, 5681913]
[paragraph, [131.0, 1245.0, 970.0, 36.0], 3Of_Ia_hz6, 5681913]
[paragraph, [131.0, 1281.0, 970.0, 36.0], 3Of_Ia_hz6, 5681913]
[paragraph, [131.0, 1317.0, 970.0, 36.0], 3Of_Ia_hz6, 5681913]
[paragraph, [131.0, 1353.0, 970.0, 36.0], 3Of_Ia_hz6, 5681913]
[paragraph, [131.0, 1389.0, 970.0, 36.0], 3Of_Ia_hz6, 5681913]
[paragraph, [131.0, 1425.0, 970.0, 36.0], 3Of_Ia_hz6, 5681913]
[paragraph, [131.0, 1461.0, 970.0, 36.0], 3Of_Ia_hz6, 5681913]
[paragraph, [131.0, 1497.0, 970.0, 36.0], 3Of_Ia_hz6, 5681913]
[paragraph, [131.0, 1533.0, 970.0, 36.0], 3Of_Ia_hz6, 5681913]
[paragraph, [131.0, 1569.0, 970.0, 36.0], 3Of_Ia_hz6, 5681913]
[paragraph, [131.0, 1605.0, 970.0, 36.0], 3Of_Ia_hz6, 5681913]
[paragraph, [131.0, 1641.0, 970.0, 36.0], 3Of_Ia_hz6, 5681913]
[paragraph, [131.0, 1677.0, 970.0, 36.0], 3Of_Ia_hz6, 5681913]
[paragraph, [131.0, 1713.0, 970.0, 36.0], 3Of_Ia_hz6, 5681913]
[paragraph, [220.0, 1766.0, 880.0, 36.0], RYJ86Dblkj, 5681913]
