[1951, 1219]
[folio, [236.0, 120.0, 202.0, 36.0], 8b8ApuP6D7, 5682896]
[paragraph, [120.0, 216.0, 972.0, 36.0], saq_PhZUFr, 5682896]
[paragraph, [207.0, 274.0, 120.0, 36.0], d851W3xULz, 5682896]
[paragraph, [205.0, 330.0, 257.0, 36.0], aavHFGPUgX, 5682896]
[paragraph, [202.0, 390.0, 649.0, 36.0], V9KClbZlWn, 5682896]
[paragraph, [198.0, 445.0, 217.0, 36.0], Zeh7r1-y_X, 5682896]
[paragraph, [199.0, 504.0, 383.0, 36.0], 9HNidVmTgK, 5682896]
[paragraph, [129.0, 562.0, 959.0, 36.0], iuLFb91Pwv, 5682896]
[paragraph, [129.0, 598.0, 959.0, 36.0], iuLFb91Pwv, 5682896]
[paragraph, [129.0, 634.0, 959.0, 36.0], iuLFb91Pwv, 5682896]
[paragraph, [131.0, 678.0, 958.0, 36.0], E3_Gpmfx8N, 5682896]
[paragraph, [131.0, 714.0, 958.0, 36.0], E3_Gpmfx8N, 5682896]
[paragraph, [131.0, 750.0, 958.0, 36.0], E3_Gpmfx8N, 5682896]
[paragraph, [205.0, 791.0, 435.0, 36.0], ad9DI3Ja2h, 5682896]
[paragraph, [129.0, 848.0, 958.0, 36.0], 7d04fSepY3, 5682896]
[paragraph, [129.0, 884.0, 958.0, 36.0], 7d04fSepY3, 5682896]
[paragraph, [129.0, 920.0, 958.0, 36.0], 7d04fSepY3, 5682896]
[paragraph, [129.0, 956.0, 958.0, 36.0], 7d04fSepY3, 5682896]
[paragraph, [129.0, 992.0, 958.0, 36.0], 7d04fSepY3, 5682896]
[paragraph, [129.0, 1028.0, 958.0, 36.0], 7d04fSepY3, 5682896]
[paragraph, [129.0, 1064.0, 958.0, 36.0], 7d04fSepY3, 5682896]
[paragraph, [129.0, 1100.0, 958.0, 36.0], 7d04fSepY3, 5682896]
[paragraph, [129.0, 1136.0, 958.0, 36.0], 7d04fSepY3, 5682896]
[paragraph, [129.0, 1199.0, 958.0, 36.0], EZrBXdP64b, 5682896]
[paragraph, [129.0, 1235.0, 958.0, 36.0], EZrBXdP64b, 5682896]
[paragraph, [129.0, 1271.0, 958.0, 36.0], EZrBXdP64b, 5682896]
[paragraph, [129.0, 1307.0, 958.0, 36.0], EZrBXdP64b, 5682896]
[paragraph, [129.0, 1343.0, 958.0, 36.0], EZrBXdP64b, 5682896]
[paragraph, [129.0, 1379.0, 958.0, 36.0], EZrBXdP64b, 5682896]
[paragraph, [196.0, 1435.0, 856.0, 36.0], kuSRbVKzCX, 5682896]
[paragraph, [198.0, 1492.0, 143.0, 36.0], i98JnK1iJw, 5682896]
[paragraph, [204.0, 1551.0, 233.0, 36.0], S7jFRv-o6a, 5682896]
[paragraph, [202.0, 1612.0, 220.0, 36.0], ea1-bqCi4m, 5682896]
[paragraph, [203.0, 1663.0, 886.0, 36.0], shoonya_1s57BHZH44MZZC, 5682896]
[paragraph, [210.0, 1726.0, 332.0, 36.0], shoonya_2sPUIVPTRDVUDI, 5682896]
[paragraph, [207.0, 1777.0, 210.0, 36.0], wB7V9ipSI-, 5682896]
