[1951, 1219]
[folio, [217.0, 118.0, 210.0, 36.0], Mdh3joBkC6, 5682203]
[paragraph, [131.0, 208.0, 964.0, 36.0], le2n3944yw, 5682203]
[paragraph, [131.0, 244.0, 964.0, 36.0], le2n3944yw, 5682203]
[paragraph, [131.0, 280.0, 964.0, 36.0], le2n3944yw, 5682203]
[paragraph, [131.0, 316.0, 964.0, 36.0], le2n3944yw, 5682203]
[paragraph, [131.0, 352.0, 964.0, 36.0], le2n3944yw, 5682203]
[paragraph, [131.0, 388.0, 964.0, 36.0], le2n3944yw, 5682203]
[paragraph, [131.0, 424.0, 964.0, 36.0], le2n3944yw, 5682203]
[paragraph, [129.0, 502.0, 966.0, 36.0], W4yG6_gLc3, 5682203]
[paragraph, [129.0, 538.0, 966.0, 36.0], W4yG6_gLc3, 5682203]
[paragraph, [129.0, 574.0, 966.0, 36.0], W4yG6_gLc3, 5682203]
[paragraph, [129.0, 610.0, 966.0, 36.0], W4yG6_gLc3, 5682203]
[paragraph, [126.0, 676.0, 969.0, 36.0], Ndn1cWB80j, 5682203]
[paragraph, [126.0, 712.0, 969.0, 36.0], Ndn1cWB80j, 5682203]
[paragraph, [126.0, 748.0, 969.0, 36.0], Ndn1cWB80j, 5682203]
[paragraph, [126.0, 784.0, 969.0, 36.0], Ndn1cWB80j, 5682203]
[paragraph, [127.0, 852.0, 972.0, 36.0], 6kArYgigFr, 5682203]
[paragraph, [127.0, 888.0, 972.0, 36.0], 6kArYgigFr, 5682203]
[paragraph, [127.0, 924.0, 972.0, 36.0], 6kArYgigFr, 5682203]
[paragraph, [127.0, 960.0, 972.0, 36.0], 6kArYgigFr, 5682203]
[paragraph, [127.0, 996.0, 972.0, 36.0], 6kArYgigFr, 5682203]
[paragraph, [127.0, 1032.0, 972.0, 36.0], 6kArYgigFr, 5682203]
[paragraph, [127.0, 1068.0, 972.0, 36.0], 6kArYgigFr, 5682203]
[paragraph, [127.0, 1104.0, 972.0, 36.0], 6kArYgigFr, 5682203]
[paragraph, [127.0, 1140.0, 972.0, 36.0], 6kArYgigFr, 5682203]
[paragraph, [127.0, 1176.0, 972.0, 36.0], 6kArYgigFr, 5682203]
[paragraph, [127.0, 1212.0, 972.0, 36.0], 6kArYgigFr, 5682203]
[paragraph, [127.0, 1248.0, 972.0, 36.0], 6kArYgigFr, 5682203]
[paragraph, [127.0, 1284.0, 972.0, 36.0], 6kArYgigFr, 5682203]
[paragraph, [127.0, 1320.0, 972.0, 36.0], 6kArYgigFr, 5682203]
[paragraph, [127.0, 1356.0, 972.0, 36.0], 6kArYgigFr, 5682203]
[paragraph, [124.0, 1437.0, 969.0, 36.0], dY383aY08_, 5682203]
[paragraph, [124.0, 1473.0, 969.0, 36.0], dY383aY08_, 5682203]
[paragraph, [124.0, 1509.0, 969.0, 36.0], dY383aY08_, 5682203]
[paragraph, [124.0, 1545.0, 969.0, 36.0], dY383aY08_, 5682203]
[paragraph, [124.0, 1581.0, 969.0, 36.0], dY383aY08_, 5682203]
[paragraph, [124.0, 1617.0, 969.0, 36.0], dY383aY08_, 5682203]
[paragraph, [124.0, 1653.0, 969.0, 36.0], dY383aY08_, 5682203]
[paragraph, [124.0, 1689.0, 969.0, 36.0], dY383aY08_, 5682203]
[paragraph, [124.0, 1725.0, 969.0, 36.0], dY383aY08_, 5682203]
[paragraph, [124.0, 1761.0, 969.0, 36.0], dY383aY08_, 5682203]
[paragraph, [124.0, 1797.0, 969.0, 36.0], dY383aY08_, 5682203]
