[1951, 1219]
[folio, [199.0, 135.0, 195.0, 36.0], xqagFvIydy, 5683047]
[paragraph, [121.0, 217.0, 949.0, 36.0], ehNYv0-LBc, 5683047]
[paragraph, [121.0, 253.0, 949.0, 36.0], ehNYv0-LBc, 5683047]
[paragraph, [121.0, 289.0, 949.0, 36.0], ehNYv0-LBc, 5683047]
[paragraph, [124.0, 345.0, 947.0, 36.0], DKkCKzMo9R, 5683047]
[paragraph, [124.0, 381.0, 947.0, 36.0], DKkCKzMo9R, 5683047]
[paragraph, [124.0, 417.0, 947.0, 36.0], DKkCKzMo9R, 5683047]
[paragraph, [126.0, 467.0, 950.0, 36.0], tROka4bIUi, 5683047]
[paragraph, [126.0, 503.0, 950.0, 36.0], tROka4bIUi, 5683047]
[paragraph, [126.0, 539.0, 950.0, 36.0], tROka4bIUi, 5683047]
[paragraph, [126.0, 575.0, 950.0, 36.0], tROka4bIUi, 5683047]
[paragraph, [127.0, 644.0, 949.0, 36.0], UisDZu1T5u, 5683047]
[paragraph, [127.0, 680.0, 949.0, 36.0], UisDZu1T5u, 5683047]
[paragraph, [127.0, 716.0, 949.0, 36.0], UisDZu1T5u, 5683047]
[paragraph, [132.0, 763.0, 950.0, 36.0], 1Je9m3L37n, 5683047]
[paragraph, [132.0, 799.0, 950.0, 36.0], 1Je9m3L37n, 5683047]
[paragraph, [132.0, 835.0, 950.0, 36.0], 1Je9m3L37n, 5683047]
[paragraph, [132.0, 871.0, 950.0, 36.0], 1Je9m3L37n, 5683047]
[paragraph, [132.0, 907.0, 950.0, 36.0], 1Je9m3L37n, 5683047]
