[1951, 1219]
[folio, [818.0, 121.0, 206.0, 36.0], shoonya_0s6JL7KSP6JT76, 5682172]
[paragraph, [123.0, 210.0, 967.0, 36.0], vLwKp2v217, 5682172]
[paragraph, [123.0, 246.0, 967.0, 36.0], vLwKp2v217, 5682172]
[paragraph, [123.0, 282.0, 967.0, 36.0], vLwKp2v217, 5682172]
[paragraph, [123.0, 318.0, 967.0, 36.0], vLwKp2v217, 5682172]
[paragraph, [123.0, 354.0, 967.0, 36.0], vLwKp2v217, 5682172]
[paragraph, [123.0, 390.0, 967.0, 36.0], vLwKp2v217, 5682172]
[paragraph, [123.0, 426.0, 967.0, 36.0], vLwKp2v217, 5682172]
[paragraph, [123.0, 462.0, 967.0, 36.0], vLwKp2v217, 5682172]
[paragraph, [123.0, 498.0, 967.0, 36.0], vLwKp2v217, 5682172]
[paragraph, [123.0, 534.0, 967.0, 36.0], vLwKp2v217, 5682172]
[paragraph, [123.0, 570.0, 967.0, 36.0], vLwKp2v217, 5682172]
[paragraph, [123.0, 606.0, 967.0, 36.0], vLwKp2v217, 5682172]
[paragraph, [123.0, 642.0, 967.0, 36.0], vLwKp2v217, 5682172]
[paragraph, [123.0, 678.0, 967.0, 36.0], vLwKp2v217, 5682172]
[paragraph, [123.0, 739.0, 967.0, 36.0], lLIXJP8s3f, 5682172]
[paragraph, [123.0, 775.0, 967.0, 36.0], lLIXJP8s3f, 5682172]
[paragraph, [123.0, 811.0, 967.0, 36.0], lLIXJP8s3f, 5682172]
[paragraph, [123.0, 847.0, 967.0, 36.0], lLIXJP8s3f, 5682172]
[paragraph, [123.0, 883.0, 967.0, 36.0], lLIXJP8s3f, 5682172]
[paragraph, [123.0, 919.0, 967.0, 36.0], lLIXJP8s3f, 5682172]
[paragraph, [123.0, 955.0, 967.0, 36.0], lLIXJP8s3f, 5682172]
[paragraph, [123.0, 991.0, 967.0, 36.0], lLIXJP8s3f, 5682172]
[paragraph, [123.0, 1027.0, 967.0, 36.0], lLIXJP8s3f, 5682172]
[paragraph, [129.0, 1088.0, 961.0, 36.0], ExCPgdBaC8, 5682172]
[paragraph, [129.0, 1124.0, 961.0, 36.0], ExCPgdBaC8, 5682172]
[paragraph, [129.0, 1160.0, 961.0, 36.0], ExCPgdBaC8, 5682172]
[paragraph, [129.0, 1196.0, 961.0, 36.0], ExCPgdBaC8, 5682172]
[paragraph, [134.0, 1257.0, 961.0, 36.0], 8IakzIzyfI, 5682172]
[paragraph, [134.0, 1293.0, 961.0, 36.0], 8IakzIzyfI, 5682172]
[paragraph, [134.0, 1329.0, 961.0, 36.0], 8IakzIzyfI, 5682172]
[paragraph, [134.0, 1365.0, 961.0, 36.0], 8IakzIzyfI, 5682172]
[paragraph, [134.0, 1401.0, 961.0, 36.0], 8IakzIzyfI, 5682172]
[paragraph, [134.0, 1437.0, 961.0, 36.0], 8IakzIzyfI, 5682172]
[paragraph, [134.0, 1473.0, 961.0, 36.0], 8IakzIzyfI, 5682172]
[paragraph, [134.0, 1509.0, 961.0, 36.0], 8IakzIzyfI, 5682172]
[paragraph, [134.0, 1545.0, 961.0, 36.0], 8IakzIzyfI, 5682172]
[paragraph, [134.0, 1581.0, 961.0, 36.0], 8IakzIzyfI, 5682172]
[paragraph, [134.0, 1617.0, 961.0, 36.0], 8IakzIzyfI, 5682172]
[paragraph, [135.0, 1662.0, 959.0, 36.0], xBf2b3pnXW, 5682172]
[paragraph, [135.0, 1698.0, 959.0, 36.0], xBf2b3pnXW, 5682172]
[paragraph, [135.0, 1734.0, 959.0, 36.0], xBf2b3pnXW, 5682172]
[paragraph, [135.0, 1770.0, 959.0, 36.0], xBf2b3pnXW, 5682172]
