[2806, 1983]
[paragraph, [218.0, 230.0, 1549.0, 46.5], 3eURPsFh3g, 5682816]
[paragraph, [218.0, 276.5, 1549.0, 46.5], 3eURPsFh3g, 5682816]
[paragraph, [218.0, 323.0, 1549.0, 46.5], 3eURPsFh3g, 5682816]
[paragraph, [218.0, 369.5, 1549.0, 46.5], 3eURPsFh3g, 5682816]
[paragraph, [218.0, 416.0, 1549.0, 46.5], 3eURPsFh3g, 5682816]
[paragraph, [218.0, 462.5, 1549.0, 46.5], 3eURPsFh3g, 5682816]
[paragraph, [218.0, 509.0, 1549.0, 46.5], 3eURPsFh3g, 5682816]
[paragraph, [218.0, 555.5, 1549.0, 46.5], 3eURPsFh3g, 5682816]
[paragraph, [218.0, 602.0, 1549.0, 46.5], 3eURPsFh3g, 5682816]
