[1951, 1219]
[folio, [259.0, 125.0, 198.0, 36.0], shoonya_2sMMND30KWR3U9, 5682409]
[paragraph, [143.0, 221.0, 671.0, 36.0], _tNP8FNoqF, 5682409]
[paragraph, [144.0, 282.0, 932.0, 36.0], nlqwdIVoxO, 5682409]
[paragraph, [144.0, 318.0, 932.0, 36.0], nlqwdIVoxO, 5682409]
[paragraph, [144.0, 354.0, 932.0, 36.0], nlqwdIVoxO, 5682409]
[paragraph, [144.0, 390.0, 932.0, 36.0], nlqwdIVoxO, 5682409]
[paragraph, [144.0, 426.0, 932.0, 36.0], nlqwdIVoxO, 5682409]
[paragraph, [144.0, 462.0, 932.0, 36.0], nlqwdIVoxO, 5682409]
[paragraph, [144.0, 498.0, 932.0, 36.0], nlqwdIVoxO, 5682409]
[paragraph, [146.0, 569.0, 935.0, 36.0], Dv3NOg-3Hx, 5682409]
[paragraph, [146.0, 605.0, 935.0, 36.0], Dv3NOg-3Hx, 5682409]
[paragraph, [146.0, 641.0, 935.0, 36.0], Dv3NOg-3Hx, 5682409]
[paragraph, [146.0, 677.0, 935.0, 36.0], Dv3NOg-3Hx, 5682409]
[paragraph, [146.0, 713.0, 935.0, 36.0], Dv3NOg-3Hx, 5682409]
[paragraph, [146.0, 749.0, 935.0, 36.0], Dv3NOg-3Hx, 5682409]
[paragraph, [146.0, 785.0, 935.0, 36.0], Dv3NOg-3Hx, 5682409]
[paragraph, [144.0, 862.0, 938.0, 36.0], 3MaTs0S7L4, 5682409]
[paragraph, [144.0, 898.0, 938.0, 36.0], 3MaTs0S7L4, 5682409]
[paragraph, [144.0, 934.0, 938.0, 36.0], 3MaTs0S7L4, 5682409]
[paragraph, [144.0, 970.0, 938.0, 36.0], 3MaTs0S7L4, 5682409]
[paragraph, [223.0, 1037.0, 149.0, 36.0], VWkZsUywIS, 5682409]
[paragraph, [147.0, 1091.0, 941.0, 36.0], 0AEQ95cXs7, 5682409]
[paragraph, [147.0, 1127.0, 941.0, 36.0], 0AEQ95cXs7, 5682409]
[paragraph, [147.0, 1163.0, 941.0, 36.0], 0AEQ95cXs7, 5682409]
[paragraph, [147.0, 1199.0, 941.0, 36.0], 0AEQ95cXs7, 5682409]
[paragraph, [147.0, 1235.0, 941.0, 36.0], 0AEQ95cXs7, 5682409]
[paragraph, [147.0, 1271.0, 941.0, 36.0], 0AEQ95cXs7, 5682409]
[paragraph, [149.0, 1318.0, 941.0, 36.0], Z8IuDJ2kuK, 5682409]
[paragraph, [149.0, 1354.0, 941.0, 36.0], Z8IuDJ2kuK, 5682409]
[paragraph, [149.0, 1390.0, 941.0, 36.0], Z8IuDJ2kuK, 5682409]
