[2806, 1983]
[paragraph, [210.0, 228.0, 1559.0, 46.5], 94dao4oPE5, 5683198]
[paragraph, [210.0, 274.5, 1559.0, 46.5], 94dao4oPE5, 5683198]
[paragraph, [210.0, 321.0, 1559.0, 46.5], 94dao4oPE5, 5683198]
[paragraph, [210.0, 367.5, 1559.0, 46.5], 94dao4oPE5, 5683198]
[paragraph, [210.0, 414.0, 1559.0, 46.5], 94dao4oPE5, 5683198]
[paragraph, [218.0, 622.0, 1546.0, 46.5], AOpX5aTBJu, 5683198]
[paragraph, [218.0, 668.5, 1546.0, 46.5], AOpX5aTBJu, 5683198]
[paragraph, [218.0, 715.0, 1546.0, 46.5], AOpX5aTBJu, 5683198]
[paragraph, [218.0, 902.0, 1546.0, 46.5], aAlT-YAqRZ, 5683198]
[paragraph, [218.0, 948.5, 1546.0, 46.5], aAlT-YAqRZ, 5683198]
[paragraph, [218.0, 995.0, 1546.0, 46.5], aAlT-YAqRZ, 5683198]
[paragraph, [215.0, 1110.0, 545.0, 46.5], sviNE1wAhZ, 5683198]
[paragraph, [210.0, 1222.0, 1549.0, 46.5], R0H7BY5cb0, 5683198]
[paragraph, [210.0, 1268.5, 1549.0, 46.5], R0H7BY5cb0, 5683198]
[paragraph, [210.0, 1315.0, 1549.0, 46.5], R0H7BY5cb0, 5683198]
[paragraph, [205.0, 1417.0, 684.0, 46.5], 5j--MaotEr, 5683198]
[paragraph, [218.0, 1524.0, 1539.0, 46.5], 2LHmN9hoNa, 5683198]
[paragraph, [218.0, 1570.5, 1539.0, 46.5], 2LHmN9hoNa, 5683198]
[paragraph, [218.0, 1617.0, 1539.0, 46.5], 2LHmN9hoNa, 5683198]
[paragraph, [220.0, 1722.0, 914.0, 46.5], y0l7PMdqA4, 5683198]
[paragraph, [220.0, 1844.0, 1541.0, 46.5], vBpsy9udQq, 5683198]
[paragraph, [220.0, 1890.5, 1541.0, 46.5], vBpsy9udQq, 5683198]
[paragraph, [220.0, 1937.0, 1541.0, 46.5], vBpsy9udQq, 5683198]
[paragraph, [213.0, 2030.0, 456.0, 46.5], gbSaa5gqVl, 5683198]
[paragraph, [213.0, 2076.5, 456.0, 46.5], gbSaa5gqVl, 5683198]
[paragraph, [220.0, 2146.0, 1541.0, 46.5], Bnqc0itt8z, 5683198]
[paragraph, [220.0, 2192.5, 1541.0, 46.5], Bnqc0itt8z, 5683198]
[paragraph, [220.0, 2239.0, 1541.0, 46.5], Bnqc0itt8z, 5683198]
[paragraph, [220.0, 2285.5, 1541.0, 46.5], Bnqc0itt8z, 5683198]
[paragraph, [220.0, 2332.0, 1541.0, 46.5], Bnqc0itt8z, 5683198]
[paragraph, [220.0, 2378.5, 1541.0, 46.5], Bnqc0itt8z, 5683198]
[paragraph, [220.0, 2425.0, 1541.0, 46.5], Bnqc0itt8z, 5683198]
