[1951, 1219]
[folio, [773.0, 125.0, 198.0, 36.0], 743AGxOBca, 5682818]
[paragraph, [125.0, 205.0, 964.0, 36.0], shoonya_0sHNF7VJTR6SWS, 5682818]
[paragraph, [125.0, 241.0, 964.0, 36.0], shoonya_0sHNF7VJTR6SWS, 5682818]
[paragraph, [125.0, 277.0, 964.0, 36.0], shoonya_0sHNF7VJTR6SWS, 5682818]
[paragraph, [125.0, 313.0, 964.0, 36.0], shoonya_0sHNF7VJTR6SWS, 5682818]
[paragraph, [124.0, 382.0, 967.0, 36.0], W-O3N0O4nS, 5682818]
[paragraph, [124.0, 418.0, 967.0, 36.0], W-O3N0O4nS, 5682818]
[paragraph, [124.0, 454.0, 967.0, 36.0], W-O3N0O4nS, 5682818]
[paragraph, [124.0, 490.0, 967.0, 36.0], W-O3N0O4nS, 5682818]
[paragraph, [124.0, 526.0, 967.0, 36.0], W-O3N0O4nS, 5682818]
[paragraph, [124.0, 562.0, 967.0, 36.0], W-O3N0O4nS, 5682818]
[paragraph, [124.0, 598.0, 967.0, 36.0], W-O3N0O4nS, 5682818]
[paragraph, [124.0, 634.0, 967.0, 36.0], W-O3N0O4nS, 5682818]
[paragraph, [124.0, 670.0, 967.0, 36.0], W-O3N0O4nS, 5682818]
[paragraph, [124.0, 706.0, 967.0, 36.0], W-O3N0O4nS, 5682818]
[paragraph, [124.0, 742.0, 967.0, 36.0], W-O3N0O4nS, 5682818]
[paragraph, [124.0, 778.0, 967.0, 36.0], W-O3N0O4nS, 5682818]
[paragraph, [124.0, 814.0, 967.0, 36.0], W-O3N0O4nS, 5682818]
[paragraph, [124.0, 850.0, 967.0, 36.0], W-O3N0O4nS, 5682818]
[paragraph, [124.0, 886.0, 967.0, 36.0], W-O3N0O4nS, 5682818]
[paragraph, [124.0, 922.0, 967.0, 36.0], W-O3N0O4nS, 5682818]
[paragraph, [124.0, 958.0, 967.0, 36.0], W-O3N0O4nS, 5682818]
[paragraph, [124.0, 994.0, 967.0, 36.0], W-O3N0O4nS, 5682818]
[paragraph, [124.0, 1030.0, 967.0, 36.0], W-O3N0O4nS, 5682818]
[paragraph, [124.0, 1066.0, 967.0, 36.0], W-O3N0O4nS, 5682818]
[paragraph, [125.0, 1129.0, 967.0, 36.0], Tw1Bd9TeWH, 5682818]
[paragraph, [125.0, 1165.0, 967.0, 36.0], Tw1Bd9TeWH, 5682818]
[paragraph, [125.0, 1201.0, 967.0, 36.0], Tw1Bd9TeWH, 5682818]
[paragraph, [125.0, 1237.0, 967.0, 36.0], Tw1Bd9TeWH, 5682818]
[paragraph, [125.0, 1273.0, 967.0, 36.0], Tw1Bd9TeWH, 5682818]
[paragraph, [125.0, 1309.0, 967.0, 36.0], Tw1Bd9TeWH, 5682818]
[paragraph, [128.0, 1364.0, 967.0, 36.0], iKmpBWitR6, 5682818]
[paragraph, [128.0, 1400.0, 967.0, 36.0], iKmpBWitR6, 5682818]
[paragraph, [128.0, 1436.0, 967.0, 36.0], iKmpBWitR6, 5682818]
[paragraph, [128.0, 1472.0, 967.0, 36.0], iKmpBWitR6, 5682818]
[paragraph, [128.0, 1508.0, 967.0, 36.0], iKmpBWitR6, 5682818]
[paragraph, [128.0, 1544.0, 967.0, 36.0], iKmpBWitR6, 5682818]
[paragraph, [128.0, 1580.0, 967.0, 36.0], iKmpBWitR6, 5682818]
[paragraph, [128.0, 1651.0, 968.0, 36.0], 1OjDS7dlg8, 5682818]
[paragraph, [128.0, 1687.0, 968.0, 36.0], 1OjDS7dlg8, 5682818]
[paragraph, [128.0, 1723.0, 968.0, 36.0], 1OjDS7dlg8, 5682818]
[paragraph, [128.0, 1759.0, 968.0, 36.0], 1OjDS7dlg8, 5682818]
[paragraph, [128.0, 1795.0, 968.0, 36.0], 1OjDS7dlg8, 5682818]
