[1818, 1374]
[folio, [616.0, 135.0, 123.0, 36.0], shoonya_0s1PPHJJZPVJI6, 5682474]
[paragraph, [105.0, 201.0, 564.0, 36.0], shoonya_3sPGQ8VOVOU8GG, 5682474]
[paragraph, [105.0, 237.0, 564.0, 36.0], shoonya_3sPGQ8VOVOU8GG, 5682474]
[paragraph, [105.0, 273.0, 564.0, 36.0], shoonya_3sPGQ8VOVOU8GG, 5682474]
[paragraph, [690.0, 206.0, 577.0, 36.0], Ie1Y5qg33Y, 5682474]
[paragraph, [690.0, 242.0, 577.0, 36.0], Ie1Y5qg33Y, 5682474]
[paragraph, [690.0, 278.0, 577.0, 36.0], Ie1Y5qg33Y, 5682474]
[paragraph, [690.0, 314.0, 577.0, 36.0], Ie1Y5qg33Y, 5682474]
[paragraph, [690.0, 350.0, 577.0, 36.0], Ie1Y5qg33Y, 5682474]
[paragraph, [690.0, 386.0, 577.0, 36.0], Ie1Y5qg33Y, 5682474]
[paragraph, [690.0, 422.0, 577.0, 36.0], Ie1Y5qg33Y, 5682474]
[paragraph, [690.0, 458.0, 577.0, 36.0], Ie1Y5qg33Y, 5682474]
[paragraph, [690.0, 494.0, 577.0, 36.0], Ie1Y5qg33Y, 5682474]
[paragraph, [690.0, 530.0, 577.0, 36.0], Ie1Y5qg33Y, 5682474]
[paragraph, [690.0, 566.0, 577.0, 36.0], Ie1Y5qg33Y, 5682474]
[paragraph, [690.0, 602.0, 577.0, 36.0], Ie1Y5qg33Y, 5682474]
[paragraph, [690.0, 638.0, 577.0, 36.0], Ie1Y5qg33Y, 5682474]
[paragraph, [690.0, 674.0, 577.0, 36.0], Ie1Y5qg33Y, 5682474]
[paragraph, [690.0, 710.0, 577.0, 36.0], Ie1Y5qg33Y, 5682474]
[paragraph, [690.0, 746.0, 577.0, 36.0], Ie1Y5qg33Y, 5682474]
[paragraph, [690.0, 782.0, 577.0, 36.0], Ie1Y5qg33Y, 5682474]
[paragraph, [690.0, 818.0, 577.0, 36.0], Ie1Y5qg33Y, 5682474]
[paragraph, [690.0, 854.0, 577.0, 36.0], Ie1Y5qg33Y, 5682474]
[paragraph, [690.0, 890.0, 577.0, 36.0], Ie1Y5qg33Y, 5682474]
[paragraph, [690.0, 926.0, 577.0, 36.0], Ie1Y5qg33Y, 5682474]
[paragraph, [690.0, 962.0, 577.0, 36.0], Ie1Y5qg33Y, 5682474]
[paragraph, [690.0, 998.0, 577.0, 36.0], Ie1Y5qg33Y, 5682474]
[paragraph, [690.0, 1034.0, 577.0, 36.0], Ie1Y5qg33Y, 5682474]
[paragraph, [690.0, 1070.0, 577.0, 36.0], Ie1Y5qg33Y, 5682474]
[paragraph, [690.0, 1106.0, 577.0, 36.0], Ie1Y5qg33Y, 5682474]
[paragraph, [690.0, 1142.0, 577.0, 36.0], Ie1Y5qg33Y, 5682474]
[paragraph, [690.0, 1178.0, 577.0, 36.0], Ie1Y5qg33Y, 5682474]
[paragraph, [690.0, 1214.0, 577.0, 36.0], Ie1Y5qg33Y, 5682474]
[paragraph, [690.0, 1250.0, 577.0, 36.0], Ie1Y5qg33Y, 5682474]
[paragraph, [690.0, 1286.0, 577.0, 36.0], Ie1Y5qg33Y, 5682474]
[paragraph, [690.0, 1322.0, 577.0, 36.0], Ie1Y5qg33Y, 5682474]
[paragraph, [690.0, 1358.0, 577.0, 36.0], Ie1Y5qg33Y, 5682474]
[paragraph, [690.0, 1394.0, 577.0, 36.0], Ie1Y5qg33Y, 5682474]
[paragraph, [690.0, 1430.0, 577.0, 36.0], Ie1Y5qg33Y, 5682474]
[paragraph, [690.0, 1466.0, 577.0, 36.0], Ie1Y5qg33Y, 5682474]
[paragraph, [690.0, 1502.0, 577.0, 36.0], Ie1Y5qg33Y, 5682474]
[paragraph, [690.0, 1538.0, 577.0, 36.0], Ie1Y5qg33Y, 5682474]
[paragraph, [690.0, 1574.0, 577.0, 36.0], Ie1Y5qg33Y, 5682474]
[paragraph, [690.0, 1610.0, 577.0, 36.0], Ie1Y5qg33Y, 5682474]
[paragraph, [690.0, 1646.0, 577.0, 36.0], Ie1Y5qg33Y, 5682474]
[paragraph, [690.0, 1682.0, 577.0, 36.0], Ie1Y5qg33Y, 5682474]
[paragraph, [101.0, 375.0, 563.0, 36.0], edif9lVrR_, 5682474]
[paragraph, [101.0, 411.0, 563.0, 36.0], edif9lVrR_, 5682474]
[paragraph, [103.0, 460.0, 566.0, 36.0], XYyW3WC4sS, 5682474]
[paragraph, [103.0, 496.0, 566.0, 36.0], XYyW3WC4sS, 5682474]
[paragraph, [103.0, 532.0, 566.0, 36.0], XYyW3WC4sS, 5682474]
[paragraph, [108.0, 583.0, 561.0, 36.0], 4j2WhgcYjR, 5682474]
[paragraph, [108.0, 619.0, 561.0, 36.0], 4j2WhgcYjR, 5682474]
[paragraph, [108.0, 655.0, 561.0, 36.0], 4j2WhgcYjR, 5682474]
[paragraph, [106.0, 710.0, 563.0, 36.0], NoL0vUe_2E, 5682474]
[paragraph, [106.0, 746.0, 563.0, 36.0], NoL0vUe_2E, 5682474]
[paragraph, [106.0, 782.0, 563.0, 36.0], NoL0vUe_2E, 5682474]
[paragraph, [106.0, 818.0, 563.0, 36.0], NoL0vUe_2E, 5682474]
[paragraph, [106.0, 854.0, 563.0, 36.0], NoL0vUe_2E, 5682474]
[paragraph, [106.0, 1078.0, 568.0, 36.0], YdY5VtQLOZ, 5682474]
[paragraph, [106.0, 1114.0, 568.0, 36.0], YdY5VtQLOZ, 5682474]
[paragraph, [106.0, 1150.0, 568.0, 36.0], YdY5VtQLOZ, 5682474]
[paragraph, [106.0, 1186.0, 568.0, 36.0], YdY5VtQLOZ, 5682474]
[paragraph, [106.0, 1222.0, 568.0, 36.0], YdY5VtQLOZ, 5682474]
[paragraph, [106.0, 1258.0, 568.0, 36.0], YdY5VtQLOZ, 5682474]
[paragraph, [106.0, 1294.0, 568.0, 36.0], YdY5VtQLOZ, 5682474]
[paragraph, [106.0, 1330.0, 568.0, 36.0], YdY5VtQLOZ, 5682474]
[paragraph, [106.0, 1366.0, 568.0, 36.0], YdY5VtQLOZ, 5682474]
[paragraph, [106.0, 1402.0, 568.0, 36.0], YdY5VtQLOZ, 5682474]
[paragraph, [106.0, 1438.0, 568.0, 36.0], YdY5VtQLOZ, 5682474]
[paragraph, [106.0, 1474.0, 568.0, 36.0], YdY5VtQLOZ, 5682474]
[paragraph, [106.0, 1510.0, 568.0, 36.0], YdY5VtQLOZ, 5682474]
[paragraph, [106.0, 1546.0, 568.0, 36.0], YdY5VtQLOZ, 5682474]
[paragraph, [106.0, 1582.0, 568.0, 36.0], YdY5VtQLOZ, 5682474]
[paragraph, [106.0, 1618.0, 568.0, 36.0], YdY5VtQLOZ, 5682474]
[paragraph, [106.0, 1654.0, 568.0, 36.0], YdY5VtQLOZ, 5682474]
