[1951, 1219]
[folio, [756.0, 154.0, 196.0, 36.0], shoonya_0s8K1G03QD3FHN, 5682871]
[paragraph, [120.0, 240.0, 905.0, 36.0], WJGupA0cBx, 5682871]
[paragraph, [118.0, 308.0, 932.0, 36.0], p48I6XLwlF, 5682871]
[paragraph, [118.0, 344.0, 932.0, 36.0], p48I6XLwlF, 5682871]
[paragraph, [118.0, 380.0, 932.0, 36.0], p48I6XLwlF, 5682871]
[paragraph, [120.0, 431.0, 774.0, 36.0], k_NHm-fzdA, 5682871]
[paragraph, [120.0, 467.0, 774.0, 36.0], k_NHm-fzdA, 5682871]
[paragraph, [205.0, 547.0, 853.0, 36.0], mKsR0d3VIX, 5682871]
[paragraph, [199.0, 608.0, 746.0, 36.0], -s5Pc1PXfp, 5682871]
[paragraph, [121.0, 669.0, 940.0, 36.0], 1EH4jIfga7, 5682871]
[paragraph, [121.0, 705.0, 940.0, 36.0], 1EH4jIfga7, 5682871]
[paragraph, [121.0, 741.0, 940.0, 36.0], 1EH4jIfga7, 5682871]
[paragraph, [121.0, 777.0, 940.0, 36.0], 1EH4jIfga7, 5682871]
[paragraph, [121.0, 813.0, 940.0, 36.0], 1EH4jIfga7, 5682871]
[paragraph, [121.0, 849.0, 940.0, 36.0], 1EH4jIfga7, 5682871]
[paragraph, [121.0, 885.0, 940.0, 36.0], 1EH4jIfga7, 5682871]
[paragraph, [121.0, 921.0, 940.0, 36.0], 1EH4jIfga7, 5682871]
