[792, 612]
[paragraph, [101.0, 149.0, 407.0, 18.0], apH6E7tsoo, 6492995]
[paragraph, [101.0, 167.0, 407.0, 18.0], apH6E7tsoo, 6492995]
[paragraph, [101.0, 185.0, 407.0, 18.0], apH6E7tsoo, 6492995]
[paragraph, [101.0, 203.0, 407.0, 18.0], apH6E7tsoo, 6492995]
[paragraph, [101.0, 221.0, 407.0, 18.0], apH6E7tsoo, 6492995]
[paragraph, [101.0, 239.0, 407.0, 18.0], apH6E7tsoo, 6492995]
[paragraph, [103.0, 274.0, 403.0, 18.0], xoE9PbAD39, 6492995]
[paragraph, [103.0, 292.0, 403.0, 18.0], xoE9PbAD39, 6492995]
[paragraph, [103.0, 310.0, 403.0, 18.0], xoE9PbAD39, 6492995]
[paragraph, [103.0, 328.0, 403.0, 18.0], xoE9PbAD39, 6492995]
[paragraph, [103.0, 346.0, 403.0, 18.0], xoE9PbAD39, 6492995]
[paragraph, [103.0, 364.0, 403.0, 18.0], xoE9PbAD39, 6492995]
[paragraph, [103.0, 382.0, 403.0, 18.0], xoE9PbAD39, 6492995]
[paragraph, [103.0, 400.0, 403.0, 18.0], xoE9PbAD39, 6492995]
[paragraph, [103.0, 418.0, 403.0, 18.0], xoE9PbAD39, 6492995]
[paragraph, [103.0, 436.0, 403.0, 18.0], xoE9PbAD39, 6492995]
[paragraph, [103.0, 454.0, 403.0, 18.0], xoE9PbAD39, 6492995]
[paragraph, [103.0, 472.0, 403.0, 18.0], xoE9PbAD39, 6492995]
[paragraph, [103.0, 490.0, 403.0, 18.0], xoE9PbAD39, 6492995]
[paragraph, [103.0, 508.0, 403.0, 18.0], xoE9PbAD39, 6492995]
[paragraph, [103.0, 537.0, 406.0, 18.0], 994CQyMLcq, 6492995]
[paragraph, [103.0, 555.0, 406.0, 18.0], 994CQyMLcq, 6492995]
[paragraph, [103.0, 573.0, 406.0, 18.0], 994CQyMLcq, 6492995]
[paragraph, [103.0, 591.0, 406.0, 18.0], 994CQyMLcq, 6492995]
[paragraph, [103.0, 609.0, 406.0, 18.0], 994CQyMLcq, 6492995]
[paragraph, [99.0, 633.0, 417.0, 18.0], FV7q5hRIYE, 6492995]
[paragraph, [99.0, 651.0, 417.0, 18.0], FV7q5hRIYE, 6492995]
[paragraph, [99.0, 669.0, 417.0, 18.0], FV7q5hRIYE, 6492995]
[paragraph, [94.0, 705.0, 419.0, 18.0], jFjaJYZ7eP, 6492995]
[paragraph, [94.0, 723.0, 419.0, 18.0], jFjaJYZ7eP, 6492995]
