[588, 379]
[folio, [165.0, 34.0, 157.0, 18.0], VHz-N49yNt, 6493045]
[paragraph, [26.0, 65.0, 314.0, 18.0], 5o2-dyWD02, 6493045]
[paragraph, [26.0, 83.0, 314.0, 18.0], 5o2-dyWD02, 6493045]
[paragraph, [26.0, 101.0, 314.0, 18.0], 5o2-dyWD02, 6493045]
[paragraph, [26.0, 119.0, 314.0, 18.0], 5o2-dyWD02, 6493045]
[paragraph, [26.0, 137.0, 314.0, 18.0], 5o2-dyWD02, 6493045]
[paragraph, [26.0, 155.0, 314.0, 18.0], 5o2-dyWD02, 6493045]
[paragraph, [26.0, 173.0, 314.0, 18.0], 5o2-dyWD02, 6493045]
[paragraph, [26.0, 191.0, 314.0, 18.0], 5o2-dyWD02, 6493045]
[paragraph, [26.0, 209.0, 314.0, 18.0], 5o2-dyWD02, 6493045]
[paragraph, [26.0, 227.0, 314.0, 18.0], 5o2-dyWD02, 6493045]
[paragraph, [26.0, 245.0, 314.0, 18.0], 5o2-dyWD02, 6493045]
[paragraph, [26.0, 263.0, 314.0, 18.0], 5o2-dyWD02, 6493045]
[paragraph, [26.0, 281.0, 314.0, 18.0], 5o2-dyWD02, 6493045]
[paragraph, [28.0, 303.0, 320.0, 18.0], RRz7xD2CeW, 6493045]
[paragraph, [28.0, 321.0, 320.0, 18.0], RRz7xD2CeW, 6493045]
[paragraph, [28.0, 339.0, 320.0, 18.0], RRz7xD2CeW, 6493045]
[paragraph, [28.0, 357.0, 320.0, 18.0], RRz7xD2CeW, 6493045]
[paragraph, [28.0, 375.0, 320.0, 18.0], RRz7xD2CeW, 6493045]
[paragraph, [28.0, 393.0, 320.0, 18.0], RRz7xD2CeW, 6493045]
[paragraph, [28.0, 411.0, 320.0, 18.0], RRz7xD2CeW, 6493045]
[paragraph, [28.0, 429.0, 320.0, 18.0], RRz7xD2CeW, 6493045]
[paragraph, [28.0, 447.0, 320.0, 18.0], RRz7xD2CeW, 6493045]
[paragraph, [28.0, 465.0, 320.0, 18.0], RRz7xD2CeW, 6493045]
[paragraph, [28.0, 483.0, 320.0, 18.0], RRz7xD2CeW, 6493045]
[paragraph, [28.0, 501.0, 320.0, 18.0], RRz7xD2CeW, 6493045]
