[837, 542]
[headline, [139.0, 69.0, 247.0, 25.5], a7hKZvdvnC, 6492978]
[headline, [139.0, 94.5, 247.0, 25.5], a7hKZvdvnC, 6492978]
[sub-headline, [137.0, 144.0, 271.0, 25.5], I3jMFI0OGr, 6492978]
[sub-headline, [137.0, 169.5, 271.0, 25.5], I3jMFI0OGr, 6492978]
[sub-headline, [137.0, 195.0, 271.0, 25.5], I3jMFI0OGr, 6492978]
[folio, [214.0, 248.0, 131.0, 18.0], 04JZ90Ssri, 6492978]
[folio, [214.0, 266.0, 131.0, 18.0], 04JZ90Ssri, 6492978]
[author, [240.0, 739.0, 211.0, 18.0], 1UMdBvVjgi, 6492978]
[author, [240.0, 757.0, 211.0, 18.0], 1UMdBvVjgi, 6492978]
[author, [240.0, 775.0, 211.0, 18.0], 1UMdBvVjgi, 6492978]
[author, [240.0, 793.0, 211.0, 18.0], 1UMdBvVjgi, 6492978]
