[792, 612]
[paragraph, [116.0, 77.0, 405.0, 18.0], 35MlL0gpzm, 6492338]
[paragraph, [116.0, 95.0, 405.0, 18.0], 35MlL0gpzm, 6492338]
[paragraph, [116.0, 113.0, 405.0, 18.0], 35MlL0gpzm, 6492338]
[paragraph, [116.0, 131.0, 405.0, 18.0], 35MlL0gpzm, 6492338]
[paragraph, [116.0, 149.0, 405.0, 18.0], 35MlL0gpzm, 6492338]
[paragraph, [116.0, 167.0, 405.0, 18.0], 35MlL0gpzm, 6492338]
[paragraph, [116.0, 185.0, 405.0, 18.0], 35MlL0gpzm, 6492338]
[paragraph, [116.0, 203.0, 405.0, 18.0], 35MlL0gpzm, 6492338]
[paragraph, [119.0, 226.0, 399.0, 18.0], cnkAaew9u0, 6492338]
[paragraph, [119.0, 244.0, 399.0, 18.0], cnkAaew9u0, 6492338]
[paragraph, [112.0, 271.0, 408.0, 18.0], 3KK_pVyzPw, 6492338]
[paragraph, [112.0, 289.0, 408.0, 18.0], 3KK_pVyzPw, 6492338]
[paragraph, [112.0, 307.0, 408.0, 18.0], 3KK_pVyzPw, 6492338]
[paragraph, [112.0, 325.0, 408.0, 18.0], 3KK_pVyzPw, 6492338]
[paragraph, [112.0, 343.0, 408.0, 18.0], 3KK_pVyzPw, 6492338]
[paragraph, [112.0, 361.0, 408.0, 18.0], 3KK_pVyzPw, 6492338]
[paragraph, [112.0, 379.0, 408.0, 18.0], 3KK_pVyzPw, 6492338]
[paragraph, [112.0, 397.0, 408.0, 18.0], 3KK_pVyzPw, 6492338]
[paragraph, [112.0, 415.0, 408.0, 18.0], 3KK_pVyzPw, 6492338]
[paragraph, [112.0, 433.0, 408.0, 18.0], 3KK_pVyzPw, 6492338]
[paragraph, [112.0, 451.0, 408.0, 18.0], 3KK_pVyzPw, 6492338]
[paragraph, [108.0, 481.0, 407.0, 18.0], FgLMz0gA5c, 6492338]
[paragraph, [108.0, 499.0, 407.0, 18.0], FgLMz0gA5c, 6492338]
[paragraph, [108.0, 517.0, 407.0, 18.0], FgLMz0gA5c, 6492338]
[paragraph, [108.0, 535.0, 407.0, 18.0], FgLMz0gA5c, 6492338]
[paragraph, [108.0, 553.0, 407.0, 18.0], FgLMz0gA5c, 6492338]
[paragraph, [108.0, 571.0, 407.0, 18.0], FgLMz0gA5c, 6492338]
[paragraph, [116.0, 599.0, 399.0, 18.0], 5S6AyVEZ-u, 6492338]
[paragraph, [116.0, 617.0, 399.0, 18.0], 5S6AyVEZ-u, 6492338]
[paragraph, [116.0, 635.0, 399.0, 18.0], 5S6AyVEZ-u, 6492338]
[paragraph, [116.0, 653.0, 399.0, 18.0], 5S6AyVEZ-u, 6492338]
[paragraph, [116.0, 671.0, 399.0, 18.0], 5S6AyVEZ-u, 6492338]
[paragraph, [116.0, 689.0, 399.0, 18.0], 5S6AyVEZ-u, 6492338]
[paragraph, [116.0, 707.0, 399.0, 18.0], 5S6AyVEZ-u, 6492338]
[paragraph, [116.0, 725.0, 399.0, 18.0], 5S6AyVEZ-u, 6492338]
