[3509, 2482]
[folio, [884.0, 198.0, 449.0, 52.5], ZSqk3mVZHt, 5691807]
[folio, [884.0, 250.5, 449.0, 52.5], ZSqk3mVZHt, 5691807]
[paragraph, [298.0, 350.0, 834.0, 52.5], shoonya_0sAR1POCWCYRR6, 5691807]
[paragraph, [310.0, 428.0, 527.0, 52.5], _idHTlADIJ, 5691807]
[paragraph, [183.0, 515.0, 1833.0, 52.5], TYtQo89kTx, 5691807]
[paragraph, [183.0, 567.5, 1833.0, 52.5], TYtQo89kTx, 5691807]
[paragraph, [304.0, 673.0, 564.0, 52.5], jw8sGap4Ed, 5691807]
[paragraph, [269.0, 744.0, 1113.0, 52.5], bEXnZJsibQ, 5691807]
[paragraph, [269.0, 796.5, 1113.0, 52.5], bEXnZJsibQ, 5691807]
[paragraph, [269.0, 849.0, 1113.0, 52.5], bEXnZJsibQ, 5691807]
[paragraph, [269.0, 901.5, 1113.0, 52.5], bEXnZJsibQ, 5691807]
[paragraph, [269.0, 954.0, 1113.0, 52.5], bEXnZJsibQ, 5691807]
[paragraph, [269.0, 1006.5, 1113.0, 52.5], bEXnZJsibQ, 5691807]
[paragraph, [269.0, 1059.0, 1113.0, 52.5], bEXnZJsibQ, 5691807]
[paragraph, [269.0, 1111.5, 1113.0, 52.5], bEXnZJsibQ, 5691807]
[paragraph, [269.0, 1164.0, 1113.0, 52.5], bEXnZJsibQ, 5691807]
[paragraph, [210.0, 1219.0, 1818.0, 52.5], 3mxDpcfD3T, 5691807]
[paragraph, [210.0, 1271.5, 1818.0, 52.5], 3mxDpcfD3T, 5691807]
[paragraph, [210.0, 1324.0, 1818.0, 52.5], 3mxDpcfD3T, 5691807]
[paragraph, [280.0, 1375.0, 1536.0, 52.5], 8AGYjoG_Vj, 5691807]
[paragraph, [280.0, 1427.5, 1536.0, 52.5], 8AGYjoG_Vj, 5691807]
[paragraph, [291.0, 1510.0, 347.0, 52.5], ipLfTGpYsl, 5691807]
[paragraph, [254.0, 1582.0, 1247.0, 52.5], yb4V2uaROR, 5691807]
[paragraph, [287.0, 1669.0, 1524.0, 52.5], hGXmBdlliA, 5691807]
[paragraph, [287.0, 1721.5, 1524.0, 52.5], hGXmBdlliA, 5691807]
[paragraph, [282.0, 1811.0, 390.0, 52.5], 5gEpxSdzfn, 5691807]
[paragraph, [201.0, 1904.0, 1842.0, 52.5], 5oew56ztW4, 5691807]
[paragraph, [201.0, 1956.5, 1842.0, 52.5], 5oew56ztW4, 5691807]
[paragraph, [201.0, 2009.0, 1842.0, 52.5], 5oew56ztW4, 5691807]
[paragraph, [201.0, 2061.5, 1842.0, 52.5], 5oew56ztW4, 5691807]
[paragraph, [307.0, 2137.0, 735.0, 52.5], Lw8IV7tG6a, 5691807]
[paragraph, [285.0, 2218.0, 477.0, 52.5], xyDag0Xp5X, 5691807]
[paragraph, [189.0, 2295.0, 1895.0, 52.5], iyyftGhbrO, 5691807]
[paragraph, [189.0, 2347.5, 1895.0, 52.5], iyyftGhbrO, 5691807]
[paragraph, [189.0, 2400.0, 1895.0, 52.5], iyyftGhbrO, 5691807]
[paragraph, [189.0, 2452.5, 1895.0, 52.5], iyyftGhbrO, 5691807]
[paragraph, [263.0, 2531.0, 1427.0, 52.5], V512BE400s, 5691807]
[paragraph, [263.0, 2583.5, 1427.0, 52.5], V512BE400s, 5691807]
[paragraph, [263.0, 2636.0, 1427.0, 52.5], V512BE400s, 5691807]
[paragraph, [263.0, 2688.5, 1427.0, 52.5], V512BE400s, 5691807]
[paragraph, [263.0, 2741.0, 1427.0, 52.5], V512BE400s, 5691807]
[paragraph, [263.0, 2793.5, 1427.0, 52.5], V512BE400s, 5691807]
[paragraph, [263.0, 2846.0, 1427.0, 52.5], V512BE400s, 5691807]
[paragraph, [263.0, 2898.5, 1427.0, 52.5], V512BE400s, 5691807]
[paragraph, [263.0, 2951.0, 1427.0, 52.5], V512BE400s, 5691807]
[paragraph, [263.0, 3003.5, 1427.0, 52.5], V512BE400s, 5691807]
[paragraph, [263.0, 3056.0, 1427.0, 52.5], V512BE400s, 5691807]
[paragraph, [263.0, 3108.5, 1427.0, 52.5], V512BE400s, 5691807]
[paragraph, [263.0, 3161.0, 1427.0, 52.5], V512BE400s, 5691807]
[paragraph, [263.0, 3213.5, 1427.0, 52.5], V512BE400s, 5691807]
[paragraph, [263.0, 3266.0, 1427.0, 52.5], V512BE400s, 5691807]
