[842, 517]
[flag, [70.0, 34.0, 390.0, 18.0], Zgp1dBHcZT, 6494059]
[flag, [70.0, 52.0, 390.0, 18.0], Zgp1dBHcZT, 6494059]
[flag, [70.0, 70.0, 390.0, 18.0], Zgp1dBHcZT, 6494059]
[flag, [70.0, 88.0, 390.0, 18.0], Zgp1dBHcZT, 6494059]
[flag, [70.0, 106.0, 390.0, 18.0], Zgp1dBHcZT, 6494059]
[flag, [70.0, 124.0, 390.0, 18.0], Zgp1dBHcZT, 6494059]
[flag, [70.0, 142.0, 390.0, 18.0], Zgp1dBHcZT, 6494059]
[flag, [70.0, 160.0, 390.0, 18.0], Zgp1dBHcZT, 6494059]
[flag, [70.0, 178.0, 390.0, 18.0], Zgp1dBHcZT, 6494059]
[author, [174.0, 245.0, 225.0, 18.0], USi-1UPTof, 6494059]
[author, [174.0, 263.0, 225.0, 18.0], USi-1UPTof, 6494059]
