[792, 612]
[folio, [256.0, 67.0, 97.0, 18.0], W5I3eGzj1e, 6493026]
[paragraph, [109.0, 102.0, 392.0, 18.0], wP_393TrH_, 6493026]
[paragraph, [109.0, 120.0, 392.0, 18.0], wP_393TrH_, 6493026]
[paragraph, [112.0, 152.0, 386.0, 18.0], Wo1SKURDy8, 6493026]
[paragraph, [112.0, 170.0, 386.0, 18.0], Wo1SKURDy8, 6493026]
[paragraph, [112.0, 188.0, 386.0, 18.0], Wo1SKURDy8, 6493026]
[paragraph, [112.0, 206.0, 386.0, 18.0], Wo1SKURDy8, 6493026]
[paragraph, [116.0, 236.0, 382.0, 18.0], 76gLSZc-S5, 6493026]
[paragraph, [116.0, 254.0, 382.0, 18.0], 76gLSZc-S5, 6493026]
[paragraph, [116.0, 272.0, 382.0, 18.0], 76gLSZc-S5, 6493026]
[paragraph, [116.0, 290.0, 382.0, 18.0], 76gLSZc-S5, 6493026]
[paragraph, [116.0, 308.0, 382.0, 18.0], 76gLSZc-S5, 6493026]
[paragraph, [116.0, 326.0, 382.0, 18.0], 76gLSZc-S5, 6493026]
[paragraph, [116.0, 344.0, 382.0, 18.0], 76gLSZc-S5, 6493026]
[paragraph, [116.0, 362.0, 382.0, 18.0], 76gLSZc-S5, 6493026]
[paragraph, [116.0, 380.0, 382.0, 18.0], 76gLSZc-S5, 6493026]
[paragraph, [116.0, 398.0, 382.0, 18.0], 76gLSZc-S5, 6493026]
[paragraph, [116.0, 416.0, 382.0, 18.0], 76gLSZc-S5, 6493026]
[paragraph, [116.0, 434.0, 382.0, 18.0], 76gLSZc-S5, 6493026]
[paragraph, [114.0, 471.0, 386.0, 18.0], OKuEp7Udo_, 6493026]
[paragraph, [114.0, 489.0, 386.0, 18.0], OKuEp7Udo_, 6493026]
[paragraph, [114.0, 507.0, 386.0, 18.0], OKuEp7Udo_, 6493026]
[paragraph, [114.0, 525.0, 386.0, 18.0], OKuEp7Udo_, 6493026]
[paragraph, [113.0, 555.0, 387.0, 18.0], KCsHs5S6Fr, 6493026]
[paragraph, [113.0, 573.0, 387.0, 18.0], KCsHs5S6Fr, 6493026]
[paragraph, [113.0, 591.0, 387.0, 18.0], KCsHs5S6Fr, 6493026]
[paragraph, [113.0, 609.0, 387.0, 18.0], KCsHs5S6Fr, 6493026]
[paragraph, [107.0, 641.0, 391.0, 18.0], rr1GmNfzhJ, 6493026]
[paragraph, [107.0, 659.0, 391.0, 18.0], rr1GmNfzhJ, 6493026]
[paragraph, [107.0, 677.0, 391.0, 18.0], rr1GmNfzhJ, 6493026]
