[792, 612]
[folio, [244.0, 32.0, 90.0, 18.0], MKBlIPzKyG, 6492365]
[section-title, [182.0, 127.0, 213.0, 30.0], Td4itVm9u0, 6492365]
[paragraph, [66.0, 190.0, 445.0, 18.0], kOaAtF7f2-, 6492365]
[paragraph, [66.0, 208.0, 445.0, 18.0], kOaAtF7f2-, 6492365]
[paragraph, [66.0, 226.0, 445.0, 18.0], kOaAtF7f2-, 6492365]
[paragraph, [66.0, 244.0, 445.0, 18.0], kOaAtF7f2-, 6492365]
[paragraph, [66.0, 262.0, 445.0, 18.0], kOaAtF7f2-, 6492365]
[paragraph, [66.0, 280.0, 445.0, 18.0], kOaAtF7f2-, 6492365]
[paragraph, [66.0, 298.0, 445.0, 18.0], kOaAtF7f2-, 6492365]
[paragraph, [66.0, 316.0, 445.0, 18.0], kOaAtF7f2-, 6492365]
[paragraph, [66.0, 334.0, 445.0, 18.0], kOaAtF7f2-, 6492365]
[paragraph, [66.0, 352.0, 445.0, 18.0], kOaAtF7f2-, 6492365]
[paragraph, [66.0, 370.0, 445.0, 18.0], kOaAtF7f2-, 6492365]
[paragraph, [66.0, 388.0, 445.0, 18.0], kOaAtF7f2-, 6492365]
[paragraph, [66.0, 406.0, 445.0, 18.0], kOaAtF7f2-, 6492365]
[paragraph, [66.0, 424.0, 445.0, 18.0], kOaAtF7f2-, 6492365]
[paragraph, [66.0, 442.0, 445.0, 18.0], kOaAtF7f2-, 6492365]
[paragraph, [66.0, 460.0, 445.0, 18.0], kOaAtF7f2-, 6492365]
[paragraph, [66.0, 478.0, 445.0, 18.0], kOaAtF7f2-, 6492365]
[paragraph, [66.0, 496.0, 445.0, 18.0], kOaAtF7f2-, 6492365]
[paragraph, [66.0, 514.0, 445.0, 18.0], kOaAtF7f2-, 6492365]
[paragraph, [66.0, 532.0, 445.0, 18.0], kOaAtF7f2-, 6492365]
[paragraph, [66.0, 550.0, 445.0, 18.0], kOaAtF7f2-, 6492365]
[paragraph, [66.0, 568.0, 445.0, 18.0], kOaAtF7f2-, 6492365]
[paragraph, [66.0, 586.0, 445.0, 18.0], kOaAtF7f2-, 6492365]
[paragraph, [66.0, 604.0, 445.0, 18.0], kOaAtF7f2-, 6492365]
[paragraph, [66.0, 622.0, 445.0, 18.0], kOaAtF7f2-, 6492365]
[paragraph, [66.0, 640.0, 445.0, 18.0], kOaAtF7f2-, 6492365]
[paragraph, [66.0, 658.0, 445.0, 18.0], kOaAtF7f2-, 6492365]
[paragraph, [66.0, 676.0, 445.0, 18.0], kOaAtF7f2-, 6492365]
[paragraph, [66.0, 694.0, 445.0, 18.0], kOaAtF7f2-, 6492365]
