[2150, 1329]
[section-title, [586.0, 106.0, 199.0, 52.5], Cez8qFGoc2, 5692206]
[contact-info, [460.0, 175.0, 444.0, 36.0], Z4T2NmSrc3, 5692206]
[contact-info, [460.0, 211.0, 444.0, 36.0], Z4T2NmSrc3, 5692206]
[contact-info, [460.0, 247.0, 444.0, 36.0], Z4T2NmSrc3, 5692206]
[paragraph, [389.0, 945.0, 598.0, 36.0], yp-qtHQvAK, 5692206]
[paragraph, [394.0, 1006.0, 572.0, 36.0], D9ATHqh1G8, 5692206]
[paragraph, [392.0, 1066.0, 592.0, 36.0], -w_YlfezoJ, 5692206]
[paragraph, [521.0, 1144.0, 368.0, 36.0], a7yAvp7nU7, 5692206]
[folio, [410.0, 1855.0, 565.0, 36.0], xc3Apq9vxc, 5692206]
[contact-info, [192.0, 1914.0, 948.0, 36.0], Q-X4alVCPb, 5692206]
