[792, 612]
[folio, [260.0, 39.0, 61.0, 18.0], YLluMVXpvk, 6493145]
[paragraph, [126.0, 79.0, 240.0, 18.0], Z2Hgfhp9I-, 6493145]
[paragraph, [135.0, 104.0, 282.0, 18.0], p687kCFUSi, 6493145]
[paragraph, [90.0, 123.0, 396.0, 18.0], szX5G3mKo0, 6493145]
[paragraph, [90.0, 141.0, 396.0, 18.0], szX5G3mKo0, 6493145]
[paragraph, [93.0, 162.0, 396.0, 18.0], PMVWVRc9Jj, 6493145]
[paragraph, [93.0, 180.0, 396.0, 18.0], PMVWVRc9Jj, 6493145]
[paragraph, [93.0, 198.0, 396.0, 18.0], PMVWVRc9Jj, 6493145]
[paragraph, [132.0, 221.0, 340.0, 18.0], 5M2l7NCM61, 6493145]
[paragraph, [92.0, 242.0, 396.0, 18.0], xmD95wA5Vu, 6493145]
[paragraph, [92.0, 260.0, 396.0, 18.0], xmD95wA5Vu, 6493145]
[paragraph, [92.0, 278.0, 396.0, 18.0], xmD95wA5Vu, 6493145]
[paragraph, [92.0, 296.0, 396.0, 18.0], xmD95wA5Vu, 6493145]
[paragraph, [92.0, 314.0, 396.0, 18.0], xmD95wA5Vu, 6493145]
[paragraph, [94.0, 338.0, 394.0, 18.0], gttZ11aVo6, 6493145]
[paragraph, [94.0, 356.0, 394.0, 18.0], gttZ11aVo6, 6493145]
[paragraph, [94.0, 374.0, 394.0, 18.0], gttZ11aVo6, 6493145]
[paragraph, [87.0, 397.0, 402.0, 18.0], G0s4s6PTJ9, 6493145]
[paragraph, [87.0, 415.0, 402.0, 18.0], G0s4s6PTJ9, 6493145]
[paragraph, [87.0, 433.0, 402.0, 18.0], G0s4s6PTJ9, 6493145]
[paragraph, [87.0, 451.0, 402.0, 18.0], G0s4s6PTJ9, 6493145]
[paragraph, [87.0, 469.0, 402.0, 18.0], G0s4s6PTJ9, 6493145]
[paragraph, [87.0, 487.0, 402.0, 18.0], G0s4s6PTJ9, 6493145]
[paragraph, [87.0, 505.0, 402.0, 18.0], G0s4s6PTJ9, 6493145]
[paragraph, [87.0, 523.0, 402.0, 18.0], G0s4s6PTJ9, 6493145]
[paragraph, [96.0, 552.0, 393.0, 18.0], tHEcx_8P2c, 6493145]
[paragraph, [96.0, 570.0, 393.0, 18.0], tHEcx_8P2c, 6493145]
[paragraph, [96.0, 588.0, 393.0, 18.0], tHEcx_8P2c, 6493145]
[paragraph, [96.0, 606.0, 393.0, 18.0], tHEcx_8P2c, 6493145]
[paragraph, [96.0, 624.0, 393.0, 18.0], tHEcx_8P2c, 6493145]
[paragraph, [96.0, 642.0, 393.0, 18.0], tHEcx_8P2c, 6493145]
[paragraph, [96.0, 660.0, 393.0, 18.0], tHEcx_8P2c, 6493145]
