[792, 612]
[paragraph, [92.0, 89.0, 414.0, 18.0], BfedETV1eM, 6492602]
[paragraph, [92.0, 107.0, 414.0, 18.0], BfedETV1eM, 6492602]
[paragraph, [92.0, 125.0, 414.0, 18.0], BfedETV1eM, 6492602]
[paragraph, [92.0, 143.0, 414.0, 18.0], BfedETV1eM, 6492602]
[paragraph, [92.0, 161.0, 414.0, 18.0], BfedETV1eM, 6492602]
[paragraph, [92.0, 179.0, 414.0, 18.0], BfedETV1eM, 6492602]
[paragraph, [92.0, 197.0, 414.0, 18.0], BfedETV1eM, 6492602]
[paragraph, [92.0, 215.0, 414.0, 18.0], BfedETV1eM, 6492602]
[paragraph, [92.0, 233.0, 414.0, 18.0], BfedETV1eM, 6492602]
[paragraph, [92.0, 251.0, 414.0, 18.0], BfedETV1eM, 6492602]
[paragraph, [92.0, 269.0, 414.0, 18.0], BfedETV1eM, 6492602]
[paragraph, [92.0, 287.0, 414.0, 18.0], BfedETV1eM, 6492602]
[paragraph, [94.0, 315.0, 409.0, 18.0], _YgYFU8Zf3, 6492602]
[paragraph, [94.0, 333.0, 409.0, 18.0], _YgYFU8Zf3, 6492602]
[paragraph, [97.0, 366.0, 407.0, 18.0], I90Upv973U, 6492602]
[paragraph, [97.0, 384.0, 407.0, 18.0], I90Upv973U, 6492602]
[paragraph, [97.0, 402.0, 407.0, 18.0], I90Upv973U, 6492602]
[paragraph, [97.0, 420.0, 407.0, 18.0], I90Upv973U, 6492602]
[paragraph, [97.0, 438.0, 407.0, 18.0], I90Upv973U, 6492602]
[paragraph, [97.0, 456.0, 407.0, 18.0], I90Upv973U, 6492602]
[paragraph, [98.0, 494.0, 409.0, 18.0], REYVJlA4Bx, 6492602]
[paragraph, [98.0, 512.0, 409.0, 18.0], REYVJlA4Bx, 6492602]
[paragraph, [100.0, 539.0, 407.0, 18.0], 6MvS1Z2a7g, 6492602]
[paragraph, [100.0, 557.0, 407.0, 18.0], 6MvS1Z2a7g, 6492602]
[paragraph, [100.0, 575.0, 407.0, 18.0], 6MvS1Z2a7g, 6492602]
[paragraph, [100.0, 593.0, 407.0, 18.0], 6MvS1Z2a7g, 6492602]
[paragraph, [101.0, 620.0, 409.0, 18.0], 7fN6dLi8kW, 6492602]
[paragraph, [101.0, 638.0, 409.0, 18.0], 7fN6dLi8kW, 6492602]
[paragraph, [101.0, 656.0, 409.0, 18.0], 7fN6dLi8kW, 6492602]
[paragraph, [101.0, 674.0, 409.0, 18.0], 7fN6dLi8kW, 6492602]
[paragraph, [101.0, 692.0, 409.0, 18.0], 7fN6dLi8kW, 6492602]
[paragraph, [101.0, 710.0, 409.0, 18.0], 7fN6dLi8kW, 6492602]
[paragraph, [101.0, 728.0, 409.0, 18.0], 7fN6dLi8kW, 6492602]
[paragraph, [101.0, 746.0, 409.0, 18.0], 7fN6dLi8kW, 6492602]
