[591, 395]
[paragraph, [41.0, 69.0, 316.0, 18.0], jEq3X8LIaL, 6491388]
[paragraph, [41.0, 87.0, 316.0, 18.0], jEq3X8LIaL, 6491388]
[paragraph, [45.0, 123.0, 309.0, 18.0], 1M7R3VQbyi, 6491388]
[paragraph, [45.0, 141.0, 309.0, 18.0], 1M7R3VQbyi, 6491388]
[paragraph, [47.0, 171.0, 308.0, 18.0], _p_2mMiL-l, 6491388]
[paragraph, [47.0, 189.0, 308.0, 18.0], _p_2mMiL-l, 6491388]
[paragraph, [47.0, 207.0, 308.0, 18.0], _p_2mMiL-l, 6491388]
[paragraph, [47.0, 225.0, 308.0, 18.0], _p_2mMiL-l, 6491388]
[paragraph, [47.0, 243.0, 308.0, 18.0], _p_2mMiL-l, 6491388]
[paragraph, [47.0, 261.0, 308.0, 18.0], _p_2mMiL-l, 6491388]
[paragraph, [45.0, 304.0, 311.0, 18.0], VkYvAChDvm, 6491388]
[paragraph, [45.0, 322.0, 311.0, 18.0], VkYvAChDvm, 6491388]
[paragraph, [46.0, 352.0, 308.0, 18.0], Rcbb8dvFbO, 6491388]
[paragraph, [49.0, 383.0, 303.0, 18.0], f8_te8m6M2, 6491388]
[paragraph, [49.0, 401.0, 303.0, 18.0], f8_te8m6M2, 6491388]
[paragraph, [49.0, 419.0, 303.0, 18.0], f8_te8m6M2, 6491388]
[paragraph, [49.0, 437.0, 303.0, 18.0], f8_te8m6M2, 6491388]
[paragraph, [49.0, 455.0, 303.0, 18.0], f8_te8m6M2, 6491388]
[paragraph, [47.0, 483.0, 309.0, 18.0], E2_LfU0Hof, 6491388]
