[792, 612]
[paragraph, [98.0, 107.0, 303.0, 18.0], jSxD-ArnLg, 6493136]
[paragraph, [89.0, 140.0, 420.0, 18.0], _Xr2YY_YXq, 6493136]
[paragraph, [89.0, 158.0, 420.0, 18.0], _Xr2YY_YXq, 6493136]
[paragraph, [89.0, 176.0, 420.0, 18.0], _Xr2YY_YXq, 6493136]
[paragraph, [135.0, 214.0, 346.0, 18.0], XJ-olbHyHm, 6493136]
[paragraph, [97.0, 241.0, 416.0, 18.0], TXkq2QU6I0, 6493136]
[paragraph, [97.0, 259.0, 416.0, 18.0], TXkq2QU6I0, 6493136]
[paragraph, [97.0, 277.0, 416.0, 18.0], TXkq2QU6I0, 6493136]
[paragraph, [99.0, 314.0, 415.0, 18.0], 51YcPE2-qA, 6493136]
[paragraph, [99.0, 332.0, 415.0, 18.0], 51YcPE2-qA, 6493136]
[paragraph, [99.0, 350.0, 415.0, 18.0], 51YcPE2-qA, 6493136]
[paragraph, [99.0, 368.0, 415.0, 18.0], 51YcPE2-qA, 6493136]
[paragraph, [99.0, 386.0, 415.0, 18.0], 51YcPE2-qA, 6493136]
[paragraph, [99.0, 404.0, 415.0, 18.0], 51YcPE2-qA, 6493136]
[paragraph, [99.0, 422.0, 415.0, 18.0], 51YcPE2-qA, 6493136]
[paragraph, [99.0, 440.0, 415.0, 18.0], 51YcPE2-qA, 6493136]
[paragraph, [99.0, 458.0, 415.0, 18.0], 51YcPE2-qA, 6493136]
[paragraph, [99.0, 476.0, 415.0, 18.0], 51YcPE2-qA, 6493136]
[paragraph, [76.0, 512.0, 430.0, 18.0], njCiYPkdre, 6493136]
[paragraph, [76.0, 530.0, 430.0, 18.0], njCiYPkdre, 6493136]
[paragraph, [83.0, 563.0, 422.0, 18.0], N5tZNEPMCA, 6493136]
[paragraph, [83.0, 581.0, 422.0, 18.0], N5tZNEPMCA, 6493136]
[paragraph, [83.0, 611.0, 423.0, 18.0], 5Am3kBPYVi, 6493136]
[paragraph, [83.0, 629.0, 423.0, 18.0], 5Am3kBPYVi, 6493136]
[paragraph, [80.0, 663.0, 434.0, 18.0], 8vX5Sr2HHz, 6493136]
[paragraph, [80.0, 681.0, 434.0, 18.0], 8vX5Sr2HHz, 6493136]
[paragraph, [80.0, 699.0, 434.0, 18.0], 8vX5Sr2HHz, 6493136]
[paragraph, [80.0, 717.0, 434.0, 18.0], 8vX5Sr2HHz, 6493136]
[paragraph, [134.0, 740.0, 366.0, 18.0], af_eF7QPcB, 6493136]
