[588, 379]
[paragraph, [41.0, 64.0, 329.0, 18.0], bcCrzo76K6, 6493980]
[paragraph, [41.0, 82.0, 329.0, 18.0], bcCrzo76K6, 6493980]
[paragraph, [41.0, 100.0, 329.0, 18.0], bcCrzo76K6, 6493980]
[paragraph, [41.0, 118.0, 329.0, 18.0], bcCrzo76K6, 6493980]
[paragraph, [41.0, 136.0, 329.0, 18.0], bcCrzo76K6, 6493980]
[paragraph, [41.0, 154.0, 329.0, 18.0], bcCrzo76K6, 6493980]
[paragraph, [41.0, 172.0, 329.0, 18.0], bcCrzo76K6, 6493980]
[paragraph, [41.0, 190.0, 329.0, 18.0], bcCrzo76K6, 6493980]
[paragraph, [41.0, 208.0, 329.0, 18.0], bcCrzo76K6, 6493980]
[paragraph, [41.0, 226.0, 329.0, 18.0], bcCrzo76K6, 6493980]
[paragraph, [41.0, 244.0, 329.0, 18.0], bcCrzo76K6, 6493980]
[paragraph, [41.0, 262.0, 329.0, 18.0], bcCrzo76K6, 6493980]
[paragraph, [41.0, 280.0, 329.0, 18.0], bcCrzo76K6, 6493980]
[paragraph, [41.0, 298.0, 329.0, 18.0], bcCrzo76K6, 6493980]
[paragraph, [41.0, 316.0, 329.0, 18.0], bcCrzo76K6, 6493980]
[paragraph, [41.0, 334.0, 329.0, 18.0], bcCrzo76K6, 6493980]
[paragraph, [41.0, 352.0, 329.0, 18.0], bcCrzo76K6, 6493980]
[paragraph, [41.0, 370.0, 329.0, 18.0], bcCrzo76K6, 6493980]
[paragraph, [41.0, 388.0, 329.0, 18.0], bcCrzo76K6, 6493980]
[paragraph, [41.0, 406.0, 329.0, 18.0], bcCrzo76K6, 6493980]
[paragraph, [41.0, 424.0, 329.0, 18.0], bcCrzo76K6, 6493980]
[paragraph, [41.0, 442.0, 329.0, 18.0], bcCrzo76K6, 6493980]
[paragraph, [41.0, 460.0, 329.0, 18.0], bcCrzo76K6, 6493980]
[paragraph, [41.0, 478.0, 329.0, 18.0], bcCrzo76K6, 6493980]
[paragraph, [41.0, 496.0, 329.0, 18.0], bcCrzo76K6, 6493980]
[paragraph, [41.0, 514.0, 329.0, 18.0], bcCrzo76K6, 6493980]
