[515, 727]
[paragraph, [433.0, 78.0, 175.0, 18.0], Q3iqzSvFCI, 6532580]
[paragraph, [433.0, 96.0, 175.0, 18.0], Q3iqzSvFCI, 6532580]
[paragraph, [431.0, 122.0, 177.0, 18.0], uJVCspm8qy, 6532580]
[paragraph, [431.0, 140.0, 177.0, 18.0], uJVCspm8qy, 6532580]
[paragraph, [433.0, 170.0, 175.0, 18.0], x9DZM97OnH, 6532580]
[paragraph, [433.0, 188.0, 175.0, 18.0], x9DZM97OnH, 6532580]
[paragraph, [526.0, 217.0, 141.0, 18.0], ETco9H3ukL, 6532580]
[chapter-title, [133.0, 220.0, 210.0, 30.0], shoonya_0s4XIM25MFBST3, 6532580]
[paragraph, [428.0, 262.0, 179.0, 18.0], N65WREA60T, 6532580]
[paragraph, [428.0, 280.0, 179.0, 18.0], N65WREA60T, 6532580]
[paragraph, [130.0, 285.0, 180.0, 18.0], -lXAO8b72I, 6532580]
[paragraph, [130.0, 303.0, 180.0, 18.0], -lXAO8b72I, 6532580]
[paragraph, [130.0, 321.0, 180.0, 18.0], -lXAO8b72I, 6532580]
[paragraph, [427.0, 308.0, 180.0, 18.0], _HVKwu4KPZ, 6532580]
[paragraph, [427.0, 326.0, 180.0, 18.0], _HVKwu4KPZ, 6532580]
[paragraph, [127.0, 345.0, 190.0, 18.0], At7QuD1i8S, 6532580]
[paragraph, [127.0, 363.0, 190.0, 18.0], At7QuD1i8S, 6532580]
[paragraph, [427.0, 352.0, 180.0, 18.0], 4EiWZg_C-9, 6532580]
[paragraph, [427.0, 370.0, 180.0, 18.0], 4EiWZg_C-9, 6532580]
[paragraph, [132.0, 397.0, 174.0, 18.0], n47FgJrF4T, 6532580]
[paragraph, [132.0, 415.0, 174.0, 18.0], n47FgJrF4T, 6532580]
[paragraph, [132.0, 433.0, 174.0, 18.0], n47FgJrF4T, 6532580]
[footnote, [405.0, 408.0, 261.0, 18.0], R-ZY6jH9NA, 6532580]
[footnote, [405.0, 426.0, 261.0, 18.0], R-ZY6jH9NA, 6532580]
[footnote, [405.0, 444.0, 261.0, 18.0], R-ZY6jH9NA, 6532580]
