[515, 727]
[figure-caption, [504.0, 157.0, 109.0, 18.0], 3F1ClfTQS9, 6533667]
[figure-caption, [504.0, 175.0, 109.0, 18.0], 3F1ClfTQS9, 6533667]
[paragraph, [423.0, 210.0, 275.0, 18.0], EY1Eo06GHI, 6533667]
[paragraph, [423.0, 228.0, 275.0, 18.0], EY1Eo06GHI, 6533667]
[paragraph, [423.0, 246.0, 275.0, 18.0], EY1Eo06GHI, 6533667]
[paragraph, [423.0, 264.0, 275.0, 18.0], EY1Eo06GHI, 6533667]
[paragraph, [423.0, 282.0, 275.0, 18.0], EY1Eo06GHI, 6533667]
[paragraph, [423.0, 300.0, 275.0, 18.0], EY1Eo06GHI, 6533667]
[paragraph, [423.0, 318.0, 275.0, 18.0], EY1Eo06GHI, 6533667]
[paragraph, [423.0, 336.0, 275.0, 18.0], EY1Eo06GHI, 6533667]
[paragraph, [423.0, 354.0, 275.0, 18.0], EY1Eo06GHI, 6533667]
[paragraph, [423.0, 372.0, 275.0, 18.0], EY1Eo06GHI, 6533667]
[paragraph, [118.0, 268.0, 284.0, 18.0], xtcaT90fqC, 6533667]
[paragraph, [118.0, 286.0, 284.0, 18.0], xtcaT90fqC, 6533667]
[paragraph, [197.0, 303.0, 130.0, 18.0], 3_JEqzJ0d1, 6533667]
[paragraph, [197.0, 321.0, 130.0, 18.0], 3_JEqzJ0d1, 6533667]
[paragraph, [197.0, 339.0, 130.0, 18.0], 3_JEqzJ0d1, 6533667]
[paragraph, [197.0, 357.0, 130.0, 18.0], 3_JEqzJ0d1, 6533667]
[paragraph, [131.0, 376.0, 272.0, 18.0], TjUbDf6GMd, 6533667]
[paragraph, [131.0, 394.0, 272.0, 18.0], TjUbDf6GMd, 6533667]
[ordered-list, [432.0, 404.0, 264.0, 18.0], aAQftW2Aaw, 6533667]
