[515, 727]
[paragraph, [428.0, 60.0, 221.0, 18.0], mylmKRA71w, 6532589]
[paragraph, [428.0, 78.0, 221.0, 18.0], mylmKRA71w, 6532589]
[paragraph, [130.0, 88.0, 220.0, 18.0], FnTDdlsywJ, 6532589]
[paragraph, [130.0, 106.0, 220.0, 18.0], FnTDdlsywJ, 6532589]
[paragraph, [430.0, 116.0, 214.0, 18.0], YtEeL6IvwM, 6532589]
[paragraph, [430.0, 134.0, 214.0, 18.0], YtEeL6IvwM, 6532589]
[paragraph, [433.0, 177.0, 217.0, 18.0], vQ83jvX283, 6532589]
[paragraph, [433.0, 195.0, 217.0, 18.0], vQ83jvX283, 6532589]
[paragraph, [178.0, 181.0, 208.0, 18.0], UMj1C8k026, 6532589]
[paragraph, [178.0, 199.0, 208.0, 18.0], UMj1C8k026, 6532589]
[paragraph, [178.0, 217.0, 208.0, 18.0], UMj1C8k026, 6532589]
[paragraph, [178.0, 235.0, 208.0, 18.0], UMj1C8k026, 6532589]
[paragraph, [178.0, 253.0, 208.0, 18.0], UMj1C8k026, 6532589]
[paragraph, [424.0, 232.0, 217.0, 18.0], ZfoSnoZGJY, 6532589]
[paragraph, [424.0, 250.0, 217.0, 18.0], ZfoSnoZGJY, 6532589]
[paragraph, [424.0, 289.0, 214.0, 18.0], 7ycoZXrPtU, 6532589]
[paragraph, [424.0, 307.0, 214.0, 18.0], 7ycoZXrPtU, 6532589]
[paragraph, [424.0, 325.0, 214.0, 18.0], 7ycoZXrPtU, 6532589]
[paragraph, [133.0, 329.0, 220.0, 18.0], 8LyvZGm586, 6532589]
[paragraph, [133.0, 347.0, 220.0, 18.0], 8LyvZGm586, 6532589]
[paragraph, [422.0, 345.0, 228.0, 18.0], WC7y1NgitA, 6532589]
[paragraph, [422.0, 363.0, 228.0, 18.0], WC7y1NgitA, 6532589]
[paragraph, [422.0, 381.0, 228.0, 18.0], WC7y1NgitA, 6532589]
[footnote, [405.0, 409.0, 259.0, 18.0], N84tQTXNUw, 6532589]
[footnote, [405.0, 427.0, 259.0, 18.0], N84tQTXNUw, 6532589]
[footnote, [128.0, 427.0, 200.0, 18.0], 5X66s3082W, 6532589]
