[515, 727]
[paragraph, [416.0, 28.0, 284.0, 18.0], 6eMoeFl8ta, 6532953]
[paragraph, [416.0, 46.0, 284.0, 18.0], 6eMoeFl8ta, 6532953]
[paragraph, [416.0, 64.0, 284.0, 18.0], 6eMoeFl8ta, 6532953]
[paragraph, [416.0, 82.0, 284.0, 18.0], 6eMoeFl8ta, 6532953]
[paragraph, [416.0, 100.0, 284.0, 18.0], 6eMoeFl8ta, 6532953]
[paragraph, [416.0, 118.0, 284.0, 18.0], 6eMoeFl8ta, 6532953]
[paragraph, [419.0, 166.0, 285.0, 18.0], 1D9Umg8DW8, 6532953]
[paragraph, [419.0, 184.0, 285.0, 18.0], 1D9Umg8DW8, 6532953]
[paragraph, [419.0, 202.0, 285.0, 18.0], 1D9Umg8DW8, 6532953]
[paragraph, [419.0, 220.0, 285.0, 18.0], 1D9Umg8DW8, 6532953]
[paragraph, [419.0, 238.0, 285.0, 18.0], 1D9Umg8DW8, 6532953]
[paragraph, [419.0, 256.0, 285.0, 18.0], 1D9Umg8DW8, 6532953]
[paragraph, [419.0, 274.0, 285.0, 18.0], 1D9Umg8DW8, 6532953]
[figure-caption, [191.0, 224.0, 142.0, 18.0], EvAa2qC1jJ, 6532953]
[paragraph, [117.0, 274.0, 281.0, 18.0], 12dCIV5fie, 6532953]
[paragraph, [117.0, 292.0, 281.0, 18.0], 12dCIV5fie, 6532953]
[paragraph, [117.0, 310.0, 281.0, 18.0], 12dCIV5fie, 6532953]
[paragraph, [117.0, 328.0, 281.0, 18.0], 12dCIV5fie, 6532953]
[paragraph, [117.0, 346.0, 281.0, 18.0], 12dCIV5fie, 6532953]
[paragraph, [117.0, 364.0, 281.0, 18.0], 12dCIV5fie, 6532953]
[paragraph, [117.0, 382.0, 281.0, 18.0], 12dCIV5fie, 6532953]
[paragraph, [117.0, 400.0, 281.0, 18.0], 12dCIV5fie, 6532953]
[paragraph, [117.0, 418.0, 281.0, 18.0], 12dCIV5fie, 6532953]
[folio, [425.0, 447.0, 46.0, 18.0], rfj6iQA5DJ, 6532953]
[folio, [119.0, 449.0, 51.0, 18.0], 29THHib5NV, 6532953]
