[515, 727]
[paragraph, [408.0, 33.0, 285.0, 18.0], l3MDvVu4Mj, 6533812]
[paragraph, [408.0, 51.0, 285.0, 18.0], l3MDvVu4Mj, 6533812]
[paragraph, [408.0, 69.0, 285.0, 18.0], l3MDvVu4Mj, 6533812]
[paragraph, [408.0, 87.0, 285.0, 18.0], l3MDvVu4Mj, 6533812]
[paragraph, [408.0, 105.0, 285.0, 18.0], l3MDvVu4Mj, 6533812]
[paragraph, [408.0, 123.0, 285.0, 18.0], l3MDvVu4Mj, 6533812]
[paragraph, [408.0, 141.0, 285.0, 18.0], l3MDvVu4Mj, 6533812]
[figure-caption, [158.0, 198.0, 152.0, 18.0], qddw1y6jbg, 6533812]
[paragraph, [91.0, 247.0, 289.0, 18.0], _Hf5J4-Prq, 6533812]
[paragraph, [91.0, 265.0, 289.0, 18.0], _Hf5J4-Prq, 6533812]
[paragraph, [91.0, 283.0, 289.0, 18.0], _Hf5J4-Prq, 6533812]
[paragraph, [93.0, 302.0, 283.0, 18.0], 9Yxt4_1KfT, 6533812]
[paragraph, [93.0, 320.0, 283.0, 18.0], 9Yxt4_1KfT, 6533812]
[paragraph, [93.0, 338.0, 283.0, 18.0], 9Yxt4_1KfT, 6533812]
[paragraph, [90.0, 356.0, 285.0, 18.0], QT4f1ZKRX-, 6533812]
[paragraph, [90.0, 374.0, 285.0, 18.0], QT4f1ZKRX-, 6533812]
[paragraph, [90.0, 392.0, 285.0, 18.0], QT4f1ZKRX-, 6533812]
[paragraph, [91.0, 415.0, 287.0, 18.0], bGvFj05jm3, 6533812]
[paragraph, [91.0, 433.0, 287.0, 18.0], bGvFj05jm3, 6533812]
[folio, [335.0, 466.0, 44.0, 18.0], 29CxZZ3vPX, 6533812]
