[515, 727]
[headline, [520.0, 57.0, 103.0, 25.5], shoonya_0s113YFO5J1QL0, 6532588]
[headline, [520.0, 82.5, 103.0, 25.5], shoonya_0s113YFO5J1QL0, 6532588]
[sidebar, [326.0, 220.0, 102.0, 18.0], jw-OhHxU5O, 6532588]
[sidebar, [326.0, 238.0, 102.0, 18.0], jw-OhHxU5O, 6532588]
[sidebar, [326.0, 256.0, 102.0, 18.0], jw-OhHxU5O, 6532588]
[sidebar, [326.0, 274.0, 102.0, 18.0], jw-OhHxU5O, 6532588]
[sidebar, [326.0, 292.0, 102.0, 18.0], jw-OhHxU5O, 6532588]
[author, [518.0, 257.0, 105.0, 18.0], hF4sg883R4, 6532588]
[author, [518.0, 275.0, 105.0, 18.0], hF4sg883R4, 6532588]
[contact-info, [506.0, 444.0, 119.0, 18.0], Kr4uYesU-l, 6532588]
