[612, 792]
[paragraph, [79.0, 53.0, 649.0, 18.0], gIcW7vRwNB, 6533740]
[paragraph, [79.0, 71.0, 649.0, 18.0], gIcW7vRwNB, 6533740]
[paragraph, [80.0, 385.0, 645.0, 18.0], n6KX0bbtcl, 6533740]
[paragraph, [80.0, 403.0, 645.0, 18.0], n6KX0bbtcl, 6533740]
[paragraph, [80.0, 421.0, 645.0, 18.0], n6KX0bbtcl, 6533740]
[paragraph, [80.0, 439.0, 645.0, 18.0], n6KX0bbtcl, 6533740]
[author, [623.0, 475.0, 110.0, 18.0], vKRd6R2pm5, 6533740]
[author, [623.0, 493.0, 110.0, 18.0], vKRd6R2pm5, 6533740]
[folio, [354.0, 545.0, 91.0, 18.0], DTiEBxFF_u, 6533740]
