[515, 727]
[paragraph, [111.0, 53.0, 267.0, 18.0], X-PaZ2qNBc, 6533497]
[paragraph, [111.0, 71.0, 267.0, 18.0], X-PaZ2qNBc, 6533497]
[paragraph, [111.0, 89.0, 267.0, 18.0], X-PaZ2qNBc, 6533497]
[paragraph, [111.0, 107.0, 267.0, 18.0], X-PaZ2qNBc, 6533497]
[paragraph, [111.0, 125.0, 267.0, 18.0], X-PaZ2qNBc, 6533497]
[paragraph, [111.0, 143.0, 267.0, 18.0], X-PaZ2qNBc, 6533497]
[paragraph, [111.0, 161.0, 267.0, 18.0], X-PaZ2qNBc, 6533497]
[paragraph, [111.0, 179.0, 267.0, 18.0], X-PaZ2qNBc, 6533497]
[paragraph, [111.0, 197.0, 267.0, 18.0], X-PaZ2qNBc, 6533497]
[paragraph, [111.0, 215.0, 267.0, 18.0], X-PaZ2qNBc, 6533497]
[paragraph, [111.0, 233.0, 267.0, 18.0], X-PaZ2qNBc, 6533497]
[paragraph, [111.0, 251.0, 267.0, 18.0], X-PaZ2qNBc, 6533497]
[paragraph, [111.0, 269.0, 267.0, 18.0], X-PaZ2qNBc, 6533497]
[paragraph, [111.0, 287.0, 267.0, 18.0], X-PaZ2qNBc, 6533497]
[paragraph, [111.0, 305.0, 267.0, 18.0], X-PaZ2qNBc, 6533497]
[paragraph, [111.0, 323.0, 267.0, 18.0], X-PaZ2qNBc, 6533497]
[paragraph, [111.0, 341.0, 267.0, 18.0], X-PaZ2qNBc, 6533497]
[paragraph, [111.0, 359.0, 267.0, 18.0], X-PaZ2qNBc, 6533497]
[paragraph, [111.0, 377.0, 267.0, 18.0], X-PaZ2qNBc, 6533497]
[paragraph, [111.0, 395.0, 267.0, 18.0], X-PaZ2qNBc, 6533497]
[paragraph, [111.0, 413.0, 267.0, 18.0], X-PaZ2qNBc, 6533497]
[paragraph, [111.0, 431.0, 267.0, 18.0], X-PaZ2qNBc, 6533497]
[paragraph, [111.0, 449.0, 267.0, 18.0], X-PaZ2qNBc, 6533497]
[paragraph, [401.0, 62.0, 282.0, 18.0], 7hIT7C0dyN, 6533497]
[paragraph, [401.0, 80.0, 282.0, 18.0], 7hIT7C0dyN, 6533497]
[paragraph, [401.0, 98.0, 282.0, 18.0], 7hIT7C0dyN, 6533497]
[paragraph, [401.0, 116.0, 282.0, 18.0], 7hIT7C0dyN, 6533497]
[paragraph, [401.0, 134.0, 282.0, 18.0], 7hIT7C0dyN, 6533497]
[paragraph, [401.0, 152.0, 282.0, 18.0], 7hIT7C0dyN, 6533497]
[paragraph, [401.0, 170.0, 282.0, 18.0], 7hIT7C0dyN, 6533497]
[paragraph, [401.0, 188.0, 282.0, 18.0], 7hIT7C0dyN, 6533497]
[paragraph, [401.0, 206.0, 282.0, 18.0], 7hIT7C0dyN, 6533497]
[paragraph, [401.0, 224.0, 282.0, 18.0], 7hIT7C0dyN, 6533497]
[paragraph, [401.0, 242.0, 282.0, 18.0], 7hIT7C0dyN, 6533497]
[paragraph, [401.0, 260.0, 282.0, 18.0], 7hIT7C0dyN, 6533497]
[paragraph, [401.0, 278.0, 282.0, 18.0], 7hIT7C0dyN, 6533497]
[paragraph, [401.0, 296.0, 282.0, 18.0], 7hIT7C0dyN, 6533497]
[paragraph, [401.0, 314.0, 282.0, 18.0], 7hIT7C0dyN, 6533497]
[paragraph, [401.0, 332.0, 282.0, 18.0], 7hIT7C0dyN, 6533497]
[paragraph, [401.0, 350.0, 282.0, 18.0], 7hIT7C0dyN, 6533497]
[paragraph, [401.0, 368.0, 282.0, 18.0], 7hIT7C0dyN, 6533497]
[paragraph, [401.0, 386.0, 282.0, 18.0], 7hIT7C0dyN, 6533497]
[paragraph, [401.0, 404.0, 282.0, 18.0], 7hIT7C0dyN, 6533497]
[paragraph, [401.0, 422.0, 282.0, 18.0], 7hIT7C0dyN, 6533497]
[paragraph, [401.0, 440.0, 282.0, 18.0], 7hIT7C0dyN, 6533497]
[paragraph, [401.0, 458.0, 282.0, 18.0], 7hIT7C0dyN, 6533497]
