[1128, 796]
[section-title, [350.0, 176.0, 127.0, 30.0], -COV7YgX_0, 5776770]
[index, [100.0, 253.0, 651.0, 18.0], GwsKbDBd_-, 5776770]
[index, [100.0, 271.0, 651.0, 18.0], GwsKbDBd_-, 5776770]
[index, [100.0, 289.0, 651.0, 18.0], GwsKbDBd_-, 5776770]
[index, [100.0, 307.0, 651.0, 18.0], GwsKbDBd_-, 5776770]
[index, [100.0, 325.0, 651.0, 18.0], GwsKbDBd_-, 5776770]
[index, [100.0, 343.0, 651.0, 18.0], GwsKbDBd_-, 5776770]
[index, [100.0, 361.0, 651.0, 18.0], GwsKbDBd_-, 5776770]
[index, [100.0, 379.0, 651.0, 18.0], GwsKbDBd_-, 5776770]
[index, [100.0, 397.0, 651.0, 18.0], GwsKbDBd_-, 5776770]
[index, [100.0, 415.0, 651.0, 18.0], GwsKbDBd_-, 5776770]
[index, [100.0, 433.0, 651.0, 18.0], GwsKbDBd_-, 5776770]
[index, [100.0, 451.0, 651.0, 18.0], GwsKbDBd_-, 5776770]
[index, [100.0, 469.0, 651.0, 18.0], GwsKbDBd_-, 5776770]
[index, [100.0, 487.0, 651.0, 18.0], GwsKbDBd_-, 5776770]
[index, [100.0, 505.0, 651.0, 18.0], GwsKbDBd_-, 5776770]
[index, [100.0, 523.0, 651.0, 18.0], GwsKbDBd_-, 5776770]
[index, [100.0, 541.0, 651.0, 18.0], GwsKbDBd_-, 5776770]
[index, [100.0, 559.0, 651.0, 18.0], GwsKbDBd_-, 5776770]
[index, [100.0, 577.0, 651.0, 18.0], GwsKbDBd_-, 5776770]
[index, [100.0, 595.0, 651.0, 18.0], GwsKbDBd_-, 5776770]
[index, [100.0, 613.0, 651.0, 18.0], GwsKbDBd_-, 5776770]
[index, [100.0, 631.0, 651.0, 18.0], GwsKbDBd_-, 5776770]
[index, [100.0, 649.0, 651.0, 18.0], GwsKbDBd_-, 5776770]
[index, [100.0, 667.0, 651.0, 18.0], GwsKbDBd_-, 5776770]
