[1255, 888]
[chapter-title, [358.0, 28.0, 232.0, 30.0], shoonya_0sDTRAALKRH64W, 5776220]
[paragraph, [154.0, 84.0, 653.0, 18.0], w8r97WApQQ, 5776220]
[paragraph, [154.0, 102.0, 653.0, 18.0], w8r97WApQQ, 5776220]
[paragraph, [154.0, 120.0, 653.0, 18.0], w8r97WApQQ, 5776220]
[paragraph, [154.0, 138.0, 653.0, 18.0], w8r97WApQQ, 5776220]
[paragraph, [154.0, 156.0, 653.0, 18.0], w8r97WApQQ, 5776220]
[paragraph, [154.0, 174.0, 653.0, 18.0], w8r97WApQQ, 5776220]
[paragraph, [154.0, 192.0, 653.0, 18.0], w8r97WApQQ, 5776220]
[paragraph, [154.0, 210.0, 653.0, 18.0], w8r97WApQQ, 5776220]
[paragraph, [154.0, 228.0, 653.0, 18.0], w8r97WApQQ, 5776220]
[paragraph, [154.0, 246.0, 653.0, 18.0], w8r97WApQQ, 5776220]
[paragraph, [154.0, 264.0, 653.0, 18.0], w8r97WApQQ, 5776220]
[paragraph, [154.0, 282.0, 653.0, 18.0], w8r97WApQQ, 5776220]
[paragraph, [154.0, 300.0, 653.0, 18.0], w8r97WApQQ, 5776220]
[paragraph, [154.0, 318.0, 653.0, 18.0], w8r97WApQQ, 5776220]
[paragraph, [154.0, 336.0, 653.0, 18.0], w8r97WApQQ, 5776220]
[paragraph, [154.0, 354.0, 653.0, 18.0], w8r97WApQQ, 5776220]
[paragraph, [154.0, 372.0, 653.0, 18.0], w8r97WApQQ, 5776220]
[paragraph, [154.0, 390.0, 653.0, 18.0], w8r97WApQQ, 5776220]
[paragraph, [154.0, 408.0, 653.0, 18.0], w8r97WApQQ, 5776220]
[paragraph, [154.0, 426.0, 653.0, 18.0], w8r97WApQQ, 5776220]
[paragraph, [154.0, 444.0, 653.0, 18.0], w8r97WApQQ, 5776220]
[paragraph, [154.0, 462.0, 653.0, 18.0], w8r97WApQQ, 5776220]
[paragraph, [154.0, 480.0, 653.0, 18.0], w8r97WApQQ, 5776220]
[paragraph, [154.0, 498.0, 653.0, 18.0], w8r97WApQQ, 5776220]
[paragraph, [154.0, 516.0, 653.0, 18.0], w8r97WApQQ, 5776220]
[paragraph, [154.0, 534.0, 653.0, 18.0], w8r97WApQQ, 5776220]
[paragraph, [154.0, 552.0, 653.0, 18.0], w8r97WApQQ, 5776220]
[paragraph, [154.0, 570.0, 653.0, 18.0], w8r97WApQQ, 5776220]
[paragraph, [154.0, 588.0, 653.0, 18.0], w8r97WApQQ, 5776220]
[paragraph, [154.0, 606.0, 653.0, 18.0], w8r97WApQQ, 5776220]
[paragraph, [154.0, 624.0, 653.0, 18.0], w8r97WApQQ, 5776220]
[paragraph, [154.0, 642.0, 653.0, 18.0], w8r97WApQQ, 5776220]
[paragraph, [154.0, 660.0, 653.0, 18.0], w8r97WApQQ, 5776220]
[paragraph, [152.0, 691.0, 659.0, 18.0], h8k9IJljtV, 5776220]
[paragraph, [152.0, 709.0, 659.0, 18.0], h8k9IJljtV, 5776220]
[paragraph, [152.0, 727.0, 659.0, 18.0], h8k9IJljtV, 5776220]
[paragraph, [152.0, 745.0, 659.0, 18.0], h8k9IJljtV, 5776220]
[paragraph, [152.0, 763.0, 659.0, 18.0], h8k9IJljtV, 5776220]
[paragraph, [152.0, 781.0, 659.0, 18.0], h8k9IJljtV, 5776220]
[paragraph, [152.0, 799.0, 659.0, 18.0], h8k9IJljtV, 5776220]
[paragraph, [152.0, 817.0, 659.0, 18.0], h8k9IJljtV, 5776220]
[paragraph, [152.0, 835.0, 659.0, 18.0], h8k9IJljtV, 5776220]
[paragraph, [152.0, 853.0, 659.0, 18.0], h8k9IJljtV, 5776220]
[paragraph, [152.0, 871.0, 659.0, 18.0], h8k9IJljtV, 5776220]
[paragraph, [152.0, 889.0, 659.0, 18.0], h8k9IJljtV, 5776220]
[paragraph, [152.0, 907.0, 659.0, 18.0], h8k9IJljtV, 5776220]
[paragraph, [152.0, 925.0, 659.0, 18.0], h8k9IJljtV, 5776220]
[paragraph, [152.0, 943.0, 659.0, 18.0], h8k9IJljtV, 5776220]
[paragraph, [152.0, 961.0, 659.0, 18.0], h8k9IJljtV, 5776220]
[paragraph, [152.0, 979.0, 659.0, 18.0], h8k9IJljtV, 5776220]
[paragraph, [152.0, 997.0, 659.0, 18.0], h8k9IJljtV, 5776220]
[paragraph, [152.0, 1015.0, 659.0, 18.0], h8k9IJljtV, 5776220]
[paragraph, [152.0, 1033.0, 659.0, 18.0], h8k9IJljtV, 5776220]
[paragraph, [152.0, 1051.0, 659.0, 18.0], h8k9IJljtV, 5776220]
[paragraph, [152.0, 1069.0, 659.0, 18.0], h8k9IJljtV, 5776220]
[paragraph, [152.0, 1087.0, 659.0, 18.0], h8k9IJljtV, 5776220]
