[1230, 741]
[paragraph, [136.0, 174.0, 366.0, 18.0], 6IO0X8_y6C, 5702763]
[paragraph, [136.0, 192.0, 366.0, 18.0], 6IO0X8_y6C, 5702763]
[paragraph, [136.0, 210.0, 366.0, 18.0], 6IO0X8_y6C, 5702763]
[paragraph, [136.0, 228.0, 366.0, 18.0], 6IO0X8_y6C, 5702763]
[paragraph, [136.0, 246.0, 366.0, 18.0], 6IO0X8_y6C, 5702763]
[paragraph, [136.0, 264.0, 366.0, 18.0], 6IO0X8_y6C, 5702763]
[paragraph, [136.0, 282.0, 366.0, 18.0], 6IO0X8_y6C, 5702763]
[paragraph, [136.0, 300.0, 366.0, 18.0], 6IO0X8_y6C, 5702763]
[paragraph, [136.0, 318.0, 366.0, 18.0], 6IO0X8_y6C, 5702763]
[paragraph, [136.0, 336.0, 366.0, 18.0], 6IO0X8_y6C, 5702763]
[paragraph, [136.0, 354.0, 366.0, 18.0], 6IO0X8_y6C, 5702763]
[paragraph, [136.0, 372.0, 366.0, 18.0], 6IO0X8_y6C, 5702763]
[paragraph, [136.0, 390.0, 366.0, 18.0], 6IO0X8_y6C, 5702763]
[paragraph, [136.0, 408.0, 366.0, 18.0], 6IO0X8_y6C, 5702763]
[paragraph, [136.0, 426.0, 366.0, 18.0], 6IO0X8_y6C, 5702763]
[paragraph, [136.0, 444.0, 366.0, 18.0], 6IO0X8_y6C, 5702763]
[paragraph, [136.0, 462.0, 366.0, 18.0], 6IO0X8_y6C, 5702763]
[paragraph, [136.0, 480.0, 366.0, 18.0], 6IO0X8_y6C, 5702763]
[paragraph, [136.0, 498.0, 366.0, 18.0], 6IO0X8_y6C, 5702763]
[paragraph, [136.0, 516.0, 366.0, 18.0], 6IO0X8_y6C, 5702763]
[paragraph, [136.0, 534.0, 366.0, 18.0], 6IO0X8_y6C, 5702763]
[paragraph, [136.0, 552.0, 366.0, 18.0], 6IO0X8_y6C, 5702763]
[paragraph, [136.0, 570.0, 366.0, 18.0], 6IO0X8_y6C, 5702763]
[paragraph, [136.0, 588.0, 366.0, 18.0], 6IO0X8_y6C, 5702763]
[paragraph, [136.0, 606.0, 366.0, 18.0], 6IO0X8_y6C, 5702763]
[paragraph, [136.0, 624.0, 366.0, 18.0], 6IO0X8_y6C, 5702763]
[paragraph, [136.0, 642.0, 366.0, 18.0], 6IO0X8_y6C, 5702763]
[paragraph, [136.0, 660.0, 366.0, 18.0], 6IO0X8_y6C, 5702763]
[paragraph, [136.0, 678.0, 366.0, 18.0], 6IO0X8_y6C, 5702763]
[paragraph, [136.0, 696.0, 366.0, 18.0], 6IO0X8_y6C, 5702763]
[paragraph, [136.0, 714.0, 366.0, 18.0], 6IO0X8_y6C, 5702763]
[paragraph, [136.0, 732.0, 366.0, 18.0], 6IO0X8_y6C, 5702763]
[paragraph, [136.0, 750.0, 366.0, 18.0], 6IO0X8_y6C, 5702763]
[paragraph, [136.0, 768.0, 366.0, 18.0], 6IO0X8_y6C, 5702763]
[paragraph, [136.0, 786.0, 366.0, 18.0], 6IO0X8_y6C, 5702763]
[paragraph, [136.0, 804.0, 366.0, 18.0], 6IO0X8_y6C, 5702763]
[paragraph, [136.0, 822.0, 366.0, 18.0], 6IO0X8_y6C, 5702763]
[paragraph, [136.0, 840.0, 366.0, 18.0], 6IO0X8_y6C, 5702763]
[paragraph, [136.0, 858.0, 366.0, 18.0], 6IO0X8_y6C, 5702763]
[paragraph, [136.0, 876.0, 366.0, 18.0], 6IO0X8_y6C, 5702763]
