[1754, 1080]
[flag, [120.0, 72.0, 907.0, 36.0], WxKXs-d2BS, 5702534]
[flag, [120.0, 108.0, 907.0, 36.0], WxKXs-d2BS, 5702534]
[flag, [120.0, 144.0, 907.0, 36.0], WxKXs-d2BS, 5702534]
[flag, [120.0, 180.0, 907.0, 36.0], WxKXs-d2BS, 5702534]
[flag, [120.0, 216.0, 907.0, 36.0], WxKXs-d2BS, 5702534]
[flag, [120.0, 252.0, 907.0, 36.0], WxKXs-d2BS, 5702534]
[author, [684.0, 259.0, 337.0, 36.0], PCOCqb-c3O, 5702534]
[author, [684.0, 295.0, 337.0, 36.0], PCOCqb-c3O, 5702534]
[folio, [955.0, 1709.0, 117.0, 36.0], 1gXnrbw2Rw, 5702534]
