[1230, 741]
[paragraph, [73.0, 167.0, 585.0, 18.0], 47-h4YwZag, 5702710]
[paragraph, [73.0, 185.0, 585.0, 18.0], 47-h4YwZag, 5702710]
[paragraph, [73.0, 203.0, 585.0, 18.0], 47-h4YwZag, 5702710]
[paragraph, [73.0, 221.0, 585.0, 18.0], 47-h4YwZag, 5702710]
[paragraph, [73.0, 239.0, 585.0, 18.0], 47-h4YwZag, 5702710]
[paragraph, [73.0, 257.0, 585.0, 18.0], 47-h4YwZag, 5702710]
[paragraph, [73.0, 275.0, 585.0, 18.0], 47-h4YwZag, 5702710]
[paragraph, [73.0, 293.0, 585.0, 18.0], 47-h4YwZag, 5702710]
[paragraph, [73.0, 311.0, 585.0, 18.0], 47-h4YwZag, 5702710]
[paragraph, [73.0, 329.0, 585.0, 18.0], 47-h4YwZag, 5702710]
[paragraph, [73.0, 347.0, 585.0, 18.0], 47-h4YwZag, 5702710]
[paragraph, [73.0, 365.0, 585.0, 18.0], 47-h4YwZag, 5702710]
[paragraph, [73.0, 383.0, 585.0, 18.0], 47-h4YwZag, 5702710]
[paragraph, [73.0, 401.0, 585.0, 18.0], 47-h4YwZag, 5702710]
[paragraph, [73.0, 419.0, 585.0, 18.0], 47-h4YwZag, 5702710]
[paragraph, [73.0, 437.0, 585.0, 18.0], 47-h4YwZag, 5702710]
