[1050, 693]
[folio, [522.0, 83.0, 86.0, 18.0], LXiIfjh3yF, 5702765]
[folio, [522.0, 101.0, 86.0, 18.0], LXiIfjh3yF, 5702765]
[paragraph, [81.0, 131.0, 523.0, 18.0], S6__b7jmnG, 5702765]
[paragraph, [81.0, 149.0, 523.0, 18.0], S6__b7jmnG, 5702765]
[paragraph, [81.0, 167.0, 523.0, 18.0], S6__b7jmnG, 5702765]
[paragraph, [88.0, 203.0, 518.0, 18.0], Zd2vvp34gG, 5702765]
[paragraph, [88.0, 221.0, 518.0, 18.0], Zd2vvp34gG, 5702765]
[paragraph, [88.0, 239.0, 518.0, 18.0], Zd2vvp34gG, 5702765]
[paragraph, [88.0, 257.0, 518.0, 18.0], Zd2vvp34gG, 5702765]
[paragraph, [135.0, 291.0, 271.0, 18.0], z4bjkH49-g, 5702765]
[paragraph, [135.0, 309.0, 271.0, 18.0], z4bjkH49-g, 5702765]
