[1050, 693]
[headline, [172.0, 283.0, 251.0, 25.5], rffVIKsBnQ, 5701737]
[headline, [172.0, 308.5, 251.0, 25.5], rffVIKsBnQ, 5701737]
[flag, [179.0, 393.0, 253.0, 18.0], qIBcQKV-2m, 5701737]
[flag, [179.0, 411.0, 253.0, 18.0], qIBcQKV-2m, 5701737]
[flag, [179.0, 429.0, 253.0, 18.0], qIBcQKV-2m, 5701737]
[flag, [179.0, 447.0, 253.0, 18.0], qIBcQKV-2m, 5701737]
[flag, [179.0, 465.0, 253.0, 18.0], qIBcQKV-2m, 5701737]
[flag, [179.0, 483.0, 253.0, 18.0], qIBcQKV-2m, 5701737]
[flag, [179.0, 501.0, 253.0, 18.0], qIBcQKV-2m, 5701737]
[flag, [179.0, 519.0, 253.0, 18.0], qIBcQKV-2m, 5701737]
