[1241, 798]
[folio, [259.0, 168.0, 267.0, 18.0], shoonya_0sQ7FWQ8MNK93Z, 5701762]
[folio, [259.0, 186.0, 267.0, 18.0], shoonya_0sQ7FWQ8MNK93Z, 5701762]
[flag, [134.0, 456.0, 509.0, 18.0], K4mwY4viva, 5701762]
[flag, [134.0, 474.0, 509.0, 18.0], K4mwY4viva, 5701762]
[flag, [134.0, 492.0, 509.0, 18.0], K4mwY4viva, 5701762]
[flag, [134.0, 510.0, 509.0, 18.0], K4mwY4viva, 5701762]
[flag, [134.0, 528.0, 509.0, 18.0], K4mwY4viva, 5701762]
[headline, [316.0, 581.0, 156.0, 25.5], Dlg5KqTqjp, 5701762]
[author, [216.0, 956.0, 353.0, 18.0], shoonya_1s3Q9A6HPVATFO, 5701762]
[author, [216.0, 974.0, 353.0, 18.0], shoonya_1s3Q9A6HPVATFO, 5701762]
