[1230, 741]
[paragraph, [73.0, 163.0, 413.0, 18.0], shoonya_2sKZT4QAYTFQ39, 5702099]
[paragraph, [73.0, 181.0, 413.0, 18.0], shoonya_2sKZT4QAYTFQ39, 5702099]
[paragraph, [73.0, 199.0, 413.0, 18.0], shoonya_2sKZT4QAYTFQ39, 5702099]
[paragraph, [73.0, 260.0, 379.0, 18.0], 4NPBV6zd7u, 5702099]
[paragraph, [73.0, 278.0, 379.0, 18.0], 4NPBV6zd7u, 5702099]
[paragraph, [73.0, 296.0, 379.0, 18.0], 4NPBV6zd7u, 5702099]
[paragraph, [73.0, 314.0, 379.0, 18.0], 4NPBV6zd7u, 5702099]
[paragraph, [73.0, 332.0, 379.0, 18.0], 4NPBV6zd7u, 5702099]
[paragraph, [73.0, 350.0, 379.0, 18.0], 4NPBV6zd7u, 5702099]
[paragraph, [73.0, 368.0, 379.0, 18.0], 4NPBV6zd7u, 5702099]
[paragraph, [73.0, 386.0, 379.0, 18.0], 4NPBV6zd7u, 5702099]
[paragraph, [73.0, 404.0, 379.0, 18.0], 4NPBV6zd7u, 5702099]
[paragraph, [73.0, 422.0, 379.0, 18.0], 4NPBV6zd7u, 5702099]
[paragraph, [73.0, 440.0, 379.0, 18.0], 4NPBV6zd7u, 5702099]
[paragraph, [68.0, 483.0, 443.0, 18.0], P9q15P2KQi, 5702099]
[paragraph, [68.0, 501.0, 443.0, 18.0], P9q15P2KQi, 5702099]
[paragraph, [68.0, 519.0, 443.0, 18.0], P9q15P2KQi, 5702099]
[paragraph, [68.0, 537.0, 443.0, 18.0], P9q15P2KQi, 5702099]
[paragraph, [68.0, 555.0, 443.0, 18.0], P9q15P2KQi, 5702099]
[paragraph, [68.0, 573.0, 443.0, 18.0], P9q15P2KQi, 5702099]
[paragraph, [68.0, 591.0, 443.0, 18.0], P9q15P2KQi, 5702099]
[paragraph, [68.0, 609.0, 443.0, 18.0], P9q15P2KQi, 5702099]
[paragraph, [68.0, 627.0, 443.0, 18.0], P9q15P2KQi, 5702099]
[paragraph, [68.0, 645.0, 443.0, 18.0], P9q15P2KQi, 5702099]
[paragraph, [68.0, 663.0, 443.0, 18.0], P9q15P2KQi, 5702099]
[paragraph, [68.0, 681.0, 443.0, 18.0], P9q15P2KQi, 5702099]
[paragraph, [68.0, 699.0, 443.0, 18.0], P9q15P2KQi, 5702099]
[paragraph, [68.0, 717.0, 443.0, 18.0], P9q15P2KQi, 5702099]
