[1050, 693]
[paragraph, [73.0, 123.0, 540.0, 18.0], 3Yj2js0HXU, 5702120]
[paragraph, [73.0, 141.0, 540.0, 18.0], 3Yj2js0HXU, 5702120]
[paragraph, [73.0, 159.0, 540.0, 18.0], 3Yj2js0HXU, 5702120]
[paragraph, [73.0, 177.0, 540.0, 18.0], 3Yj2js0HXU, 5702120]
[paragraph, [73.0, 195.0, 540.0, 18.0], 3Yj2js0HXU, 5702120]
[paragraph, [73.0, 213.0, 540.0, 18.0], 3Yj2js0HXU, 5702120]
[paragraph, [73.0, 231.0, 540.0, 18.0], 3Yj2js0HXU, 5702120]
[paragraph, [73.0, 249.0, 540.0, 18.0], 3Yj2js0HXU, 5702120]
[paragraph, [73.0, 267.0, 540.0, 18.0], 3Yj2js0HXU, 5702120]
[paragraph, [73.0, 285.0, 540.0, 18.0], 3Yj2js0HXU, 5702120]
[paragraph, [73.0, 303.0, 540.0, 18.0], 3Yj2js0HXU, 5702120]
[paragraph, [73.0, 321.0, 540.0, 18.0], 3Yj2js0HXU, 5702120]
[paragraph, [73.0, 339.0, 540.0, 18.0], 3Yj2js0HXU, 5702120]
[paragraph, [73.0, 357.0, 540.0, 18.0], 3Yj2js0HXU, 5702120]
[paragraph, [73.0, 375.0, 540.0, 18.0], 3Yj2js0HXU, 5702120]
[paragraph, [73.0, 393.0, 540.0, 18.0], 3Yj2js0HXU, 5702120]
[paragraph, [73.0, 411.0, 540.0, 18.0], 3Yj2js0HXU, 5702120]
[paragraph, [73.0, 429.0, 540.0, 18.0], 3Yj2js0HXU, 5702120]
[paragraph, [73.0, 447.0, 540.0, 18.0], 3Yj2js0HXU, 5702120]
[paragraph, [73.0, 465.0, 540.0, 18.0], 3Yj2js0HXU, 5702120]
[paragraph, [73.0, 483.0, 540.0, 18.0], 3Yj2js0HXU, 5702120]
[paragraph, [73.0, 501.0, 540.0, 18.0], 3Yj2js0HXU, 5702120]
[paragraph, [73.0, 519.0, 540.0, 18.0], 3Yj2js0HXU, 5702120]
[paragraph, [73.0, 537.0, 540.0, 18.0], 3Yj2js0HXU, 5702120]
[paragraph, [73.0, 555.0, 540.0, 18.0], 3Yj2js0HXU, 5702120]
[paragraph, [73.0, 573.0, 540.0, 18.0], 3Yj2js0HXU, 5702120]
[paragraph, [73.0, 591.0, 540.0, 18.0], 3Yj2js0HXU, 5702120]
[paragraph, [73.0, 609.0, 540.0, 18.0], 3Yj2js0HXU, 5702120]
[paragraph, [73.0, 627.0, 540.0, 18.0], 3Yj2js0HXU, 5702120]
[paragraph, [73.0, 645.0, 540.0, 18.0], 3Yj2js0HXU, 5702120]
[paragraph, [73.0, 663.0, 540.0, 18.0], 3Yj2js0HXU, 5702120]
[paragraph, [73.0, 681.0, 540.0, 18.0], 3Yj2js0HXU, 5702120]
[paragraph, [73.0, 699.0, 540.0, 18.0], 3Yj2js0HXU, 5702120]
[paragraph, [73.0, 717.0, 540.0, 18.0], 3Yj2js0HXU, 5702120]
[paragraph, [73.0, 735.0, 540.0, 18.0], 3Yj2js0HXU, 5702120]
[paragraph, [73.0, 753.0, 540.0, 18.0], 3Yj2js0HXU, 5702120]
[paragraph, [73.0, 771.0, 540.0, 18.0], 3Yj2js0HXU, 5702120]
[paragraph, [73.0, 789.0, 540.0, 18.0], 3Yj2js0HXU, 5702120]
[paragraph, [73.0, 807.0, 540.0, 18.0], 3Yj2js0HXU, 5702120]
[paragraph, [73.0, 825.0, 540.0, 18.0], 3Yj2js0HXU, 5702120]
[paragraph, [73.0, 843.0, 540.0, 18.0], 3Yj2js0HXU, 5702120]
[paragraph, [73.0, 861.0, 540.0, 18.0], 3Yj2js0HXU, 5702120]
[paragraph, [73.0, 879.0, 540.0, 18.0], 3Yj2js0HXU, 5702120]
[paragraph, [73.0, 897.0, 540.0, 18.0], 3Yj2js0HXU, 5702120]
[paragraph, [73.0, 915.0, 540.0, 18.0], 3Yj2js0HXU, 5702120]
[paragraph, [73.0, 933.0, 540.0, 18.0], 3Yj2js0HXU, 5702120]
[paragraph, [73.0, 951.0, 540.0, 18.0], 3Yj2js0HXU, 5702120]
