[2334, 1650]
[paragraph, [235.0, 113.0, 1273.0, 36.0], shoonya_0sM0K549FCN0YG, 5652418]
[paragraph, [235.0, 149.0, 1273.0, 36.0], shoonya_0sM0K549FCN0YG, 5652418]
[paragraph, [235.0, 185.0, 1273.0, 36.0], shoonya_0sM0K549FCN0YG, 5652418]
[paragraph, [235.0, 221.0, 1273.0, 36.0], shoonya_0sM0K549FCN0YG, 5652418]
[paragraph, [271.0, 284.0, 1240.0, 36.0], ad1kUG-IUy, 5652418]
[paragraph, [271.0, 320.0, 1240.0, 36.0], ad1kUG-IUy, 5652418]
[paragraph, [271.0, 356.0, 1240.0, 36.0], ad1kUG-IUy, 5652418]
[paragraph, [271.0, 392.0, 1240.0, 36.0], ad1kUG-IUy, 5652418]
[paragraph, [271.0, 428.0, 1240.0, 36.0], ad1kUG-IUy, 5652418]
[paragraph, [271.0, 464.0, 1240.0, 36.0], ad1kUG-IUy, 5652418]
[paragraph, [271.0, 500.0, 1240.0, 36.0], ad1kUG-IUy, 5652418]
[paragraph, [263.0, 550.0, 1221.0, 36.0], Q_EMSckR8I, 5652418]
[paragraph, [263.0, 586.0, 1221.0, 36.0], Q_EMSckR8I, 5652418]
[paragraph, [263.0, 622.0, 1221.0, 36.0], Q_EMSckR8I, 5652418]
[paragraph, [263.0, 658.0, 1221.0, 36.0], Q_EMSckR8I, 5652418]
[paragraph, [263.0, 694.0, 1221.0, 36.0], Q_EMSckR8I, 5652418]
[paragraph, [263.0, 730.0, 1221.0, 36.0], Q_EMSckR8I, 5652418]
[paragraph, [263.0, 766.0, 1221.0, 36.0], Q_EMSckR8I, 5652418]
[paragraph, [263.0, 802.0, 1221.0, 36.0], Q_EMSckR8I, 5652418]
[paragraph, [263.0, 838.0, 1221.0, 36.0], Q_EMSckR8I, 5652418]
[paragraph, [267.0, 883.0, 1211.0, 36.0], 1RLOqNbMoC, 5652418]
[paragraph, [267.0, 919.0, 1211.0, 36.0], 1RLOqNbMoC, 5652418]
[paragraph, [267.0, 955.0, 1211.0, 36.0], 1RLOqNbMoC, 5652418]
[paragraph, [267.0, 991.0, 1211.0, 36.0], 1RLOqNbMoC, 5652418]
[paragraph, [263.0, 1056.0, 1262.0, 36.0], i7mz0LL9qu, 5652418]
[paragraph, [263.0, 1092.0, 1262.0, 36.0], i7mz0LL9qu, 5652418]
[paragraph, [263.0, 1128.0, 1262.0, 36.0], i7mz0LL9qu, 5652418]
[paragraph, [263.0, 1164.0, 1262.0, 36.0], i7mz0LL9qu, 5652418]
[paragraph, [263.0, 1200.0, 1262.0, 36.0], i7mz0LL9qu, 5652418]
[paragraph, [263.0, 1236.0, 1262.0, 36.0], i7mz0LL9qu, 5652418]
[paragraph, [263.0, 1272.0, 1262.0, 36.0], i7mz0LL9qu, 5652418]
[paragraph, [263.0, 1308.0, 1262.0, 36.0], i7mz0LL9qu, 5652418]
[paragraph, [263.0, 1344.0, 1262.0, 36.0], i7mz0LL9qu, 5652418]
[paragraph, [263.0, 1380.0, 1262.0, 36.0], i7mz0LL9qu, 5652418]
[paragraph, [263.0, 1416.0, 1262.0, 36.0], i7mz0LL9qu, 5652418]
[paragraph, [263.0, 1452.0, 1262.0, 36.0], i7mz0LL9qu, 5652418]
[paragraph, [263.0, 1488.0, 1262.0, 36.0], i7mz0LL9qu, 5652418]
[paragraph, [263.0, 1524.0, 1262.0, 36.0], i7mz0LL9qu, 5652418]
[paragraph, [263.0, 1560.0, 1262.0, 36.0], i7mz0LL9qu, 5652418]
[paragraph, [276.0, 1600.0, 1244.0, 36.0], mzs9N-xC-b, 5652418]
[paragraph, [276.0, 1636.0, 1244.0, 36.0], mzs9N-xC-b, 5652418]
[paragraph, [276.0, 1672.0, 1244.0, 36.0], mzs9N-xC-b, 5652418]
[paragraph, [276.0, 1708.0, 1244.0, 36.0], mzs9N-xC-b, 5652418]
[paragraph, [276.0, 1744.0, 1244.0, 36.0], mzs9N-xC-b, 5652418]
[paragraph, [276.0, 1780.0, 1244.0, 36.0], mzs9N-xC-b, 5652418]
[paragraph, [276.0, 1816.0, 1244.0, 36.0], mzs9N-xC-b, 5652418]
[paragraph, [276.0, 1852.0, 1244.0, 36.0], mzs9N-xC-b, 5652418]
[paragraph, [276.0, 1888.0, 1244.0, 36.0], mzs9N-xC-b, 5652418]
[paragraph, [259.0, 1932.0, 1281.0, 36.0], HyAfnESArQ, 5652418]
[paragraph, [259.0, 1968.0, 1281.0, 36.0], HyAfnESArQ, 5652418]
[paragraph, [259.0, 2004.0, 1281.0, 36.0], HyAfnESArQ, 5652418]
[folio, [341.0, 2086.0, 381.0, 36.0], mvQ5mvAcAB, 5652418]
[folio, [341.0, 2122.0, 381.0, 36.0], mvQ5mvAcAB, 5652418]
