[1387, 987]
[paragraph, [51.0, 86.0, 836.0, 18.0], shoonya_0sXIDXDTZ5Y576, 5651723]
[paragraph, [51.0, 104.0, 836.0, 18.0], shoonya_0sXIDXDTZ5Y576, 5651723]
[paragraph, [51.0, 122.0, 836.0, 18.0], shoonya_0sXIDXDTZ5Y576, 5651723]
[paragraph, [51.0, 140.0, 836.0, 18.0], shoonya_0sXIDXDTZ5Y576, 5651723]
[paragraph, [51.0, 158.0, 836.0, 18.0], shoonya_0sXIDXDTZ5Y576, 5651723]
[paragraph, [51.0, 176.0, 836.0, 18.0], shoonya_0sXIDXDTZ5Y576, 5651723]
[paragraph, [51.0, 194.0, 836.0, 18.0], shoonya_0sXIDXDTZ5Y576, 5651723]
[paragraph, [52.0, 220.0, 843.0, 18.0], d47vx26n5V, 5651723]
[paragraph, [52.0, 238.0, 843.0, 18.0], d47vx26n5V, 5651723]
[paragraph, [52.0, 256.0, 843.0, 18.0], d47vx26n5V, 5651723]
[paragraph, [52.0, 274.0, 843.0, 18.0], d47vx26n5V, 5651723]
[paragraph, [52.0, 292.0, 843.0, 18.0], d47vx26n5V, 5651723]
[paragraph, [52.0, 310.0, 843.0, 18.0], d47vx26n5V, 5651723]
[paragraph, [52.0, 328.0, 843.0, 18.0], d47vx26n5V, 5651723]
[paragraph, [52.0, 346.0, 843.0, 18.0], d47vx26n5V, 5651723]
[paragraph, [52.0, 364.0, 843.0, 18.0], d47vx26n5V, 5651723]
[paragraph, [52.0, 382.0, 843.0, 18.0], d47vx26n5V, 5651723]
[paragraph, [52.0, 400.0, 843.0, 18.0], d47vx26n5V, 5651723]
[paragraph, [52.0, 418.0, 843.0, 18.0], d47vx26n5V, 5651723]
[paragraph, [52.0, 436.0, 843.0, 18.0], d47vx26n5V, 5651723]
[paragraph, [52.0, 454.0, 843.0, 18.0], d47vx26n5V, 5651723]
[paragraph, [52.0, 472.0, 843.0, 18.0], d47vx26n5V, 5651723]
[paragraph, [52.0, 490.0, 843.0, 18.0], d47vx26n5V, 5651723]
[paragraph, [52.0, 508.0, 843.0, 18.0], d47vx26n5V, 5651723]
[paragraph, [52.0, 526.0, 843.0, 18.0], d47vx26n5V, 5651723]
[paragraph, [52.0, 544.0, 843.0, 18.0], d47vx26n5V, 5651723]
[paragraph, [65.0, 572.0, 839.0, 18.0], AqS8V4MG0h, 5651723]
[paragraph, [65.0, 590.0, 839.0, 18.0], AqS8V4MG0h, 5651723]
[paragraph, [65.0, 608.0, 839.0, 18.0], AqS8V4MG0h, 5651723]
[paragraph, [65.0, 626.0, 839.0, 18.0], AqS8V4MG0h, 5651723]
[paragraph, [65.0, 644.0, 839.0, 18.0], AqS8V4MG0h, 5651723]
[paragraph, [65.0, 662.0, 839.0, 18.0], AqS8V4MG0h, 5651723]
[paragraph, [65.0, 680.0, 839.0, 18.0], AqS8V4MG0h, 5651723]
[paragraph, [65.0, 698.0, 839.0, 18.0], AqS8V4MG0h, 5651723]
[paragraph, [65.0, 716.0, 839.0, 18.0], AqS8V4MG0h, 5651723]
[paragraph, [65.0, 734.0, 839.0, 18.0], AqS8V4MG0h, 5651723]
[paragraph, [65.0, 752.0, 839.0, 18.0], AqS8V4MG0h, 5651723]
[paragraph, [65.0, 770.0, 839.0, 18.0], AqS8V4MG0h, 5651723]
[paragraph, [65.0, 788.0, 839.0, 18.0], AqS8V4MG0h, 5651723]
[paragraph, [65.0, 806.0, 839.0, 18.0], AqS8V4MG0h, 5651723]
[paragraph, [65.0, 824.0, 839.0, 18.0], AqS8V4MG0h, 5651723]
[paragraph, [65.0, 842.0, 839.0, 18.0], AqS8V4MG0h, 5651723]
[paragraph, [65.0, 860.0, 839.0, 18.0], AqS8V4MG0h, 5651723]
[paragraph, [65.0, 878.0, 839.0, 18.0], AqS8V4MG0h, 5651723]
[paragraph, [65.0, 896.0, 839.0, 18.0], AqS8V4MG0h, 5651723]
[paragraph, [65.0, 914.0, 839.0, 18.0], AqS8V4MG0h, 5651723]
[paragraph, [65.0, 932.0, 839.0, 18.0], AqS8V4MG0h, 5651723]
[paragraph, [65.0, 950.0, 839.0, 18.0], AqS8V4MG0h, 5651723]
[paragraph, [65.0, 968.0, 839.0, 18.0], AqS8V4MG0h, 5651723]
[paragraph, [81.0, 988.0, 855.0, 18.0], krjcGoJ8AF, 5651723]
[paragraph, [81.0, 1006.0, 855.0, 18.0], krjcGoJ8AF, 5651723]
[paragraph, [81.0, 1024.0, 855.0, 18.0], krjcGoJ8AF, 5651723]
[paragraph, [81.0, 1042.0, 855.0, 18.0], krjcGoJ8AF, 5651723]
[paragraph, [81.0, 1060.0, 855.0, 18.0], krjcGoJ8AF, 5651723]
[paragraph, [81.0, 1078.0, 855.0, 18.0], krjcGoJ8AF, 5651723]
[paragraph, [81.0, 1096.0, 855.0, 18.0], krjcGoJ8AF, 5651723]
[paragraph, [81.0, 1114.0, 855.0, 18.0], krjcGoJ8AF, 5651723]
[paragraph, [81.0, 1132.0, 855.0, 18.0], krjcGoJ8AF, 5651723]
[paragraph, [85.0, 1167.0, 822.0, 18.0], _8g3if2gxJ, 5651723]
[paragraph, [85.0, 1185.0, 822.0, 18.0], _8g3if2gxJ, 5651723]
[paragraph, [85.0, 1203.0, 822.0, 18.0], _8g3if2gxJ, 5651723]
[paragraph, [85.0, 1221.0, 822.0, 18.0], _8g3if2gxJ, 5651723]
[paragraph, [85.0, 1239.0, 822.0, 18.0], _8g3if2gxJ, 5651723]
[paragraph, [85.0, 1257.0, 822.0, 18.0], _8g3if2gxJ, 5651723]
[paragraph, [85.0, 1275.0, 822.0, 18.0], _8g3if2gxJ, 5651723]
