[5478, 3644]
[folio, [2245.0, 437.0, 888.0, 52.5], 9fSzLGELij, 5709888]
[folio, [2245.0, 489.5, 888.0, 52.5], 9fSzLGELij, 5709888]
[paragraph, [721.0, 617.0, 970.0, 52.5], hFUljd_Inn, 5709888]
[paragraph, [721.0, 669.5, 970.0, 52.5], hFUljd_Inn, 5709888]
[quote, [732.0, 753.0, 1062.0, 52.5], Y0tTs_8Fhd, 5709888]
[quote, [732.0, 805.5, 1062.0, 52.5], Y0tTs_8Fhd, 5709888]
[paragraph, [737.0, 888.0, 2234.0, 52.5], dAKdYq5TWQ, 5709888]
[paragraph, [737.0, 940.5, 2234.0, 52.5], dAKdYq5TWQ, 5709888]
[quote, [742.0, 1018.0, 2331.0, 52.5], sopSYDpt09, 5709888]
[quote, [742.0, 1070.5, 2331.0, 52.5], sopSYDpt09, 5709888]
[paragraph, [715.0, 1154.0, 1296.0, 52.5], EcgYydaTEv, 5709888]
[paragraph, [715.0, 1206.5, 1296.0, 52.5], EcgYydaTEv, 5709888]
[paragraph, [515.0, 1289.0, 2575.0, 52.5], 9aUaEv9n7Q, 5709888]
[paragraph, [515.0, 1341.5, 2575.0, 52.5], 9aUaEv9n7Q, 5709888]
[paragraph, [515.0, 1394.0, 2575.0, 52.5], 9aUaEv9n7Q, 5709888]
[paragraph, [515.0, 1446.5, 2575.0, 52.5], 9aUaEv9n7Q, 5709888]
[paragraph, [515.0, 1499.0, 2575.0, 52.5], 9aUaEv9n7Q, 5709888]
[paragraph, [515.0, 1551.5, 2575.0, 52.5], 9aUaEv9n7Q, 5709888]
[paragraph, [515.0, 1604.0, 2575.0, 52.5], 9aUaEv9n7Q, 5709888]
[paragraph, [498.0, 1663.0, 2619.0, 52.5], Mi6ywPc9DV, 5709888]
[paragraph, [498.0, 1715.5, 2619.0, 52.5], Mi6ywPc9DV, 5709888]
[paragraph, [498.0, 1768.0, 2619.0, 52.5], Mi6ywPc9DV, 5709888]
[paragraph, [498.0, 1820.5, 2619.0, 52.5], Mi6ywPc9DV, 5709888]
[paragraph, [498.0, 1873.0, 2619.0, 52.5], Mi6ywPc9DV, 5709888]
[paragraph, [498.0, 1925.5, 2619.0, 52.5], Mi6ywPc9DV, 5709888]
[paragraph, [498.0, 1978.0, 2619.0, 52.5], Mi6ywPc9DV, 5709888]
[paragraph, [498.0, 2030.5, 2619.0, 52.5], Mi6ywPc9DV, 5709888]
[paragraph, [498.0, 2083.0, 2619.0, 52.5], Mi6ywPc9DV, 5709888]
[paragraph, [498.0, 2135.5, 2619.0, 52.5], Mi6ywPc9DV, 5709888]
[paragraph, [498.0, 2188.0, 2619.0, 52.5], Mi6ywPc9DV, 5709888]
[paragraph, [498.0, 2240.5, 2619.0, 52.5], Mi6ywPc9DV, 5709888]
[paragraph, [498.0, 2293.0, 2619.0, 52.5], Mi6ywPc9DV, 5709888]
[paragraph, [498.0, 2345.5, 2619.0, 52.5], Mi6ywPc9DV, 5709888]
[paragraph, [498.0, 2398.0, 2619.0, 52.5], Mi6ywPc9DV, 5709888]
[paragraph, [498.0, 2450.5, 2619.0, 52.5], Mi6ywPc9DV, 5709888]
[paragraph, [498.0, 2503.0, 2619.0, 52.5], Mi6ywPc9DV, 5709888]
[paragraph, [498.0, 2555.5, 2619.0, 52.5], Mi6ywPc9DV, 5709888]
[paragraph, [498.0, 2608.0, 2619.0, 52.5], Mi6ywPc9DV, 5709888]
[quote, [742.0, 2698.0, 2087.0, 52.5], hCOS3-2m6U, 5709888]
[quote, [742.0, 2750.5, 2087.0, 52.5], hCOS3-2m6U, 5709888]
[paragraph, [493.0, 2850.0, 2586.0, 52.5], k3qE7meHWh, 5709888]
[paragraph, [493.0, 2902.5, 2586.0, 52.5], k3qE7meHWh, 5709888]
[paragraph, [493.0, 2955.0, 2586.0, 52.5], k3qE7meHWh, 5709888]
[paragraph, [493.0, 3007.5, 2586.0, 52.5], k3qE7meHWh, 5709888]
[paragraph, [488.0, 3099.0, 2597.0, 52.5], sGSF40SW7_, 5709888]
[paragraph, [488.0, 3151.5, 2597.0, 52.5], sGSF40SW7_, 5709888]
[paragraph, [488.0, 3204.0, 2597.0, 52.5], sGSF40SW7_, 5709888]
[paragraph, [488.0, 3256.5, 2597.0, 52.5], sGSF40SW7_, 5709888]
[quote, [710.0, 3353.0, 2169.0, 52.5], 4KnmTATH3p, 5709888]
[quote, [710.0, 3405.5, 2169.0, 52.5], 4KnmTATH3p, 5709888]
[paragraph, [493.0, 3500.0, 2602.0, 52.5], bddk9yip4s, 5709888]
[paragraph, [493.0, 3552.5, 2602.0, 52.5], bddk9yip4s, 5709888]
[paragraph, [493.0, 3605.0, 2602.0, 52.5], bddk9yip4s, 5709888]
[paragraph, [493.0, 3657.5, 2602.0, 52.5], bddk9yip4s, 5709888]
[paragraph, [493.0, 3710.0, 2602.0, 52.5], bddk9yip4s, 5709888]
[paragraph, [493.0, 3762.5, 2602.0, 52.5], bddk9yip4s, 5709888]
[paragraph, [493.0, 3815.0, 2602.0, 52.5], bddk9yip4s, 5709888]
[quote, [488.0, 3884.0, 2586.0, 52.5], jK3IbYqsjC, 5709888]
[quote, [488.0, 3936.5, 2586.0, 52.5], jK3IbYqsjC, 5709888]
[quote, [488.0, 3989.0, 2586.0, 52.5], jK3IbYqsjC, 5709888]
[quote, [488.0, 4041.5, 2586.0, 52.5], jK3IbYqsjC, 5709888]
[quote, [704.0, 4139.0, 1030.0, 52.5], JIhRueR8RL, 5709888]
[quote, [704.0, 4191.5, 1030.0, 52.5], JIhRueR8RL, 5709888]
[quote, [504.0, 4269.0, 2564.0, 52.5], 0Ts5lYGJ8P, 5709888]
[quote, [504.0, 4321.5, 2564.0, 52.5], 0Ts5lYGJ8P, 5709888]
[quote, [504.0, 4374.0, 2564.0, 52.5], 0Ts5lYGJ8P, 5709888]
[quote, [504.0, 4426.5, 2564.0, 52.5], 0Ts5lYGJ8P, 5709888]
[paragraph, [488.0, 4529.0, 2586.0, 52.5], SGtcJSxoLU, 5709888]
[paragraph, [488.0, 4581.5, 2586.0, 52.5], SGtcJSxoLU, 5709888]
[paragraph, [488.0, 4634.0, 2586.0, 52.5], SGtcJSxoLU, 5709888]
[paragraph, [488.0, 4686.5, 2586.0, 52.5], SGtcJSxoLU, 5709888]
