[4767, 3325]
[folio, [1765.0, 377.0, 909.0, 52.5], 9c9SEFzrps, 5709713]
[folio, [1765.0, 429.5, 909.0, 52.5], 9c9SEFzrps, 5709713]
[quote, [331.0, 516.0, 2356.0, 52.5], lxN9lINNzI, 5709713]
[quote, [331.0, 568.5, 2356.0, 52.5], lxN9lINNzI, 5709713]
[quote, [331.0, 621.0, 2356.0, 52.5], lxN9lINNzI, 5709713]
[quote, [331.0, 673.5, 2356.0, 52.5], lxN9lINNzI, 5709713]
[paragraph, [293.0, 759.0, 2423.0, 52.5], LecVFDcU0S, 5709713]
[paragraph, [293.0, 811.5, 2423.0, 52.5], LecVFDcU0S, 5709713]
[paragraph, [293.0, 864.0, 2423.0, 52.5], LecVFDcU0S, 5709713]
[paragraph, [293.0, 916.5, 2423.0, 52.5], LecVFDcU0S, 5709713]
[paragraph, [293.0, 969.0, 2423.0, 52.5], LecVFDcU0S, 5709713]
[paragraph, [293.0, 1021.5, 2423.0, 52.5], LecVFDcU0S, 5709713]
[paragraph, [293.0, 1074.0, 2423.0, 52.5], LecVFDcU0S, 5709713]
[paragraph, [293.0, 1126.5, 2423.0, 52.5], LecVFDcU0S, 5709713]
[paragraph, [293.0, 1179.0, 2423.0, 52.5], LecVFDcU0S, 5709713]
[paragraph, [293.0, 1231.5, 2423.0, 52.5], LecVFDcU0S, 5709713]
[paragraph, [293.0, 1284.0, 2423.0, 52.5], LecVFDcU0S, 5709713]
[paragraph, [578.0, 1359.0, 1658.0, 52.5], shoonya_1sTG6RUU1QOXW6, 5709713]
[paragraph, [578.0, 1411.5, 1658.0, 52.5], shoonya_1sTG6RUU1QOXW6, 5709713]
[paragraph, [566.0, 1493.0, 910.0, 52.5], shoonya_0s5RY6883UXK9A, 5709713]
[paragraph, [566.0, 1545.5, 910.0, 52.5], shoonya_0s5RY6883UXK9A, 5709713]
[paragraph, [331.0, 1602.0, 2389.0, 52.5], gh1IQBGOAF, 5709713]
[paragraph, [331.0, 1654.5, 2389.0, 52.5], gh1IQBGOAF, 5709713]
[paragraph, [331.0, 1707.0, 2389.0, 52.5], gh1IQBGOAF, 5709713]
[paragraph, [331.0, 1759.5, 2389.0, 52.5], gh1IQBGOAF, 5709713]
[quote, [339.0, 1850.0, 2389.0, 52.5], e8_MdE94it, 5709713]
[quote, [339.0, 1902.5, 2389.0, 52.5], e8_MdE94it, 5709713]
[quote, [339.0, 1955.0, 2389.0, 52.5], e8_MdE94it, 5709713]
[quote, [339.0, 2007.5, 2389.0, 52.5], e8_MdE94it, 5709713]
[quote, [339.0, 2060.0, 2389.0, 52.5], e8_MdE94it, 5709713]
[quote, [339.0, 2112.5, 2389.0, 52.5], e8_MdE94it, 5709713]
[quote, [339.0, 2165.0, 2389.0, 52.5], e8_MdE94it, 5709713]
[quote, [339.0, 2217.5, 2389.0, 52.5], e8_MdE94it, 5709713]
[quote, [339.0, 2270.0, 2389.0, 52.5], e8_MdE94it, 5709713]
[quote, [339.0, 2322.5, 2389.0, 52.5], e8_MdE94it, 5709713]
[quote, [339.0, 2375.0, 2389.0, 52.5], e8_MdE94it, 5709713]
[paragraph, [360.0, 2463.0, 2377.0, 52.5], KP5TBhj6ab, 5709713]
[paragraph, [360.0, 2515.5, 2377.0, 52.5], KP5TBhj6ab, 5709713]
[paragraph, [360.0, 2568.0, 2377.0, 52.5], KP5TBhj6ab, 5709713]
[paragraph, [360.0, 2620.5, 2377.0, 52.5], KP5TBhj6ab, 5709713]
[paragraph, [360.0, 2673.0, 2377.0, 52.5], KP5TBhj6ab, 5709713]
[paragraph, [360.0, 2725.5, 2377.0, 52.5], KP5TBhj6ab, 5709713]
[paragraph, [545.0, 2832.0, 1081.0, 52.5], 0tMeZC-Oww, 5709713]
[paragraph, [322.0, 2937.0, 2364.0, 52.5], 6nMJc-4J39, 5709713]
[paragraph, [322.0, 2989.5, 2364.0, 52.5], 6nMJc-4J39, 5709713]
[paragraph, [322.0, 3042.0, 2364.0, 52.5], 6nMJc-4J39, 5709713]
[paragraph, [322.0, 3094.5, 2364.0, 52.5], 6nMJc-4J39, 5709713]
[paragraph, [322.0, 3147.0, 2364.0, 52.5], 6nMJc-4J39, 5709713]
[paragraph, [331.0, 3285.0, 2385.0, 52.5], p9BWv1u4CL, 5709713]
[paragraph, [331.0, 3337.5, 2385.0, 52.5], p9BWv1u4CL, 5709713]
[paragraph, [331.0, 3390.0, 2385.0, 52.5], p9BWv1u4CL, 5709713]
[paragraph, [331.0, 3442.5, 2385.0, 52.5], p9BWv1u4CL, 5709713]
[paragraph, [331.0, 3495.0, 2385.0, 52.5], p9BWv1u4CL, 5709713]
[paragraph, [364.0, 3554.0, 2364.0, 52.5], ThkMRCiWmF, 5709713]
[paragraph, [364.0, 3606.5, 2364.0, 52.5], ThkMRCiWmF, 5709713]
[paragraph, [364.0, 3659.0, 2364.0, 52.5], ThkMRCiWmF, 5709713]
[paragraph, [364.0, 3711.5, 2364.0, 52.5], ThkMRCiWmF, 5709713]
[paragraph, [364.0, 3764.0, 2364.0, 52.5], ThkMRCiWmF, 5709713]
[paragraph, [364.0, 3816.5, 2364.0, 52.5], ThkMRCiWmF, 5709713]
[paragraph, [364.0, 3869.0, 2364.0, 52.5], ThkMRCiWmF, 5709713]
[paragraph, [364.0, 3921.5, 2364.0, 52.5], ThkMRCiWmF, 5709713]
[paragraph, [364.0, 3974.0, 2364.0, 52.5], ThkMRCiWmF, 5709713]
[paragraph, [532.0, 4045.0, 1215.0, 52.5], 2l7pP8fZgz, 5709713]
[paragraph, [532.0, 4097.5, 1215.0, 52.5], 2l7pP8fZgz, 5709713]
