[5500, 3644]
[folio, [332.0, 455.0, 300.0, 52.5], TtP9GLkyMn, 5710124]
[folio, [332.0, 507.5, 300.0, 52.5], TtP9GLkyMn, 5710124]
[paragraph, [229.0, 632.0, 2882.0, 52.5], shoonya_0s4PSCHYZI31OQ, 5710124]
[paragraph, [229.0, 684.5, 2882.0, 52.5], shoonya_0s4PSCHYZI31OQ, 5710124]
[paragraph, [229.0, 737.0, 2882.0, 52.5], shoonya_0s4PSCHYZI31OQ, 5710124]
[paragraph, [229.0, 789.5, 2882.0, 52.5], shoonya_0s4PSCHYZI31OQ, 5710124]
[paragraph, [229.0, 842.0, 2882.0, 52.5], shoonya_0s4PSCHYZI31OQ, 5710124]
[paragraph, [501.0, 915.0, 1917.0, 52.5], WYSXTptjum, 5710124]
[paragraph, [501.0, 967.5, 1917.0, 52.5], WYSXTptjum, 5710124]
[quote, [264.0, 1061.0, 2696.0, 52.5], ejwcF_e3gJ, 5710124]
[quote, [264.0, 1113.5, 2696.0, 52.5], ejwcF_e3gJ, 5710124]
[quote, [264.0, 1166.0, 2696.0, 52.5], ejwcF_e3gJ, 5710124]
[quote, [264.0, 1218.5, 2696.0, 52.5], ejwcF_e3gJ, 5710124]
[paragraph, [437.0, 1321.0, 1084.0, 52.5], f73POz6pLN, 5710124]
[paragraph, [437.0, 1373.5, 1084.0, 52.5], f73POz6pLN, 5710124]
[quote, [460.0, 1453.0, 1972.0, 52.5], qV1EJkTOK5, 5710124]
[quote, [460.0, 1505.5, 1972.0, 52.5], qV1EJkTOK5, 5710124]
[paragraph, [536.0, 1582.0, 1773.0, 52.5], rDksrH4FNR, 5710124]
[paragraph, [536.0, 1634.5, 1773.0, 52.5], rDksrH4FNR, 5710124]
[paragraph, [536.0, 1687.0, 1773.0, 52.5], rDksrH4FNR, 5710124]
[paragraph, [536.0, 1739.5, 1773.0, 52.5], rDksrH4FNR, 5710124]
[paragraph, [536.0, 1792.0, 1773.0, 52.5], rDksrH4FNR, 5710124]
[paragraph, [536.0, 1844.5, 1773.0, 52.5], rDksrH4FNR, 5710124]
[quote, [531.0, 1961.0, 1643.0, 52.5], XRydt8Fjav, 5710124]
[quote, [531.0, 2013.5, 1643.0, 52.5], XRydt8Fjav, 5710124]
[paragraph, [504.0, 2102.0, 1550.0, 52.5], _53PN6joad, 5710124]
[paragraph, [504.0, 2154.5, 1550.0, 52.5], _53PN6joad, 5710124]
[quote, [515.0, 2227.0, 2044.0, 52.5], wUn4v7Yp09, 5710124]
[quote, [515.0, 2279.5, 2044.0, 52.5], wUn4v7Yp09, 5710124]
[quote, [341.0, 2373.0, 2581.0, 52.5], 98nkM6sTr4, 5710124]
[quote, [341.0, 2425.5, 2581.0, 52.5], 98nkM6sTr4, 5710124]
[quote, [341.0, 2478.0, 2581.0, 52.5], 98nkM6sTr4, 5710124]
[quote, [341.0, 2530.5, 2581.0, 52.5], 98nkM6sTr4, 5710124]
[paragraph, [319.0, 2622.0, 2570.0, 52.5], 1-q-qmFiGN, 5710124]
[paragraph, [319.0, 2674.5, 2570.0, 52.5], 1-q-qmFiGN, 5710124]
[paragraph, [319.0, 2727.0, 2570.0, 52.5], 1-q-qmFiGN, 5710124]
[paragraph, [319.0, 2779.5, 2570.0, 52.5], 1-q-qmFiGN, 5710124]
[quote, [287.0, 2920.0, 2624.0, 52.5], kVfX2L0Yx-, 5710124]
[quote, [287.0, 2972.5, 2624.0, 52.5], kVfX2L0Yx-, 5710124]
[quote, [287.0, 3025.0, 2624.0, 52.5], kVfX2L0Yx-, 5710124]
[quote, [287.0, 3077.5, 2624.0, 52.5], kVfX2L0Yx-, 5710124]
[quote, [287.0, 3130.0, 2624.0, 52.5], kVfX2L0Yx-, 5710124]
[quote, [287.0, 3182.5, 2624.0, 52.5], kVfX2L0Yx-, 5710124]
[quote, [287.0, 3235.0, 2624.0, 52.5], kVfX2L0Yx-, 5710124]
[quote, [287.0, 3287.5, 2624.0, 52.5], kVfX2L0Yx-, 5710124]
[quote, [287.0, 3340.0, 2624.0, 52.5], kVfX2L0Yx-, 5710124]
[quote, [287.0, 3392.5, 2624.0, 52.5], kVfX2L0Yx-, 5710124]
[quote, [287.0, 3445.0, 2624.0, 52.5], kVfX2L0Yx-, 5710124]
[quote, [287.0, 3497.5, 2624.0, 52.5], kVfX2L0Yx-, 5710124]
[quote, [287.0, 3550.0, 2624.0, 52.5], kVfX2L0Yx-, 5710124]
[quote, [287.0, 3602.5, 2624.0, 52.5], kVfX2L0Yx-, 5710124]
[quote, [287.0, 3655.0, 2624.0, 52.5], kVfX2L0Yx-, 5710124]
[quote, [287.0, 3707.5, 2624.0, 52.5], kVfX2L0Yx-, 5710124]
[paragraph, [303.0, 3820.0, 2575.0, 52.5], xNB2TfXmJV, 5710124]
[paragraph, [303.0, 3872.5, 2575.0, 52.5], xNB2TfXmJV, 5710124]
[paragraph, [303.0, 3925.0, 2575.0, 52.5], xNB2TfXmJV, 5710124]
[paragraph, [303.0, 3977.5, 2575.0, 52.5], xNB2TfXmJV, 5710124]
[quote, [271.0, 4053.0, 2608.0, 52.5], _Iieq3G3AU, 5710124]
[quote, [271.0, 4105.5, 2608.0, 52.5], _Iieq3G3AU, 5710124]
[quote, [271.0, 4158.0, 2608.0, 52.5], _Iieq3G3AU, 5710124]
[quote, [271.0, 4210.5, 2608.0, 52.5], _Iieq3G3AU, 5710124]
[quote, [271.0, 4263.0, 2608.0, 52.5], _Iieq3G3AU, 5710124]
[quote, [531.0, 4307.0, 1523.0, 52.5], BXyk5bUxZR, 5710124]
[quote, [531.0, 4359.5, 1523.0, 52.5], BXyk5bUxZR, 5710124]
[quote, [525.0, 4465.0, 2109.0, 52.5], uTsComTM3K, 5710124]
[quote, [525.0, 4517.5, 2109.0, 52.5], uTsComTM3K, 5710124]
[quote, [515.0, 4578.0, 656.0, 52.5], psmjaqWPrj, 5710124]
[quote, [515.0, 4630.5, 656.0, 52.5], psmjaqWPrj, 5710124]
