[5500, 3644]
[folio, [2835.0, 395.0, 206.0, 52.5], gi4lOAQOD_, 5710358]
[folio, [2835.0, 447.5, 206.0, 52.5], gi4lOAQOD_, 5710358]
[folio, [2835.0, 500.0, 206.0, 52.5], gi4lOAQOD_, 5710358]
[paragraph, [482.0, 616.0, 2564.0, 52.5], UtPdsEjxwG, 5710358]
[paragraph, [482.0, 668.5, 2564.0, 52.5], UtPdsEjxwG, 5710358]
[paragraph, [482.0, 721.0, 2564.0, 52.5], UtPdsEjxwG, 5710358]
[paragraph, [482.0, 773.5, 2564.0, 52.5], UtPdsEjxwG, 5710358]
[paragraph, [482.0, 826.0, 2564.0, 52.5], UtPdsEjxwG, 5710358]
[paragraph, [703.0, 901.0, 1553.0, 52.5], gA2maPMQ4M, 5710358]
[paragraph, [703.0, 953.5, 1553.0, 52.5], gA2maPMQ4M, 5710358]
[paragraph, [459.0, 1025.0, 2688.0, 52.5], PduEzjj-LS, 5710358]
[paragraph, [459.0, 1077.5, 2688.0, 52.5], PduEzjj-LS, 5710358]
[paragraph, [459.0, 1130.0, 2688.0, 52.5], PduEzjj-LS, 5710358]
[paragraph, [459.0, 1182.5, 2688.0, 52.5], PduEzjj-LS, 5710358]
[paragraph, [689.0, 1287.0, 2389.0, 52.5], Z8bwDf0ez9, 5710358]
[paragraph, [689.0, 1339.5, 2389.0, 52.5], Z8bwDf0ez9, 5710358]
[paragraph, [689.0, 1392.0, 2389.0, 52.5], Z8bwDf0ez9, 5710358]
[paragraph, [689.0, 1444.5, 2389.0, 52.5], Z8bwDf0ez9, 5710358]
[paragraph, [454.0, 1535.0, 2651.0, 52.5], DKFKYioNu3, 5710358]
[paragraph, [454.0, 1587.5, 2651.0, 52.5], DKFKYioNu3, 5710358]
[paragraph, [454.0, 1640.0, 2651.0, 52.5], DKFKYioNu3, 5710358]
[paragraph, [454.0, 1692.5, 2651.0, 52.5], DKFKYioNu3, 5710358]
[paragraph, [487.0, 1793.0, 2610.0, 52.5], YXGP4EjwcS, 5710358]
[paragraph, [487.0, 1845.5, 2610.0, 52.5], YXGP4EjwcS, 5710358]
[paragraph, [487.0, 1898.0, 2610.0, 52.5], YXGP4EjwcS, 5710358]
[paragraph, [487.0, 1950.5, 2610.0, 52.5], YXGP4EjwcS, 5710358]
[paragraph, [487.0, 2003.0, 2610.0, 52.5], YXGP4EjwcS, 5710358]
[paragraph, [698.0, 2060.0, 1943.0, 52.5], t2V25BMobp, 5710358]
[paragraph, [698.0, 2112.5, 1943.0, 52.5], t2V25BMobp, 5710358]
[paragraph, [698.0, 2165.0, 1943.0, 52.5], t2V25BMobp, 5710358]
[paragraph, [698.0, 2217.5, 1943.0, 52.5], t2V25BMobp, 5710358]
[paragraph, [698.0, 2270.0, 1943.0, 52.5], t2V25BMobp, 5710358]
[paragraph, [473.0, 2345.0, 2614.0, 52.5], Hv4_h1O0D7, 5710358]
[paragraph, [473.0, 2397.5, 2614.0, 52.5], Hv4_h1O0D7, 5710358]
[paragraph, [473.0, 2450.0, 2614.0, 52.5], Hv4_h1O0D7, 5710358]
[paragraph, [473.0, 2502.5, 2614.0, 52.5], Hv4_h1O0D7, 5710358]
[paragraph, [510.0, 2607.0, 2564.0, 52.5], d22LYIBOh1, 5710358]
[paragraph, [510.0, 2659.5, 2564.0, 52.5], d22LYIBOh1, 5710358]
[paragraph, [510.0, 2712.0, 2564.0, 52.5], d22LYIBOh1, 5710358]
[paragraph, [510.0, 2764.5, 2564.0, 52.5], d22LYIBOh1, 5710358]
[paragraph, [707.0, 2851.0, 1029.0, 52.5], WDpEcoMb_d, 5710358]
[paragraph, [707.0, 2903.5, 1029.0, 52.5], WDpEcoMb_d, 5710358]
[paragraph, [707.0, 2956.0, 1029.0, 52.5], WDpEcoMb_d, 5710358]
[paragraph, [707.0, 3008.5, 1029.0, 52.5], WDpEcoMb_d, 5710358]
[paragraph, [505.0, 3099.0, 2582.0, 52.5], eQEUD4WJca, 5710358]
[paragraph, [505.0, 3151.5, 2582.0, 52.5], eQEUD4WJca, 5710358]
[paragraph, [505.0, 3204.0, 2582.0, 52.5], eQEUD4WJca, 5710358]
[paragraph, [505.0, 3256.5, 2582.0, 52.5], eQEUD4WJca, 5710358]
[paragraph, [491.0, 3357.0, 2591.0, 52.5], JJhCIvkwlw, 5710358]
[paragraph, [491.0, 3409.5, 2591.0, 52.5], JJhCIvkwlw, 5710358]
[paragraph, [491.0, 3462.0, 2591.0, 52.5], JJhCIvkwlw, 5710358]
[paragraph, [491.0, 3514.5, 2591.0, 52.5], JJhCIvkwlw, 5710358]
[paragraph, [491.0, 3567.0, 2591.0, 52.5], JJhCIvkwlw, 5710358]
[paragraph, [716.0, 3642.0, 1640.0, 52.5], 0CO3k8Jr82, 5710358]
[paragraph, [716.0, 3694.5, 1640.0, 52.5], 0CO3k8Jr82, 5710358]
[paragraph, [721.0, 3803.0, 385.0, 52.5], -LGv--PD_q, 5710358]
[paragraph, [487.0, 3881.0, 2582.0, 52.5], DhV9Kc_1UH, 5710358]
[paragraph, [487.0, 3933.5, 2582.0, 52.5], DhV9Kc_1UH, 5710358]
[paragraph, [487.0, 3986.0, 2582.0, 52.5], DhV9Kc_1UH, 5710358]
[paragraph, [487.0, 4038.5, 2582.0, 52.5], DhV9Kc_1UH, 5710358]
[paragraph, [487.0, 4091.0, 2582.0, 52.5], DhV9Kc_1UH, 5710358]
[paragraph, [693.0, 4166.0, 2371.0, 52.5], Pf9dMINIbZ, 5710358]
[paragraph, [693.0, 4218.5, 2371.0, 52.5], Pf9dMINIbZ, 5710358]
[paragraph, [693.0, 4271.0, 2371.0, 52.5], Pf9dMINIbZ, 5710358]
[paragraph, [693.0, 4323.5, 2371.0, 52.5], Pf9dMINIbZ, 5710358]
[paragraph, [693.0, 4376.0, 2371.0, 52.5], Pf9dMINIbZ, 5710358]
[paragraph, [693.0, 4428.5, 2371.0, 52.5], Pf9dMINIbZ, 5710358]
[paragraph, [693.0, 4481.0, 2371.0, 52.5], Pf9dMINIbZ, 5710358]
[paragraph, [693.0, 4533.5, 2371.0, 52.5], Pf9dMINIbZ, 5710358]
[paragraph, [693.0, 4586.0, 2371.0, 52.5], Pf9dMINIbZ, 5710358]
[paragraph, [693.0, 4638.5, 2371.0, 52.5], Pf9dMINIbZ, 5710358]
[paragraph, [693.0, 4691.0, 2371.0, 52.5], Pf9dMINIbZ, 5710358]
[paragraph, [693.0, 4743.5, 2371.0, 52.5], Pf9dMINIbZ, 5710358]
