[1650, 1275]
[paragraph, [123.0, 106.0, 1054.0, 36.0], K5-k-NmsCq, 5709765]
[paragraph, [123.0, 142.0, 1054.0, 36.0], K5-k-NmsCq, 5709765]
[paragraph, [123.0, 178.0, 1054.0, 36.0], K5-k-NmsCq, 5709765]
[paragraph, [123.0, 214.0, 1054.0, 36.0], K5-k-NmsCq, 5709765]
[paragraph, [123.0, 250.0, 1054.0, 36.0], K5-k-NmsCq, 5709765]
[paragraph, [123.0, 286.0, 1054.0, 36.0], K5-k-NmsCq, 5709765]
[paragraph, [123.0, 322.0, 1054.0, 36.0], K5-k-NmsCq, 5709765]
[paragraph, [123.0, 358.0, 1054.0, 36.0], K5-k-NmsCq, 5709765]
[paragraph, [123.0, 394.0, 1054.0, 36.0], K5-k-NmsCq, 5709765]
[paragraph, [131.0, 432.0, 1046.0, 36.0], P9Dj0bCOUU, 5709765]
[paragraph, [131.0, 468.0, 1046.0, 36.0], P9Dj0bCOUU, 5709765]
[paragraph, [131.0, 504.0, 1046.0, 36.0], P9Dj0bCOUU, 5709765]
[paragraph, [131.0, 540.0, 1046.0, 36.0], P9Dj0bCOUU, 5709765]
[paragraph, [200.0, 585.0, 755.0, 36.0], xdhwE8tiSg, 5709765]
[paragraph, [200.0, 621.0, 755.0, 36.0], xdhwE8tiSg, 5709765]
[paragraph, [128.0, 673.0, 606.0, 36.0], f6DxOl6SOI, 5709765]
[paragraph, [128.0, 709.0, 606.0, 36.0], f6DxOl6SOI, 5709765]
[paragraph, [128.0, 745.0, 606.0, 36.0], f6DxOl6SOI, 5709765]
[paragraph, [128.0, 781.0, 606.0, 36.0], f6DxOl6SOI, 5709765]
[paragraph, [128.0, 817.0, 606.0, 36.0], f6DxOl6SOI, 5709765]
[paragraph, [128.0, 853.0, 606.0, 36.0], f6DxOl6SOI, 5709765]
[paragraph, [130.0, 903.0, 1033.0, 36.0], uOxeS0PT80, 5709765]
[paragraph, [130.0, 939.0, 1033.0, 36.0], uOxeS0PT80, 5709765]
[paragraph, [130.0, 975.0, 1033.0, 36.0], uOxeS0PT80, 5709765]
[paragraph, [130.0, 1011.0, 1033.0, 36.0], uOxeS0PT80, 5709765]
[paragraph, [130.0, 1047.0, 1033.0, 36.0], uOxeS0PT80, 5709765]
[paragraph, [130.0, 1083.0, 1033.0, 36.0], uOxeS0PT80, 5709765]
[paragraph, [130.0, 1119.0, 1033.0, 36.0], uOxeS0PT80, 5709765]
[paragraph, [130.0, 1155.0, 1033.0, 36.0], uOxeS0PT80, 5709765]
[paragraph, [130.0, 1191.0, 1033.0, 36.0], uOxeS0PT80, 5709765]
[paragraph, [112.0, 1238.0, 1040.0, 36.0], ZbdWAeWgSA, 5709765]
[paragraph, [112.0, 1274.0, 1040.0, 36.0], ZbdWAeWgSA, 5709765]
[paragraph, [112.0, 1310.0, 1040.0, 36.0], ZbdWAeWgSA, 5709765]
[paragraph, [114.0, 1376.0, 1049.0, 36.0], veRu2tmoxq, 5709765]
[paragraph, [114.0, 1412.0, 1049.0, 36.0], veRu2tmoxq, 5709765]
[paragraph, [114.0, 1448.0, 1049.0, 36.0], veRu2tmoxq, 5709765]
[paragraph, [138.0, 1485.0, 1014.0, 36.0], fZRfhAMkcP, 5709765]
[paragraph, [138.0, 1521.0, 1014.0, 36.0], fZRfhAMkcP, 5709765]
