[5500, 3644]
[folio, [2810.0, 478.0, 236.0, 52.5], PDccBJkzAL, 5710090]
[folio, [2810.0, 530.5, 236.0, 52.5], PDccBJkzAL, 5710090]
[paragraph, [672.0, 673.0, 1469.0, 52.5], shoonya_1sT6SMO6WE5DBX, 5710090]
[paragraph, [672.0, 725.5, 1469.0, 52.5], shoonya_1sT6SMO6WE5DBX, 5710090]
[quote, [493.0, 801.0, 2537.0, 52.5], 061hXmABQJ, 5710090]
[quote, [493.0, 853.5, 2537.0, 52.5], 061hXmABQJ, 5710090]
[quote, [493.0, 906.0, 2537.0, 52.5], 061hXmABQJ, 5710090]
[quote, [493.0, 958.5, 2537.0, 52.5], 061hXmABQJ, 5710090]
[quote, [493.0, 1011.0, 2537.0, 52.5], 061hXmABQJ, 5710090]
[paragraph, [450.0, 1078.0, 2640.0, 52.5], Fu-T-5qzKy, 5710090]
[paragraph, [450.0, 1130.5, 2640.0, 52.5], Fu-T-5qzKy, 5710090]
[paragraph, [450.0, 1183.0, 2640.0, 52.5], Fu-T-5qzKy, 5710090]
[paragraph, [450.0, 1235.5, 2640.0, 52.5], Fu-T-5qzKy, 5710090]
[paragraph, [450.0, 1288.0, 2640.0, 52.5], Fu-T-5qzKy, 5710090]
[paragraph, [450.0, 1340.5, 2640.0, 52.5], Fu-T-5qzKy, 5710090]
[paragraph, [450.0, 1393.0, 2640.0, 52.5], Fu-T-5qzKy, 5710090]
[quote, [694.0, 1452.0, 1832.0, 52.5], QgN9RkAK4K, 5710090]
[quote, [694.0, 1504.5, 1832.0, 52.5], QgN9RkAK4K, 5710090]
[quote, [694.0, 1566.0, 2347.0, 52.5], VzPzZja_3_, 5710090]
[quote, [694.0, 1618.5, 2347.0, 52.5], VzPzZja_3_, 5710090]
[quote, [694.0, 1717.0, 1312.0, 52.5], HbkBPBOY-R, 5710090]
[quote, [694.0, 1769.5, 1312.0, 52.5], HbkBPBOY-R, 5710090]
[quote, [688.0, 1842.0, 1409.0, 52.5], 0wlE0dwu1W, 5710090]
[quote, [688.0, 1894.5, 1409.0, 52.5], 0wlE0dwu1W, 5710090]
[paragraph, [493.0, 1956.0, 2570.0, 52.5], NvXllqE7R5, 5710090]
[paragraph, [493.0, 2008.5, 2570.0, 52.5], NvXllqE7R5, 5710090]
[paragraph, [493.0, 2061.0, 2570.0, 52.5], NvXllqE7R5, 5710090]
[paragraph, [493.0, 2113.5, 2570.0, 52.5], NvXllqE7R5, 5710090]
[paragraph, [493.0, 2166.0, 2570.0, 52.5], NvXllqE7R5, 5710090]
[quote, [504.0, 2221.0, 2586.0, 52.5], 4AV0OlX_df, 5710090]
[quote, [504.0, 2273.5, 2586.0, 52.5], 4AV0OlX_df, 5710090]
[quote, [504.0, 2326.0, 2586.0, 52.5], 4AV0OlX_df, 5710090]
[quote, [504.0, 2378.5, 2586.0, 52.5], 4AV0OlX_df, 5710090]
[quote, [504.0, 2431.0, 2586.0, 52.5], 4AV0OlX_df, 5710090]
[quote, [504.0, 2483.5, 2586.0, 52.5], 4AV0OlX_df, 5710090]
[quote, [504.0, 2536.0, 2586.0, 52.5], 4AV0OlX_df, 5710090]
[quote, [504.0, 2588.5, 2586.0, 52.5], 4AV0OlX_df, 5710090]
[paragraph, [482.0, 2606.0, 2640.0, 52.5], RiR3o9T2MP, 5710090]
[paragraph, [482.0, 2658.5, 2640.0, 52.5], RiR3o9T2MP, 5710090]
[paragraph, [482.0, 2711.0, 2640.0, 52.5], RiR3o9T2MP, 5710090]
[paragraph, [482.0, 2763.5, 2640.0, 52.5], RiR3o9T2MP, 5710090]
[paragraph, [482.0, 2816.0, 2640.0, 52.5], RiR3o9T2MP, 5710090]
[paragraph, [482.0, 2868.5, 2640.0, 52.5], RiR3o9T2MP, 5710090]
[paragraph, [482.0, 2921.0, 2640.0, 52.5], RiR3o9T2MP, 5710090]
[paragraph, [482.0, 2973.5, 2640.0, 52.5], RiR3o9T2MP, 5710090]
[quote, [525.0, 2991.0, 2554.0, 52.5], 1ChF62a3MR, 5710090]
[quote, [525.0, 3043.5, 2554.0, 52.5], 1ChF62a3MR, 5710090]
[quote, [525.0, 3096.0, 2554.0, 52.5], 1ChF62a3MR, 5710090]
[quote, [525.0, 3148.5, 2554.0, 52.5], 1ChF62a3MR, 5710090]
[quote, [525.0, 3201.0, 2554.0, 52.5], 1ChF62a3MR, 5710090]
[quote, [688.0, 3289.0, 650.0, 52.5], 8B47PR5bje, 5710090]
[quote, [688.0, 3341.5, 650.0, 52.5], 8B47PR5bje, 5710090]
[quote, [515.0, 3397.0, 2581.0, 52.5], h1v5bjod5o, 5710090]
[quote, [515.0, 3449.5, 2581.0, 52.5], h1v5bjod5o, 5710090]
[quote, [515.0, 3502.0, 2581.0, 52.5], h1v5bjod5o, 5710090]
[quote, [515.0, 3554.5, 2581.0, 52.5], h1v5bjod5o, 5710090]
[quote, [515.0, 3607.0, 2581.0, 52.5], h1v5bjod5o, 5710090]
[quote, [488.0, 3657.0, 2651.0, 52.5], rBIGJm-j2g, 5710090]
[quote, [488.0, 3709.5, 2651.0, 52.5], rBIGJm-j2g, 5710090]
[quote, [488.0, 3762.0, 2651.0, 52.5], rBIGJm-j2g, 5710090]
[quote, [488.0, 3814.5, 2651.0, 52.5], rBIGJm-j2g, 5710090]
[quote, [488.0, 3867.0, 2651.0, 52.5], rBIGJm-j2g, 5710090]
[quote, [460.0, 3912.0, 2646.0, 52.5], v8XXQuaq-x, 5710090]
[quote, [460.0, 3964.5, 2646.0, 52.5], v8XXQuaq-x, 5710090]
[quote, [460.0, 4017.0, 2646.0, 52.5], v8XXQuaq-x, 5710090]
[quote, [460.0, 4069.5, 2646.0, 52.5], v8XXQuaq-x, 5710090]
[quote, [460.0, 4122.0, 2646.0, 52.5], v8XXQuaq-x, 5710090]
[quote, [460.0, 4174.5, 2646.0, 52.5], v8XXQuaq-x, 5710090]
[quote, [460.0, 4227.0, 2646.0, 52.5], v8XXQuaq-x, 5710090]
[quote, [460.0, 4279.5, 2646.0, 52.5], v8XXQuaq-x, 5710090]
[paragraph, [466.0, 4302.0, 2667.0, 52.5], -NUajuosZS, 5710090]
[paragraph, [466.0, 4354.5, 2667.0, 52.5], -NUajuosZS, 5710090]
[paragraph, [466.0, 4407.0, 2667.0, 52.5], -NUajuosZS, 5710090]
[paragraph, [466.0, 4459.5, 2667.0, 52.5], -NUajuosZS, 5710090]
[paragraph, [466.0, 4512.0, 2667.0, 52.5], -NUajuosZS, 5710090]
[paragraph, [471.0, 4567.0, 2651.0, 52.5], T9jDprquPQ, 5710090]
[paragraph, [471.0, 4619.5, 2651.0, 52.5], T9jDprquPQ, 5710090]
[paragraph, [471.0, 4672.0, 2651.0, 52.5], T9jDprquPQ, 5710090]
[paragraph, [471.0, 4724.5, 2651.0, 52.5], T9jDprquPQ, 5710090]
[paragraph, [471.0, 4777.0, 2651.0, 52.5], T9jDprquPQ, 5710090]
