[1650, 1050]
[paragraph, [145.0, 188.0, 655.0, 36.0], aLMMzYIfa9, 5732400]
[paragraph, [145.0, 224.0, 655.0, 36.0], aLMMzYIfa9, 5732400]
[paragraph, [217.0, 301.0, 570.0, 36.0], AeaJkknmEJ, 5732400]
[paragraph, [217.0, 337.0, 570.0, 36.0], AeaJkknmEJ, 5732400]
[paragraph, [150.0, 408.0, 529.0, 36.0], vPVuBfdYdN, 5732400]
[paragraph, [150.0, 444.0, 529.0, 36.0], vPVuBfdYdN, 5732400]
[paragraph, [220.0, 509.0, 608.0, 36.0], hYy6IYgekn, 5732400]
[paragraph, [220.0, 545.0, 608.0, 36.0], hYy6IYgekn, 5732400]
[paragraph, [133.0, 615.0, 587.0, 36.0], Vc-24bALwq, 5732400]
[paragraph, [133.0, 651.0, 587.0, 36.0], Vc-24bALwq, 5732400]
[paragraph, [213.0, 718.0, 650.0, 36.0], 5R4S33ucuY, 5732400]
[paragraph, [213.0, 754.0, 650.0, 36.0], 5R4S33ucuY, 5732400]
[paragraph, [142.0, 963.0, 623.0, 36.0], ovFZ9e9Q0X, 5732400]
[paragraph, [142.0, 999.0, 623.0, 36.0], ovFZ9e9Q0X, 5732400]
[paragraph, [216.0, 1074.0, 644.0, 36.0], K0DFPN5wM0, 5732400]
[paragraph, [216.0, 1110.0, 644.0, 36.0], K0DFPN5wM0, 5732400]
[paragraph, [145.0, 1184.0, 616.0, 36.0], rbNvh8F3Ep, 5732400]
[paragraph, [145.0, 1220.0, 616.0, 36.0], rbNvh8F3Ep, 5732400]
[paragraph, [209.0, 1285.0, 660.0, 36.0], 55tf33FuNt, 5732400]
[paragraph, [209.0, 1321.0, 660.0, 36.0], 55tf33FuNt, 5732400]
[paragraph, [136.0, 1394.0, 681.0, 36.0], h86i3v8bPH, 5732400]
[paragraph, [136.0, 1430.0, 681.0, 36.0], h86i3v8bPH, 5732400]
