[1650, 1050]
[paragraph, [159.0, 152.0, 471.0, 36.0], EgxCGK-dQ_, 5732948]
[paragraph, [159.0, 188.0, 471.0, 36.0], EgxCGK-dQ_, 5732948]
[paragraph, [222.0, 263.0, 417.0, 36.0], XPuZlRl_Ye, 5732948]
[paragraph, [222.0, 299.0, 417.0, 36.0], XPuZlRl_Ye, 5732948]
[paragraph, [222.0, 335.0, 417.0, 36.0], XPuZlRl_Ye, 5732948]
[paragraph, [222.0, 371.0, 417.0, 36.0], XPuZlRl_Ye, 5732948]
[paragraph, [222.0, 407.0, 417.0, 36.0], XPuZlRl_Ye, 5732948]
[paragraph, [158.0, 475.0, 381.0, 36.0], zxy3CPm81p, 5732948]
[paragraph, [158.0, 511.0, 381.0, 36.0], zxy3CPm81p, 5732948]
[paragraph, [158.0, 547.0, 381.0, 36.0], zxy3CPm81p, 5732948]
[paragraph, [158.0, 583.0, 381.0, 36.0], zxy3CPm81p, 5732948]
[paragraph, [158.0, 619.0, 381.0, 36.0], zxy3CPm81p, 5732948]
[paragraph, [222.0, 683.0, 419.0, 36.0], 7VL9x2yA1T, 5732948]
[paragraph, [222.0, 719.0, 419.0, 36.0], 7VL9x2yA1T, 5732948]
[paragraph, [222.0, 755.0, 419.0, 36.0], 7VL9x2yA1T, 5732948]
[paragraph, [222.0, 791.0, 419.0, 36.0], 7VL9x2yA1T, 5732948]
[paragraph, [222.0, 827.0, 419.0, 36.0], 7VL9x2yA1T, 5732948]
[paragraph, [132.0, 1046.0, 583.0, 36.0], N9NLdzbE3A, 5732948]
[paragraph, [132.0, 1082.0, 583.0, 36.0], N9NLdzbE3A, 5732948]
[paragraph, [207.0, 1143.0, 515.0, 36.0], Mcaw7kzK9n, 5732948]
[paragraph, [207.0, 1179.0, 515.0, 36.0], Mcaw7kzK9n, 5732948]
[paragraph, [207.0, 1215.0, 515.0, 36.0], Mcaw7kzK9n, 5732948]
[paragraph, [207.0, 1251.0, 515.0, 36.0], Mcaw7kzK9n, 5732948]
[paragraph, [143.0, 1300.0, 478.0, 36.0], 3zudn4cLyS, 5732948]
[paragraph, [143.0, 1336.0, 478.0, 36.0], 3zudn4cLyS, 5732948]
[paragraph, [143.0, 1372.0, 478.0, 36.0], 3zudn4cLyS, 5732948]
[paragraph, [143.0, 1408.0, 478.0, 36.0], 3zudn4cLyS, 5732948]
[folio, [392.0, 1489.0, 147.0, 36.0], hJu506QAp9, 5732948]
