[842, 595]
[paragraph, [147.0, 66.0, 300.0, 18.0], shoonya_0s7FAEK6JFQSEK, 6512818]
[paragraph, [147.0, 99.0, 302.0, 18.0], 3ftF6uE9Er, 6512818]
[paragraph, [147.0, 117.0, 302.0, 18.0], 3ftF6uE9Er, 6512818]
[paragraph, [147.0, 135.0, 302.0, 18.0], 3ftF6uE9Er, 6512818]
[paragraph, [147.0, 153.0, 302.0, 18.0], 3ftF6uE9Er, 6512818]
[paragraph, [147.0, 171.0, 302.0, 18.0], 3ftF6uE9Er, 6512818]
[paragraph, [147.0, 189.0, 302.0, 18.0], 3ftF6uE9Er, 6512818]
[paragraph, [147.0, 207.0, 302.0, 18.0], 3ftF6uE9Er, 6512818]
[paragraph, [147.0, 225.0, 302.0, 18.0], 3ftF6uE9Er, 6512818]
[paragraph, [147.0, 243.0, 302.0, 18.0], 3ftF6uE9Er, 6512818]
[paragraph, [147.0, 261.0, 302.0, 18.0], 3ftF6uE9Er, 6512818]
[paragraph, [146.0, 296.0, 298.0, 18.0], 64F3RkgSOy, 6512818]
[paragraph, [146.0, 314.0, 298.0, 18.0], 64F3RkgSOy, 6512818]
[paragraph, [146.0, 332.0, 298.0, 18.0], 64F3RkgSOy, 6512818]
[paragraph, [146.0, 350.0, 298.0, 18.0], 64F3RkgSOy, 6512818]
[paragraph, [147.0, 381.0, 297.0, 18.0], -2nTIa9-ru, 6512818]
[paragraph, [147.0, 399.0, 297.0, 18.0], -2nTIa9-ru, 6512818]
[paragraph, [147.0, 417.0, 297.0, 18.0], -2nTIa9-ru, 6512818]
[paragraph, [147.0, 435.0, 297.0, 18.0], -2nTIa9-ru, 6512818]
[paragraph, [147.0, 453.0, 297.0, 18.0], -2nTIa9-ru, 6512818]
[paragraph, [147.0, 471.0, 297.0, 18.0], -2nTIa9-ru, 6512818]
[paragraph, [147.0, 489.0, 297.0, 18.0], -2nTIa9-ru, 6512818]
[paragraph, [147.0, 507.0, 297.0, 18.0], -2nTIa9-ru, 6512818]
[paragraph, [147.0, 525.0, 297.0, 18.0], -2nTIa9-ru, 6512818]
