[2481, 1654]
[folio, [1187.0, 103.0, 121.0, 36.0], HWR1URDLg0, 5721119]
[paragraph, [225.0, 206.0, 243.0, 36.0], B3wtng2P1f, 5721119]
[paragraph, [169.0, 270.0, 1259.0, 36.0], qZutevK3n0, 5721119]
[paragraph, [169.0, 306.0, 1259.0, 36.0], qZutevK3n0, 5721119]
[paragraph, [165.0, 378.0, 1267.0, 36.0], nPIwzTmjn6, 5721119]
[paragraph, [165.0, 414.0, 1267.0, 36.0], nPIwzTmjn6, 5721119]
[paragraph, [165.0, 450.0, 1267.0, 36.0], nPIwzTmjn6, 5721119]
[paragraph, [165.0, 486.0, 1267.0, 36.0], nPIwzTmjn6, 5721119]
[paragraph, [165.0, 522.0, 1267.0, 36.0], nPIwzTmjn6, 5721119]
[paragraph, [165.0, 558.0, 1267.0, 36.0], nPIwzTmjn6, 5721119]
[paragraph, [165.0, 594.0, 1267.0, 36.0], nPIwzTmjn6, 5721119]
[paragraph, [227.0, 636.0, 220.0, 36.0], 3ZWu6KEftt, 5721119]
[paragraph, [156.0, 692.0, 1276.0, 36.0], ibd0esS36C, 5721119]
[paragraph, [156.0, 728.0, 1276.0, 36.0], ibd0esS36C, 5721119]
[paragraph, [156.0, 764.0, 1276.0, 36.0], ibd0esS36C, 5721119]
[paragraph, [156.0, 800.0, 1276.0, 36.0], ibd0esS36C, 5721119]
[paragraph, [229.0, 844.0, 790.0, 36.0], wqZN_GTxhD, 5721119]
[paragraph, [218.0, 900.0, 702.0, 36.0], _BlXnJp79K, 5721119]
[paragraph, [169.0, 950.0, 1261.0, 36.0], tMuFDog3_p, 5721119]
[paragraph, [169.0, 986.0, 1261.0, 36.0], tMuFDog3_p, 5721119]
[paragraph, [169.0, 1022.0, 1261.0, 36.0], tMuFDog3_p, 5721119]
[paragraph, [169.0, 1058.0, 1261.0, 36.0], tMuFDog3_p, 5721119]
[paragraph, [225.0, 1107.0, 338.0, 36.0], 2IlAOpfaq4, 5721119]
[paragraph, [163.0, 1156.0, 1267.0, 36.0], oI5Cf9UUc0, 5721119]
[paragraph, [163.0, 1192.0, 1267.0, 36.0], oI5Cf9UUc0, 5721119]
[paragraph, [227.0, 1264.0, 549.0, 36.0], 20q7dLKAI1, 5721119]
[paragraph, [169.0, 1315.0, 1263.0, 36.0], Jf-mcMLRrh, 5721119]
[paragraph, [169.0, 1351.0, 1263.0, 36.0], Jf-mcMLRrh, 5721119]
[paragraph, [218.0, 1419.0, 813.0, 36.0], D5vUco5m7k, 5721119]
[paragraph, [161.0, 1470.0, 1280.0, 36.0], rwWCrxsepD, 5721119]
[paragraph, [161.0, 1506.0, 1280.0, 36.0], rwWCrxsepD, 5721119]
[paragraph, [161.0, 1542.0, 1280.0, 36.0], rwWCrxsepD, 5721119]
[paragraph, [161.0, 1578.0, 1280.0, 36.0], rwWCrxsepD, 5721119]
[paragraph, [161.0, 1614.0, 1280.0, 36.0], rwWCrxsepD, 5721119]
[paragraph, [154.0, 1677.0, 1286.0, 36.0], O7J2Qfb_6A, 5721119]
[paragraph, [154.0, 1713.0, 1286.0, 36.0], O7J2Qfb_6A, 5721119]
[paragraph, [154.0, 1749.0, 1286.0, 36.0], O7J2Qfb_6A, 5721119]
[paragraph, [161.0, 1987.0, 1288.0, 36.0], Om9u5Eo_2J, 5721119]
[paragraph, [161.0, 2023.0, 1288.0, 36.0], Om9u5Eo_2J, 5721119]
[paragraph, [161.0, 2059.0, 1288.0, 36.0], Om9u5Eo_2J, 5721119]
[paragraph, [161.0, 2095.0, 1288.0, 36.0], Om9u5Eo_2J, 5721119]
[paragraph, [216.0, 2144.0, 749.0, 36.0], trSiVl2wMn, 5721119]
