[3509, 2480]
[paragraph, [271.0, 429.0, 970.0, 52.5], shoonya_0sLMXZA2UXPM1K, 5721791]
[paragraph, [250.0, 517.0, 2003.0, 52.5], bjalzuTJkF, 5721791]
[paragraph, [250.0, 569.5, 2003.0, 52.5], bjalzuTJkF, 5721791]
[paragraph, [241.0, 668.0, 2000.0, 52.5], i3Z8zdHtGt, 5721791]
[paragraph, [241.0, 720.5, 2000.0, 52.5], i3Z8zdHtGt, 5721791]
[paragraph, [241.0, 773.0, 2000.0, 52.5], i3Z8zdHtGt, 5721791]
[paragraph, [241.0, 825.5, 2000.0, 52.5], i3Z8zdHtGt, 5721791]
[paragraph, [241.0, 878.0, 2000.0, 52.5], i3Z8zdHtGt, 5721791]
[paragraph, [241.0, 930.5, 2000.0, 52.5], i3Z8zdHtGt, 5721791]
[paragraph, [241.0, 983.0, 2000.0, 52.5], i3Z8zdHtGt, 5721791]
[paragraph, [241.0, 1035.5, 2000.0, 52.5], i3Z8zdHtGt, 5721791]
[paragraph, [244.0, 1090.0, 1990.0, 52.5], DK7uzH9HJd, 5721791]
[paragraph, [244.0, 1142.5, 1990.0, 52.5], DK7uzH9HJd, 5721791]
[paragraph, [244.0, 1195.0, 1990.0, 52.5], DK7uzH9HJd, 5721791]
[paragraph, [244.0, 1248.0, 1990.0, 52.5], 6wrj-VzT9k, 5721791]
[paragraph, [244.0, 1300.5, 1990.0, 52.5], 6wrj-VzT9k, 5721791]
[paragraph, [244.0, 1353.0, 1990.0, 52.5], 6wrj-VzT9k, 5721791]
[paragraph, [244.0, 1405.5, 1990.0, 52.5], 6wrj-VzT9k, 5721791]
[paragraph, [244.0, 1458.0, 1990.0, 52.5], 6wrj-VzT9k, 5721791]
[paragraph, [244.0, 1510.5, 1990.0, 52.5], 6wrj-VzT9k, 5721791]
[paragraph, [244.0, 1563.0, 1990.0, 52.5], 6wrj-VzT9k, 5721791]
[paragraph, [244.0, 1641.0, 1997.0, 52.5], l0IngIgT9e, 5721791]
[paragraph, [244.0, 1693.5, 1997.0, 52.5], l0IngIgT9e, 5721791]
[paragraph, [244.0, 1746.0, 1997.0, 52.5], l0IngIgT9e, 5721791]
[paragraph, [244.0, 1798.5, 1997.0, 52.5], l0IngIgT9e, 5721791]
[paragraph, [241.0, 1889.0, 1997.0, 52.5], aY1G9uzA2O, 5721791]
[paragraph, [241.0, 1941.5, 1997.0, 52.5], aY1G9uzA2O, 5721791]
[paragraph, [241.0, 1994.0, 1997.0, 52.5], aY1G9uzA2O, 5721791]
[paragraph, [241.0, 2046.5, 1997.0, 52.5], aY1G9uzA2O, 5721791]
[paragraph, [232.0, 2121.0, 2003.0, 52.5], t2eek6ejt9, 5721791]
[paragraph, [232.0, 2173.5, 2003.0, 52.5], t2eek6ejt9, 5721791]
[paragraph, [232.0, 2226.0, 2003.0, 52.5], t2eek6ejt9, 5721791]
[paragraph, [232.0, 2278.5, 2003.0, 52.5], t2eek6ejt9, 5721791]
[paragraph, [232.0, 2331.0, 2003.0, 52.5], t2eek6ejt9, 5721791]
[paragraph, [232.0, 2383.5, 2003.0, 52.5], t2eek6ejt9, 5721791]
[paragraph, [238.0, 2443.0, 1997.0, 52.5], r6g3avVFHS, 5721791]
[paragraph, [238.0, 2495.5, 1997.0, 52.5], r6g3avVFHS, 5721791]
[paragraph, [238.0, 2601.0, 1993.0, 52.5], RhsCw85W82, 5721791]
[paragraph, [238.0, 2653.5, 1993.0, 52.5], RhsCw85W82, 5721791]
[paragraph, [229.0, 2759.0, 2000.0, 52.5], JNAaLi7dow, 5721791]
[paragraph, [229.0, 2811.5, 2000.0, 52.5], JNAaLi7dow, 5721791]
[paragraph, [229.0, 2864.0, 2000.0, 52.5], JNAaLi7dow, 5721791]
