[792, 612]
[paragraph, [162.0, 155.0, 232.0, 18.0], j_lbaaLFSV, 6512752]
[paragraph, [163.0, 207.0, 246.0, 18.0], LogVq8UAZs, 6512752]
[paragraph, [147.0, 297.0, 315.0, 18.0], 7EKz_eHrzA, 6512752]
[paragraph, [147.0, 315.0, 315.0, 18.0], 7EKz_eHrzA, 6512752]
[paragraph, [144.0, 345.0, 318.0, 18.0], A6_91BVTw8, 6512752]
[paragraph, [144.0, 363.0, 318.0, 18.0], A6_91BVTw8, 6512752]
[paragraph, [144.0, 381.0, 318.0, 18.0], A6_91BVTw8, 6512752]
[paragraph, [144.0, 399.0, 318.0, 18.0], A6_91BVTw8, 6512752]
[paragraph, [148.0, 422.0, 315.0, 18.0], 4s4tiL90Zx, 6512752]
[paragraph, [148.0, 440.0, 315.0, 18.0], 4s4tiL90Zx, 6512752]
[paragraph, [147.0, 468.0, 318.0, 18.0], ftdDckd5kF, 6512752]
[paragraph, [147.0, 486.0, 318.0, 18.0], ftdDckd5kF, 6512752]
[paragraph, [147.0, 504.0, 318.0, 18.0], ftdDckd5kF, 6512752]
[paragraph, [144.0, 532.0, 321.0, 18.0], tWcc656fkf, 6512752]
[paragraph, [147.0, 562.0, 319.0, 18.0], mYZc2Ac6cM, 6512752]
[paragraph, [147.0, 580.0, 319.0, 18.0], mYZc2Ac6cM, 6512752]
