[2481, 1654]
[folio, [341.0, 92.0, 130.0, 36.0], PLT7Oe264l, 5721305]
[paragraph, [221.0, 212.0, 1288.0, 36.0], xIR07qAv74, 5721305]
[paragraph, [221.0, 248.0, 1288.0, 36.0], xIR07qAv74, 5721305]
[paragraph, [221.0, 284.0, 1288.0, 36.0], xIR07qAv74, 5721305]
[paragraph, [221.0, 320.0, 1288.0, 36.0], xIR07qAv74, 5721305]
[paragraph, [221.0, 356.0, 1288.0, 36.0], xIR07qAv74, 5721305]
[paragraph, [221.0, 392.0, 1288.0, 36.0], xIR07qAv74, 5721305]
[paragraph, [221.0, 428.0, 1288.0, 36.0], xIR07qAv74, 5721305]
[paragraph, [221.0, 464.0, 1288.0, 36.0], xIR07qAv74, 5721305]
[paragraph, [221.0, 500.0, 1288.0, 36.0], xIR07qAv74, 5721305]
[paragraph, [221.0, 536.0, 1288.0, 36.0], xIR07qAv74, 5721305]
[paragraph, [221.0, 572.0, 1288.0, 36.0], xIR07qAv74, 5721305]
[paragraph, [221.0, 608.0, 1288.0, 36.0], xIR07qAv74, 5721305]
[paragraph, [221.0, 644.0, 1288.0, 36.0], xIR07qAv74, 5721305]
[paragraph, [221.0, 680.0, 1288.0, 36.0], xIR07qAv74, 5721305]
[paragraph, [221.0, 716.0, 1288.0, 36.0], xIR07qAv74, 5721305]
[paragraph, [221.0, 752.0, 1288.0, 36.0], xIR07qAv74, 5721305]
[paragraph, [287.0, 791.0, 500.0, 36.0], lxcITtHYBU, 5721305]
[paragraph, [279.0, 846.0, 549.0, 36.0], hHtXJ8pdW9, 5721305]
[paragraph, [274.0, 896.0, 339.0, 36.0], D4GPzNumzr, 5721305]
[paragraph, [277.0, 941.0, 607.0, 36.0], mP09SFHCI2, 5721305]
[paragraph, [277.0, 999.0, 415.0, 36.0], 4gF-f-R6bs, 5721305]
[paragraph, [285.0, 1051.0, 339.0, 36.0], eEvdAbLZGe, 5721305]
[paragraph, [219.0, 1105.0, 1298.0, 36.0], ZMSf5uh6k9, 5721305]
[paragraph, [219.0, 1141.0, 1298.0, 36.0], ZMSf5uh6k9, 5721305]
[paragraph, [219.0, 1177.0, 1298.0, 36.0], ZMSf5uh6k9, 5721305]
[paragraph, [219.0, 1213.0, 1298.0, 36.0], ZMSf5uh6k9, 5721305]
[paragraph, [219.0, 1249.0, 1298.0, 36.0], ZMSf5uh6k9, 5721305]
[paragraph, [212.0, 1315.0, 1306.0, 36.0], QTjZneQfeb, 5721305]
[paragraph, [212.0, 1351.0, 1306.0, 36.0], QTjZneQfeb, 5721305]
[paragraph, [210.0, 1417.0, 1306.0, 36.0], _uk6k04De0, 5721305]
[paragraph, [210.0, 1453.0, 1306.0, 36.0], _uk6k04De0, 5721305]
[paragraph, [202.0, 1522.0, 1314.0, 36.0], FdFZfmLbgq, 5721305]
[paragraph, [202.0, 1558.0, 1314.0, 36.0], FdFZfmLbgq, 5721305]
[paragraph, [202.0, 1594.0, 1314.0, 36.0], FdFZfmLbgq, 5721305]
[paragraph, [202.0, 1630.0, 1314.0, 36.0], FdFZfmLbgq, 5721305]
[paragraph, [202.0, 1666.0, 1314.0, 36.0], FdFZfmLbgq, 5721305]
[paragraph, [202.0, 1702.0, 1314.0, 36.0], FdFZfmLbgq, 5721305]
[paragraph, [202.0, 1738.0, 1314.0, 36.0], FdFZfmLbgq, 5721305]
[paragraph, [202.0, 1774.0, 1314.0, 36.0], FdFZfmLbgq, 5721305]
[paragraph, [202.0, 1810.0, 1314.0, 36.0], FdFZfmLbgq, 5721305]
[paragraph, [202.0, 1846.0, 1314.0, 36.0], FdFZfmLbgq, 5721305]
[paragraph, [202.0, 1882.0, 1314.0, 36.0], FdFZfmLbgq, 5721305]
[paragraph, [202.0, 1933.0, 1310.0, 36.0], rptxkDWCIm, 5721305]
[paragraph, [202.0, 1969.0, 1310.0, 36.0], rptxkDWCIm, 5721305]
[paragraph, [200.0, 2043.0, 1314.0, 36.0], AUCDcZmQuT, 5721305]
[paragraph, [200.0, 2079.0, 1314.0, 36.0], AUCDcZmQuT, 5721305]
[paragraph, [200.0, 2115.0, 1314.0, 36.0], AUCDcZmQuT, 5721305]
[paragraph, [200.0, 2151.0, 1314.0, 36.0], AUCDcZmQuT, 5721305]
