[2481, 1654]
[folio, [1186.0, 97.0, 124.0, 36.0], v09W-gW8BU, 5721103]
[paragraph, [155.0, 219.0, 1300.0, 36.0], bsJPCfNV3E, 5721103]
[paragraph, [155.0, 255.0, 1300.0, 36.0], bsJPCfNV3E, 5721103]
[paragraph, [157.0, 324.0, 1292.0, 36.0], FOx3PsBVG8, 5721103]
[paragraph, [157.0, 360.0, 1292.0, 36.0], FOx3PsBVG8, 5721103]
[paragraph, [152.0, 423.0, 1296.0, 36.0], 5jrLmF6_de, 5721103]
[paragraph, [152.0, 459.0, 1296.0, 36.0], 5jrLmF6_de, 5721103]
[paragraph, [152.0, 495.0, 1296.0, 36.0], 5jrLmF6_de, 5721103]
[paragraph, [152.0, 531.0, 1296.0, 36.0], 5jrLmF6_de, 5721103]
[paragraph, [152.0, 567.0, 1296.0, 36.0], 5jrLmF6_de, 5721103]
[paragraph, [152.0, 603.0, 1296.0, 36.0], 5jrLmF6_de, 5721103]
[paragraph, [212.0, 674.0, 188.0, 36.0], trodbf3UEG, 5721103]
[paragraph, [161.0, 729.0, 1285.0, 36.0], zepFBN9xhM, 5721103]
[paragraph, [161.0, 765.0, 1285.0, 36.0], zepFBN9xhM, 5721103]
[paragraph, [157.0, 827.0, 1283.0, 36.0], xLOC_JnY2V, 5721103]
[paragraph, [157.0, 863.0, 1283.0, 36.0], xLOC_JnY2V, 5721103]
[paragraph, [157.0, 899.0, 1283.0, 36.0], xLOC_JnY2V, 5721103]
[paragraph, [157.0, 935.0, 1283.0, 36.0], xLOC_JnY2V, 5721103]
[paragraph, [157.0, 971.0, 1283.0, 36.0], xLOC_JnY2V, 5721103]
[paragraph, [157.0, 1007.0, 1283.0, 36.0], xLOC_JnY2V, 5721103]
[paragraph, [157.0, 1043.0, 1283.0, 36.0], xLOC_JnY2V, 5721103]
[paragraph, [157.0, 1079.0, 1283.0, 36.0], xLOC_JnY2V, 5721103]
[paragraph, [223.0, 1130.0, 611.0, 36.0], 4_4260gVoz, 5721103]
[paragraph, [159.0, 1180.0, 1277.0, 36.0], PXxdl8_iD2, 5721103]
[paragraph, [159.0, 1216.0, 1277.0, 36.0], PXxdl8_iD2, 5721103]
[paragraph, [146.0, 1277.0, 1296.0, 36.0], 24ChJljb7R, 5721103]
[paragraph, [146.0, 1313.0, 1296.0, 36.0], 24ChJljb7R, 5721103]
[paragraph, [146.0, 1349.0, 1296.0, 36.0], 24ChJljb7R, 5721103]
[paragraph, [146.0, 1385.0, 1296.0, 36.0], 24ChJljb7R, 5721103]
[paragraph, [146.0, 1421.0, 1296.0, 36.0], 24ChJljb7R, 5721103]
[paragraph, [146.0, 1457.0, 1296.0, 36.0], 24ChJljb7R, 5721103]
[paragraph, [146.0, 1493.0, 1296.0, 36.0], 24ChJljb7R, 5721103]
[paragraph, [146.0, 1529.0, 1296.0, 36.0], 24ChJljb7R, 5721103]
[paragraph, [146.0, 1565.0, 1296.0, 36.0], 24ChJljb7R, 5721103]
[paragraph, [229.0, 1631.0, 603.0, 36.0], WMb74qtY_0, 5721103]
[paragraph, [223.0, 1685.0, 986.0, 36.0], ZVys7kUMOx, 5721103]
[paragraph, [159.0, 1734.0, 1271.0, 36.0], s2I4-sKUIZ, 5721103]
[paragraph, [159.0, 1770.0, 1271.0, 36.0], s2I4-sKUIZ, 5721103]
[paragraph, [159.0, 1806.0, 1271.0, 36.0], s2I4-sKUIZ, 5721103]
[paragraph, [159.0, 1842.0, 1271.0, 36.0], s2I4-sKUIZ, 5721103]
[paragraph, [159.0, 1878.0, 1271.0, 36.0], s2I4-sKUIZ, 5721103]
[paragraph, [159.0, 1914.0, 1271.0, 36.0], s2I4-sKUIZ, 5721103]
[paragraph, [159.0, 1950.0, 1271.0, 36.0], s2I4-sKUIZ, 5721103]
[paragraph, [159.0, 1986.0, 1271.0, 36.0], s2I4-sKUIZ, 5721103]
[paragraph, [161.0, 2038.0, 1269.0, 36.0], Q2-tshFjgF, 5721103]
[paragraph, [161.0, 2074.0, 1269.0, 36.0], Q2-tshFjgF, 5721103]
[paragraph, [161.0, 2110.0, 1269.0, 36.0], Q2-tshFjgF, 5721103]
[paragraph, [161.0, 2146.0, 1269.0, 36.0], Q2-tshFjgF, 5721103]
