[1650, 1050]
[paragraph, [144.0, 140.0, 758.0, 36.0], _LsD6cI-Ci, 5732284]
[paragraph, [144.0, 176.0, 758.0, 36.0], _LsD6cI-Ci, 5732284]
[paragraph, [144.0, 212.0, 758.0, 36.0], _LsD6cI-Ci, 5732284]
[paragraph, [144.0, 248.0, 758.0, 36.0], _LsD6cI-Ci, 5732284]
[paragraph, [144.0, 284.0, 758.0, 36.0], _LsD6cI-Ci, 5732284]
[paragraph, [146.0, 352.0, 405.0, 36.0], Zprb0sEdl0, 5732284]
[paragraph, [146.0, 388.0, 405.0, 36.0], Zprb0sEdl0, 5732284]
[paragraph, [146.0, 424.0, 405.0, 36.0], Zprb0sEdl0, 5732284]
[paragraph, [146.0, 460.0, 405.0, 36.0], Zprb0sEdl0, 5732284]
[paragraph, [146.0, 496.0, 405.0, 36.0], Zprb0sEdl0, 5732284]
[paragraph, [141.0, 559.0, 727.0, 36.0], xHcJm1VZk9, 5732284]
[paragraph, [141.0, 595.0, 727.0, 36.0], xHcJm1VZk9, 5732284]
[paragraph, [141.0, 631.0, 727.0, 36.0], xHcJm1VZk9, 5732284]
[paragraph, [141.0, 667.0, 727.0, 36.0], xHcJm1VZk9, 5732284]
[paragraph, [141.0, 732.0, 503.0, 36.0], sfI6285c1Q, 5732284]
[paragraph, [141.0, 768.0, 503.0, 36.0], sfI6285c1Q, 5732284]
[paragraph, [141.0, 804.0, 503.0, 36.0], sfI6285c1Q, 5732284]
[paragraph, [141.0, 840.0, 503.0, 36.0], sfI6285c1Q, 5732284]
[paragraph, [141.0, 876.0, 503.0, 36.0], sfI6285c1Q, 5732284]
[paragraph, [142.0, 939.0, 414.0, 36.0], JXARVXnTJ-, 5732284]
[paragraph, [142.0, 975.0, 414.0, 36.0], JXARVXnTJ-, 5732284]
[paragraph, [142.0, 1011.0, 414.0, 36.0], JXARVXnTJ-, 5732284]
[paragraph, [142.0, 1047.0, 414.0, 36.0], JXARVXnTJ-, 5732284]
[paragraph, [142.0, 1083.0, 414.0, 36.0], JXARVXnTJ-, 5732284]
[paragraph, [142.0, 1157.0, 477.0, 36.0], vkL_7UfkLi, 5732284]
[paragraph, [142.0, 1193.0, 477.0, 36.0], vkL_7UfkLi, 5732284]
[paragraph, [142.0, 1229.0, 477.0, 36.0], vkL_7UfkLi, 5732284]
[paragraph, [142.0, 1265.0, 477.0, 36.0], vkL_7UfkLi, 5732284]
[paragraph, [142.0, 1301.0, 477.0, 36.0], vkL_7UfkLi, 5732284]
[paragraph, [137.0, 1370.0, 348.0, 36.0], sigo5HPO4b, 5732284]
[folio, [385.0, 1467.0, 142.0, 36.0], U0VKf_gQUH, 5732284]
