[1650, 1050]
[paragraph, [286.0, 124.0, 615.0, 36.0], shoonya_0sWV639WPR33LI, 5732353]
[paragraph, [286.0, 160.0, 615.0, 36.0], shoonya_0sWV639WPR33LI, 5732353]
[paragraph, [286.0, 196.0, 615.0, 36.0], shoonya_0sWV639WPR33LI, 5732353]
[paragraph, [286.0, 232.0, 615.0, 36.0], shoonya_0sWV639WPR33LI, 5732353]
[paragraph, [352.0, 294.0, 553.0, 36.0], 6rlCK60270, 5732353]
[paragraph, [352.0, 330.0, 553.0, 36.0], 6rlCK60270, 5732353]
[paragraph, [352.0, 366.0, 553.0, 36.0], 6rlCK60270, 5732353]
[paragraph, [352.0, 402.0, 553.0, 36.0], 6rlCK60270, 5732353]
[paragraph, [352.0, 438.0, 553.0, 36.0], 6rlCK60270, 5732353]
[paragraph, [352.0, 474.0, 553.0, 36.0], 6rlCK60270, 5732353]
[paragraph, [352.0, 510.0, 553.0, 36.0], 6rlCK60270, 5732353]
[paragraph, [342.0, 608.0, 613.0, 36.0], bR6hzZcMfQ, 5732353]
[paragraph, [342.0, 644.0, 613.0, 36.0], bR6hzZcMfQ, 5732353]
[paragraph, [438.0, 709.0, 539.0, 36.0], uhrhCldLQv, 5732353]
[paragraph, [438.0, 745.0, 539.0, 36.0], uhrhCldLQv, 5732353]
[paragraph, [438.0, 781.0, 539.0, 36.0], uhrhCldLQv, 5732353]
[paragraph, [438.0, 817.0, 539.0, 36.0], uhrhCldLQv, 5732353]
[paragraph, [438.0, 853.0, 539.0, 36.0], uhrhCldLQv, 5732353]
[paragraph, [337.0, 921.0, 534.0, 36.0], t-T_y56hhu, 5732353]
[paragraph, [337.0, 957.0, 534.0, 36.0], t-T_y56hhu, 5732353]
[paragraph, [337.0, 993.0, 534.0, 36.0], t-T_y56hhu, 5732353]
[paragraph, [337.0, 1029.0, 534.0, 36.0], t-T_y56hhu, 5732353]
[paragraph, [337.0, 1065.0, 534.0, 36.0], t-T_y56hhu, 5732353]
[paragraph, [337.0, 1101.0, 534.0, 36.0], t-T_y56hhu, 5732353]
[paragraph, [337.0, 1137.0, 534.0, 36.0], t-T_y56hhu, 5732353]
[paragraph, [340.0, 1250.0, 496.0, 36.0], LJw5fQDq-n, 5732353]
[paragraph, [340.0, 1286.0, 496.0, 36.0], LJw5fQDq-n, 5732353]
[paragraph, [433.0, 1353.0, 410.0, 36.0], WUl_ZMxaNa, 5732353]
[paragraph, [433.0, 1389.0, 410.0, 36.0], WUl_ZMxaNa, 5732353]
[folio, [546.0, 1526.0, 122.0, 36.0], mmIgKXKWc8, 5732353]
