[590, 396]
[paragraph, [59.0, 134.0, 302.0, 18.0], Amf1XASr0J, 6512775]
[paragraph, [59.0, 152.0, 302.0, 18.0], Amf1XASr0J, 6512775]
[paragraph, [59.0, 170.0, 302.0, 18.0], Amf1XASr0J, 6512775]
[paragraph, [64.0, 217.0, 305.0, 18.0], GIop9ul6bf, 6512775]
[paragraph, [64.0, 235.0, 305.0, 18.0], GIop9ul6bf, 6512775]
[paragraph, [67.0, 272.0, 302.0, 18.0], uGl7wL-8qz, 6512775]
[paragraph, [67.0, 290.0, 302.0, 18.0], uGl7wL-8qz, 6512775]
[paragraph, [67.0, 308.0, 302.0, 18.0], uGl7wL-8qz, 6512775]
[paragraph, [67.0, 326.0, 302.0, 18.0], uGl7wL-8qz, 6512775]
[paragraph, [67.0, 344.0, 302.0, 18.0], uGl7wL-8qz, 6512775]
[paragraph, [67.0, 362.0, 302.0, 18.0], uGl7wL-8qz, 6512775]
[paragraph, [67.0, 380.0, 302.0, 18.0], uGl7wL-8qz, 6512775]
[paragraph, [67.0, 398.0, 302.0, 18.0], uGl7wL-8qz, 6512775]
[paragraph, [67.0, 416.0, 302.0, 18.0], uGl7wL-8qz, 6512775]
[paragraph, [66.0, 440.0, 301.0, 18.0], 1JaxF_9xGl, 6512775]
[paragraph, [66.0, 458.0, 301.0, 18.0], 1JaxF_9xGl, 6512775]
[folio, [275.0, 535.0, 67.0, 18.0], eKcWvJKzcc, 6512775]
