[2481, 1654]
[folio, [1184.0, 95.0, 136.0, 36.0], J7IlQZ-0gc, 5721551]
[paragraph, [211.0, 216.0, 752.0, 36.0], shoonya_0sG1DI3BXT28Z4, 5721551]
[paragraph, [210.0, 270.0, 518.0, 36.0], I7aa6F3cP9, 5721551]
[paragraph, [212.0, 322.0, 283.0, 36.0], njsj1C96R_, 5721551]
[paragraph, [202.0, 378.0, 940.0, 36.0], -HUQY_kf2m, 5721551]
[paragraph, [215.0, 425.0, 473.0, 36.0], hVJ3sNjZBZ, 5721551]
[paragraph, [165.0, 481.0, 1288.0, 36.0], D5eHak581J, 5721551]
[paragraph, [165.0, 517.0, 1288.0, 36.0], D5eHak581J, 5721551]
[paragraph, [221.0, 584.0, 1223.0, 36.0], m8doMlot6O, 5721551]
[paragraph, [167.0, 627.0, 1269.0, 36.0], wJRZIT33A4, 5721551]
[paragraph, [157.0, 687.0, 1285.0, 36.0], _b3S_GP0g8, 5721551]
[paragraph, [161.0, 739.0, 1288.0, 36.0], BupUUAh12R, 5721551]
[paragraph, [161.0, 775.0, 1288.0, 36.0], BupUUAh12R, 5721551]
[paragraph, [165.0, 844.0, 1285.0, 36.0], UqjkJXeH3Z, 5721551]
[paragraph, [165.0, 880.0, 1285.0, 36.0], UqjkJXeH3Z, 5721551]
[paragraph, [165.0, 952.0, 1285.0, 36.0], UgDQ6kygCx, 5721551]
[paragraph, [169.0, 1001.0, 1281.0, 36.0], Ak-5HjvT6r, 5721551]
[paragraph, [223.0, 1055.0, 272.0, 36.0], z_LdE1CQpW, 5721551]
[paragraph, [208.0, 1105.0, 1037.0, 36.0], zDDYKA6JVv, 5721551]
[paragraph, [148.0, 1158.0, 1302.0, 36.0], vronRDKx6p, 5721551]
[paragraph, [148.0, 1194.0, 1302.0, 36.0], vronRDKx6p, 5721551]
[paragraph, [142.0, 1262.0, 1302.0, 36.0], gzi1DwfuBL, 5721551]
[paragraph, [142.0, 1298.0, 1302.0, 36.0], gzi1DwfuBL, 5721551]
[paragraph, [148.0, 1365.0, 1296.0, 36.0], cZ7NbltS-3, 5721551]
[paragraph, [148.0, 1401.0, 1296.0, 36.0], cZ7NbltS-3, 5721551]
[paragraph, [210.0, 1472.0, 1118.0, 36.0], Lk8pUV5Mcs, 5721551]
[paragraph, [161.0, 1524.0, 1281.0, 36.0], eLL44dHP3x, 5721551]
[paragraph, [161.0, 1560.0, 1281.0, 36.0], eLL44dHP3x, 5721551]
[paragraph, [159.0, 1623.0, 1283.0, 36.0], 13AXBNXVql, 5721551]
[paragraph, [159.0, 1659.0, 1283.0, 36.0], 13AXBNXVql, 5721551]
[paragraph, [159.0, 1695.0, 1283.0, 36.0], 13AXBNXVql, 5721551]
[paragraph, [159.0, 1731.0, 1283.0, 36.0], 13AXBNXVql, 5721551]
[paragraph, [159.0, 1767.0, 1283.0, 36.0], 13AXBNXVql, 5721551]
[paragraph, [219.0, 1834.0, 1226.0, 36.0], Os52_Eydaf, 5721551]
[paragraph, [215.0, 1890.0, 806.0, 36.0], LMEt-Rgaj6, 5721551]
[paragraph, [163.0, 1937.0, 1281.0, 36.0], bTxRhkVmqC, 5721551]
[paragraph, [163.0, 1973.0, 1281.0, 36.0], bTxRhkVmqC, 5721551]
[paragraph, [163.0, 2009.0, 1281.0, 36.0], bTxRhkVmqC, 5721551]
[paragraph, [163.0, 2045.0, 1281.0, 36.0], bTxRhkVmqC, 5721551]
