[590, 396]
[paragraph, [61.0, 145.0, 305.0, 18.0], Jf-6l5bwy7, 6512828]
[paragraph, [61.0, 163.0, 305.0, 18.0], Jf-6l5bwy7, 6512828]
[paragraph, [68.0, 201.0, 299.0, 18.0], 20-4gz0VC2, 6512828]
[paragraph, [68.0, 219.0, 299.0, 18.0], 20-4gz0VC2, 6512828]
[paragraph, [66.0, 240.0, 298.0, 18.0], 3mJFU3CU7u, 6512828]
[paragraph, [66.0, 258.0, 298.0, 18.0], 3mJFU3CU7u, 6512828]
[paragraph, [66.0, 279.0, 298.0, 18.0], NN8J3Dhrgj, 6512828]
[paragraph, [66.0, 297.0, 298.0, 18.0], NN8J3Dhrgj, 6512828]
[paragraph, [66.0, 315.0, 298.0, 18.0], NN8J3Dhrgj, 6512828]
[paragraph, [66.0, 333.0, 298.0, 18.0], NN8J3Dhrgj, 6512828]
