[842, 595]
[paragraph, [150.0, 101.0, 294.0, 18.0], shoonya_0s0OOOHZ08F944, 6513257]
[paragraph, [150.0, 119.0, 294.0, 18.0], shoonya_0s0OOOHZ08F944, 6513257]
[paragraph, [150.0, 137.0, 294.0, 18.0], shoonya_0s0OOOHZ08F944, 6513257]
[paragraph, [150.0, 155.0, 294.0, 18.0], shoonya_0s0OOOHZ08F944, 6513257]
[paragraph, [150.0, 173.0, 294.0, 18.0], shoonya_0s0OOOHZ08F944, 6513257]
[paragraph, [150.0, 191.0, 294.0, 18.0], shoonya_0s0OOOHZ08F944, 6513257]
[paragraph, [150.0, 209.0, 294.0, 18.0], shoonya_0s0OOOHZ08F944, 6513257]
[paragraph, [150.0, 227.0, 294.0, 18.0], shoonya_0s0OOOHZ08F944, 6513257]
[paragraph, [149.0, 251.0, 297.0, 18.0], O00D8f9BAK, 6513257]
[paragraph, [149.0, 269.0, 297.0, 18.0], O00D8f9BAK, 6513257]
[paragraph, [149.0, 287.0, 297.0, 18.0], O00D8f9BAK, 6513257]
[paragraph, [149.0, 305.0, 297.0, 18.0], O00D8f9BAK, 6513257]
[paragraph, [149.0, 323.0, 297.0, 18.0], O00D8f9BAK, 6513257]
[paragraph, [149.0, 341.0, 297.0, 18.0], O00D8f9BAK, 6513257]
[paragraph, [149.0, 359.0, 297.0, 18.0], O00D8f9BAK, 6513257]
[paragraph, [149.0, 377.0, 297.0, 18.0], O00D8f9BAK, 6513257]
[paragraph, [149.0, 395.0, 297.0, 18.0], O00D8f9BAK, 6513257]
[paragraph, [149.0, 413.0, 297.0, 18.0], O00D8f9BAK, 6513257]
[paragraph, [149.0, 431.0, 297.0, 18.0], O00D8f9BAK, 6513257]
[paragraph, [149.0, 449.0, 297.0, 18.0], O00D8f9BAK, 6513257]
[paragraph, [149.0, 467.0, 297.0, 18.0], O00D8f9BAK, 6513257]
[paragraph, [149.0, 485.0, 297.0, 18.0], O00D8f9BAK, 6513257]
[paragraph, [149.0, 503.0, 297.0, 18.0], O00D8f9BAK, 6513257]
