[1650, 1275]
[paragraph, [267.0, 453.0, 467.0, 36.0], X8xX-9-VQ_, 6470139]
[paragraph, [267.0, 489.0, 467.0, 36.0], X8xX-9-VQ_, 6470139]
[paragraph, [267.0, 525.0, 467.0, 36.0], X8xX-9-VQ_, 6470139]
[paragraph, [270.0, 605.0, 490.0, 36.0], ak8lvo9gU0, 6470139]
[paragraph, [270.0, 641.0, 490.0, 36.0], ak8lvo9gU0, 6470139]
[paragraph, [270.0, 677.0, 490.0, 36.0], ak8lvo9gU0, 6470139]
[paragraph, [273.0, 759.0, 480.0, 36.0], y8ezvr0m7T, 6470139]
[paragraph, [273.0, 795.0, 480.0, 36.0], y8ezvr0m7T, 6470139]
[paragraph, [270.0, 899.0, 445.0, 36.0], JkroqhEJwr, 6470139]
[paragraph, [270.0, 935.0, 445.0, 36.0], JkroqhEJwr, 6470139]
[paragraph, [273.0, 1052.0, 483.0, 36.0], E7xXyMbiBz, 6470139]
[paragraph, [273.0, 1088.0, 483.0, 36.0], E7xXyMbiBz, 6470139]
[paragraph, [273.0, 1124.0, 483.0, 36.0], E7xXyMbiBz, 6470139]
[folio, [383.0, 1485.0, 339.0, 36.0], VSLOm1n-JJ, 6470139]
