[1650, 1275]
[paragraph, [148.0, 170.0, 648.0, 36.0], mJx6w3gloH, 6469987]
[paragraph, [148.0, 206.0, 648.0, 36.0], mJx6w3gloH, 6469987]
[paragraph, [150.0, 257.0, 644.0, 36.0], B15WcnJ4m7, 6469987]
[paragraph, [150.0, 293.0, 644.0, 36.0], B15WcnJ4m7, 6469987]
[paragraph, [149.0, 398.0, 644.0, 36.0], btyEnoHRuG, 6469987]
[paragraph, [149.0, 434.0, 644.0, 36.0], btyEnoHRuG, 6469987]
[paragraph, [150.0, 483.0, 643.0, 36.0], 0px-6wvSwE, 6469987]
[paragraph, [150.0, 519.0, 643.0, 36.0], 0px-6wvSwE, 6469987]
[paragraph, [195.0, 621.0, 566.0, 36.0], mzrirt3g5r, 6469987]
[paragraph, [195.0, 657.0, 566.0, 36.0], mzrirt3g5r, 6469987]
[paragraph, [194.0, 706.0, 575.0, 36.0], anbkOABNW_, 6469987]
[paragraph, [194.0, 742.0, 575.0, 36.0], anbkOABNW_, 6469987]
[folio, [680.0, 1471.0, 141.0, 36.0], xDd6j11IBZ, 6469987]
