[1650, 1275]
[paragraph, [205.0, 457.0, 444.0, 36.0], shoonya_0s2KXK584LCCBH, 6469451]
[paragraph, [205.0, 493.0, 444.0, 36.0], shoonya_0s2KXK584LCCBH, 6469451]
[paragraph, [198.0, 606.0, 460.0, 36.0], 9sRC6J3tar, 6469451]
[paragraph, [198.0, 642.0, 460.0, 36.0], 9sRC6J3tar, 6469451]
[paragraph, [200.0, 759.0, 461.0, 36.0], t--yTQ8yDY, 6469451]
[paragraph, [200.0, 795.0, 461.0, 36.0], t--yTQ8yDY, 6469451]
[paragraph, [203.0, 899.0, 447.0, 36.0], KCr86z1Mcx, 6469451]
[paragraph, [203.0, 935.0, 447.0, 36.0], KCr86z1Mcx, 6469451]
[paragraph, [203.0, 971.0, 447.0, 36.0], KCr86z1Mcx, 6469451]
[paragraph, [200.0, 1054.0, 485.0, 36.0], lGIVX1udt0, 6469451]
[paragraph, [200.0, 1090.0, 485.0, 36.0], lGIVX1udt0, 6469451]
[paragraph, [202.0, 1199.0, 458.0, 36.0], 8Xiqid6C6o, 6469451]
[paragraph, [202.0, 1235.0, 458.0, 36.0], 8Xiqid6C6o, 6469451]
[paragraph, [202.0, 1271.0, 458.0, 36.0], 8Xiqid6C6o, 6469451]
[folio, [334.0, 1487.0, 294.0, 36.0], fT_U5Fs77j, 6469451]
