[1650, 1275]
[paragraph, [120.0, 177.0, 660.0, 36.0], u13C8NuF7G, 6469523]
[paragraph, [120.0, 213.0, 660.0, 36.0], u13C8NuF7G, 6469523]
[paragraph, [117.0, 267.0, 668.0, 36.0], yNOgCNgOCR, 6469523]
[paragraph, [117.0, 303.0, 668.0, 36.0], yNOgCNgOCR, 6469523]
[paragraph, [117.0, 396.0, 678.0, 36.0], e-0LttldWZ, 6469523]
[paragraph, [117.0, 432.0, 678.0, 36.0], e-0LttldWZ, 6469523]
[paragraph, [117.0, 495.0, 674.0, 36.0], N8JsV4OTav, 6469523]
[paragraph, [117.0, 531.0, 674.0, 36.0], N8JsV4OTav, 6469523]
[paragraph, [120.0, 633.0, 665.0, 36.0], L1dxGu-vh9, 6469523]
[paragraph, [120.0, 669.0, 665.0, 36.0], L1dxGu-vh9, 6469523]
[paragraph, [124.0, 716.0, 662.0, 36.0], UaV0sYDTrg, 6469523]
[paragraph, [124.0, 752.0, 662.0, 36.0], UaV0sYDTrg, 6469523]
[paragraph, [181.0, 852.0, 577.0, 36.0], FZYGAY43Gj, 6469523]
[paragraph, [181.0, 888.0, 577.0, 36.0], FZYGAY43Gj, 6469523]
[paragraph, [175.0, 934.0, 585.0, 36.0], EWN0vbV74q, 6469523]
[paragraph, [175.0, 970.0, 585.0, 36.0], EWN0vbV74q, 6469523]
[folio, [652.0, 1474.0, 159.0, 36.0], _QHd6Y7pvq, 6469523]
