[1250, 770]
[answer, [628.0, 76.0, 71.0, 18.0], YveHpU9rGR, 6468720]
[answer, [629.0, 108.0, 76.0, 18.0], VZXpq7WiO3, 6468720]
[answer, [627.0, 146.0, 79.0, 18.0], alQNCA9SWC, 6468720]
[answer, [629.0, 179.0, 77.0, 18.0], 5KzMHamvow, 6468720]
[answer, [631.0, 218.0, 71.0, 18.0], A23Yg3OKEf, 6468720]
[answer, [632.0, 250.0, 69.0, 18.0], TPP9cbqhiE, 6468720]
[answer, [623.0, 287.0, 75.0, 18.0], _T0ZmqUdNS, 6468720]
[answer, [623.0, 393.0, 74.0, 18.0], Kn0p3lLkVt, 6468720]
[folio, [52.0, 1181.0, 150.0, 18.0], DIhfSRjz1W, 6468720]
