[1650, 1275]
[paragraph, [253.0, 439.0, 434.0, 36.0], mbXRLsu2pR, 6469361]
[paragraph, [253.0, 475.0, 434.0, 36.0], mbXRLsu2pR, 6469361]
[paragraph, [257.0, 586.0, 464.0, 36.0], hA-otNNL_-, 6469361]
[paragraph, [257.0, 622.0, 464.0, 36.0], hA-otNNL_-, 6469361]
[paragraph, [261.0, 731.0, 402.0, 36.0], dHz1Qqbd3t, 6469361]
[paragraph, [261.0, 767.0, 402.0, 36.0], dHz1Qqbd3t, 6469361]
[paragraph, [261.0, 803.0, 402.0, 36.0], dHz1Qqbd3t, 6469361]
[paragraph, [259.0, 885.0, 394.0, 36.0], D4-JgkadWq, 6469361]
[paragraph, [259.0, 921.0, 394.0, 36.0], D4-JgkadWq, 6469361]
[paragraph, [253.0, 1033.0, 405.0, 36.0], H0O7iJQp86, 6469361]
[paragraph, [253.0, 1069.0, 405.0, 36.0], H0O7iJQp86, 6469361]
[paragraph, [253.0, 1105.0, 405.0, 36.0], H0O7iJQp86, 6469361]
[folio, [358.0, 1474.0, 339.0, 36.0], fGyHk6RrGQ, 6469361]
