[1250, 770]
[answer, [579.0, 68.0, 118.0, 18.0], 72PrAEFEoS, 6469873]
[answer, [630.0, 106.0, 72.0, 18.0], d0fOB9zdJH, 6469873]
[answer, [566.0, 143.0, 136.0, 18.0], zy3ObAQ9Ln, 6469873]
[answer, [563.0, 171.0, 134.0, 18.0], pw4tXEtcgZ, 6469873]
[answer, [565.0, 209.0, 135.0, 18.0], dMWjCnqPV_, 6469873]
[answer, [630.0, 251.0, 70.0, 18.0], dmWWuesQn4, 6469873]
[answer, [630.0, 282.0, 83.0, 18.0], sHDj5wWHWF, 6469873]
[answer, [607.0, 314.0, 94.0, 18.0], v1sw6rRdVU, 6469873]
[answer, [446.0, 353.0, 258.0, 18.0], MmtV2n7bKk, 6469873]
[answer, [620.0, 393.0, 84.0, 18.0], z9xgRGV39p, 6469873]
[answer, [569.0, 423.0, 125.0, 18.0], koLMf80kC0, 6469873]
[answer, [631.0, 461.0, 70.0, 18.0], 73yZHFNpxJ, 6469873]
[answer, [563.0, 527.0, 136.0, 18.0], v0VhCmwpgD, 6469873]
[answer, [586.0, 563.0, 110.0, 18.0], gcx_-ABOBI, 6469873]
[answer, [632.0, 597.0, 75.0, 18.0], ztbNIdbxnu, 6469873]
[answer, [626.0, 638.0, 78.0, 18.0], QqGpnKyThT, 6469873]
[answer, [624.0, 696.0, 81.0, 18.0], tXTn1_yPP5, 6469873]
[answer, [619.0, 738.0, 88.0, 18.0], yrAD6huTzR, 6469873]
[answer, [625.0, 769.0, 78.0, 18.0], 4T2P6x3kfw, 6469873]
[answer, [625.0, 811.0, 80.0, 18.0], 5AA3Gu4q_I, 6469873]
[answer, [630.0, 839.0, 79.0, 18.0], Jvw_enXLha, 6469873]
[answer, [467.0, 875.0, 234.0, 18.0], FV2lYAyqnw, 6469873]
[answer, [522.0, 908.0, 176.0, 18.0], AD1it1BE94, 6469873]
[answer, [628.0, 941.0, 70.0, 18.0], NG8FzNNVVK, 6469873]
[answer, [628.0, 1013.0, 74.0, 18.0], YNQ5LiUaiA, 6469873]
[answer, [623.0, 1047.0, 74.0, 18.0], xrBScZ5OHs, 6469873]
[answer, [552.0, 1084.0, 145.0, 18.0], qMvQsOMgrL, 6469873]
[answer, [623.0, 1120.0, 75.0, 18.0], HA67mEPQIn, 6469873]
[folio, [557.0, 1178.0, 140.0, 18.0], sUuVzIR5by, 6469873]
