[1650, 1275]
[paragraph, [156.0, 178.0, 657.0, 36.0], 9wcka1VMk2, 6469897]
[paragraph, [156.0, 214.0, 657.0, 36.0], 9wcka1VMk2, 6469897]
[paragraph, [144.0, 264.0, 664.0, 36.0], xAbyUJYsDL, 6469897]
[paragraph, [144.0, 300.0, 664.0, 36.0], xAbyUJYsDL, 6469897]
[paragraph, [147.0, 400.0, 669.0, 36.0], JWsb9B77gl, 6469897]
[paragraph, [147.0, 436.0, 669.0, 36.0], JWsb9B77gl, 6469897]
[paragraph, [152.0, 489.0, 664.0, 36.0], KbsmKLNfyt, 6469897]
[paragraph, [152.0, 525.0, 664.0, 36.0], KbsmKLNfyt, 6469897]
[paragraph, [151.0, 619.0, 658.0, 36.0], NsZ-r-ZM5d, 6469897]
[paragraph, [151.0, 655.0, 658.0, 36.0], NsZ-r-ZM5d, 6469897]
[paragraph, [140.0, 709.0, 667.0, 36.0], Z-Z6kRFOg2, 6469897]
[paragraph, [140.0, 745.0, 667.0, 36.0], Z-Z6kRFOg2, 6469897]
[folio, [667.0, 1481.0, 138.0, 36.0], QA62BQADtn, 6469897]
