[1650, 1275]
[paragraph, [311.0, 407.0, 460.0, 36.0], _f6fJst519, 6470162]
[paragraph, [311.0, 443.0, 460.0, 36.0], _f6fJst519, 6470162]
[paragraph, [311.0, 495.0, 463.0, 36.0], cMiHej-e0n, 6470162]
[paragraph, [311.0, 531.0, 463.0, 36.0], cMiHej-e0n, 6470162]
[paragraph, [243.0, 633.0, 620.0, 36.0], FFQk7KjoJn, 6470162]
[paragraph, [243.0, 669.0, 620.0, 36.0], FFQk7KjoJn, 6470162]
[paragraph, [237.0, 718.0, 630.0, 36.0], mB9lJ80AnK, 6470162]
[paragraph, [237.0, 754.0, 630.0, 36.0], mB9lJ80AnK, 6470162]
[paragraph, [237.0, 853.0, 635.0, 36.0], 4M3Cnw2ZxI, 6470162]
[paragraph, [237.0, 889.0, 635.0, 36.0], 4M3Cnw2ZxI, 6470162]
[paragraph, [235.0, 941.0, 635.0, 36.0], 27no55lM06, 6470162]
[paragraph, [235.0, 977.0, 635.0, 36.0], 27no55lM06, 6470162]
[paragraph, [240.0, 1075.0, 622.0, 36.0], 5yCoGoQbWN, 6470162]
[paragraph, [240.0, 1111.0, 622.0, 36.0], 5yCoGoQbWN, 6470162]
[paragraph, [240.0, 1161.0, 622.0, 36.0], SlOJD2Z3Uw, 6470162]
[paragraph, [240.0, 1197.0, 622.0, 36.0], SlOJD2Z3Uw, 6470162]
[paragraph, [243.0, 1302.0, 617.0, 36.0], e8T0Y1MMiS, 6470162]
[paragraph, [243.0, 1338.0, 617.0, 36.0], e8T0Y1MMiS, 6470162]
[paragraph, [246.0, 1384.0, 619.0, 36.0], a7QEZ_k2jC, 6470162]
[paragraph, [246.0, 1420.0, 619.0, 36.0], a7QEZ_k2jC, 6470162]
[folio, [211.0, 1482.0, 173.0, 36.0], UgbWOd73gj, 6470162]
