[709, 412]
[folio, [175.0, 29.0, 58.0, 18.0], Ve0rwMINAT, 5740800]
[paragraph, [22.0, 57.0, 181.0, 18.0], 1uLZhg19b0, 5740800]
[paragraph, [22.0, 75.0, 181.0, 18.0], 1uLZhg19b0, 5740800]
[paragraph, [22.0, 93.0, 181.0, 18.0], 1uLZhg19b0, 5740800]
[paragraph, [22.0, 111.0, 181.0, 18.0], 1uLZhg19b0, 5740800]
[paragraph, [22.0, 129.0, 181.0, 18.0], 1uLZhg19b0, 5740800]
[paragraph, [22.0, 147.0, 181.0, 18.0], 1uLZhg19b0, 5740800]
[paragraph, [22.0, 165.0, 181.0, 18.0], 1uLZhg19b0, 5740800]
[paragraph, [22.0, 183.0, 181.0, 18.0], 1uLZhg19b0, 5740800]
[paragraph, [22.0, 201.0, 181.0, 18.0], 1uLZhg19b0, 5740800]
[paragraph, [22.0, 219.0, 181.0, 18.0], 1uLZhg19b0, 5740800]
[paragraph, [22.0, 237.0, 181.0, 18.0], 1uLZhg19b0, 5740800]
[paragraph, [22.0, 255.0, 181.0, 18.0], 1uLZhg19b0, 5740800]
[paragraph, [22.0, 273.0, 181.0, 18.0], 1uLZhg19b0, 5740800]
[paragraph, [22.0, 291.0, 181.0, 18.0], 1uLZhg19b0, 5740800]
[paragraph, [22.0, 309.0, 181.0, 18.0], 1uLZhg19b0, 5740800]
[paragraph, [22.0, 327.0, 181.0, 18.0], 1uLZhg19b0, 5740800]
[paragraph, [22.0, 345.0, 181.0, 18.0], 1uLZhg19b0, 5740800]
[paragraph, [22.0, 363.0, 181.0, 18.0], 1uLZhg19b0, 5740800]
[paragraph, [22.0, 381.0, 181.0, 18.0], 1uLZhg19b0, 5740800]
[paragraph, [22.0, 399.0, 181.0, 18.0], 1uLZhg19b0, 5740800]
[paragraph, [22.0, 417.0, 181.0, 18.0], 1uLZhg19b0, 5740800]
[paragraph, [22.0, 435.0, 181.0, 18.0], 1uLZhg19b0, 5740800]
[paragraph, [22.0, 453.0, 181.0, 18.0], 1uLZhg19b0, 5740800]
[paragraph, [22.0, 471.0, 181.0, 18.0], 1uLZhg19b0, 5740800]
[paragraph, [22.0, 489.0, 181.0, 18.0], 1uLZhg19b0, 5740800]
[paragraph, [22.0, 507.0, 181.0, 18.0], 1uLZhg19b0, 5740800]
[paragraph, [22.0, 525.0, 181.0, 18.0], 1uLZhg19b0, 5740800]
[paragraph, [22.0, 543.0, 181.0, 18.0], 1uLZhg19b0, 5740800]
[paragraph, [22.0, 561.0, 181.0, 18.0], 1uLZhg19b0, 5740800]
[paragraph, [22.0, 579.0, 181.0, 18.0], 1uLZhg19b0, 5740800]
[paragraph, [22.0, 597.0, 181.0, 18.0], 1uLZhg19b0, 5740800]
[paragraph, [22.0, 615.0, 181.0, 18.0], 1uLZhg19b0, 5740800]
[paragraph, [22.0, 633.0, 181.0, 18.0], 1uLZhg19b0, 5740800]
[paragraph, [22.0, 651.0, 181.0, 18.0], 1uLZhg19b0, 5740800]
[paragraph, [208.0, 58.0, 175.0, 18.0], redc2hB7sB, 5740800]
[paragraph, [208.0, 76.0, 175.0, 18.0], redc2hB7sB, 5740800]
[paragraph, [208.0, 94.0, 175.0, 18.0], redc2hB7sB, 5740800]
[paragraph, [208.0, 112.0, 175.0, 18.0], redc2hB7sB, 5740800]
[paragraph, [208.0, 130.0, 175.0, 18.0], redc2hB7sB, 5740800]
[paragraph, [208.0, 148.0, 175.0, 18.0], redc2hB7sB, 5740800]
[paragraph, [208.0, 166.0, 175.0, 18.0], redc2hB7sB, 5740800]
[paragraph, [208.0, 184.0, 175.0, 18.0], redc2hB7sB, 5740800]
[paragraph, [208.0, 202.0, 175.0, 18.0], redc2hB7sB, 5740800]
[paragraph, [208.0, 220.0, 175.0, 18.0], redc2hB7sB, 5740800]
[paragraph, [208.0, 238.0, 175.0, 18.0], redc2hB7sB, 5740800]
[paragraph, [208.0, 256.0, 175.0, 18.0], redc2hB7sB, 5740800]
[paragraph, [208.0, 274.0, 175.0, 18.0], redc2hB7sB, 5740800]
[paragraph, [208.0, 292.0, 175.0, 18.0], redc2hB7sB, 5740800]
[paragraph, [208.0, 310.0, 175.0, 18.0], redc2hB7sB, 5740800]
[paragraph, [208.0, 328.0, 175.0, 18.0], redc2hB7sB, 5740800]
[paragraph, [208.0, 346.0, 175.0, 18.0], redc2hB7sB, 5740800]
[paragraph, [208.0, 364.0, 175.0, 18.0], redc2hB7sB, 5740800]
[paragraph, [208.0, 382.0, 175.0, 18.0], redc2hB7sB, 5740800]
[paragraph, [208.0, 400.0, 175.0, 18.0], redc2hB7sB, 5740800]
[paragraph, [208.0, 418.0, 175.0, 18.0], redc2hB7sB, 5740800]
[paragraph, [208.0, 436.0, 175.0, 18.0], redc2hB7sB, 5740800]
[paragraph, [208.0, 454.0, 175.0, 18.0], redc2hB7sB, 5740800]
[paragraph, [208.0, 472.0, 175.0, 18.0], redc2hB7sB, 5740800]
[paragraph, [208.0, 490.0, 175.0, 18.0], redc2hB7sB, 5740800]
[paragraph, [208.0, 508.0, 175.0, 18.0], redc2hB7sB, 5740800]
[paragraph, [208.0, 526.0, 175.0, 18.0], redc2hB7sB, 5740800]
[paragraph, [208.0, 544.0, 175.0, 18.0], redc2hB7sB, 5740800]
[paragraph, [208.0, 562.0, 175.0, 18.0], redc2hB7sB, 5740800]
[paragraph, [208.0, 580.0, 175.0, 18.0], redc2hB7sB, 5740800]
[paragraph, [208.0, 598.0, 175.0, 18.0], redc2hB7sB, 5740800]
[paragraph, [208.0, 616.0, 175.0, 18.0], redc2hB7sB, 5740800]
[paragraph, [208.0, 634.0, 175.0, 18.0], redc2hB7sB, 5740800]
[paragraph, [208.0, 652.0, 175.0, 18.0], redc2hB7sB, 5740800]
