[827, 532]
[folio, [202.0, 52.0, 102.0, 18.0], MnrAnEc5cA, 5741064]
[paragraph, [46.0, 91.0, 433.0, 18.0], 6DXqhUvf18, 5741064]
[paragraph, [46.0, 109.0, 433.0, 18.0], 6DXqhUvf18, 5741064]
[paragraph, [46.0, 127.0, 433.0, 18.0], 6DXqhUvf18, 5741064]
[paragraph, [46.0, 145.0, 433.0, 18.0], 6DXqhUvf18, 5741064]
[paragraph, [46.0, 163.0, 433.0, 18.0], 6DXqhUvf18, 5741064]
[paragraph, [46.0, 181.0, 433.0, 18.0], 6DXqhUvf18, 5741064]
[paragraph, [46.0, 199.0, 433.0, 18.0], 6DXqhUvf18, 5741064]
[paragraph, [46.0, 217.0, 433.0, 18.0], 6DXqhUvf18, 5741064]
[paragraph, [46.0, 235.0, 433.0, 18.0], 6DXqhUvf18, 5741064]
[paragraph, [46.0, 253.0, 433.0, 18.0], 6DXqhUvf18, 5741064]
[paragraph, [46.0, 271.0, 433.0, 18.0], 6DXqhUvf18, 5741064]
[paragraph, [46.0, 289.0, 433.0, 18.0], 6DXqhUvf18, 5741064]
[paragraph, [46.0, 307.0, 433.0, 18.0], 6DXqhUvf18, 5741064]
[paragraph, [46.0, 325.0, 433.0, 18.0], 6DXqhUvf18, 5741064]
[paragraph, [46.0, 343.0, 433.0, 18.0], 6DXqhUvf18, 5741064]
[paragraph, [46.0, 361.0, 433.0, 18.0], 6DXqhUvf18, 5741064]
[paragraph, [46.0, 379.0, 433.0, 18.0], 6DXqhUvf18, 5741064]
[paragraph, [46.0, 397.0, 433.0, 18.0], 6DXqhUvf18, 5741064]
[paragraph, [45.0, 436.0, 437.0, 18.0], WvbJzSxx86, 5741064]
[paragraph, [45.0, 454.0, 437.0, 18.0], WvbJzSxx86, 5741064]
[paragraph, [45.0, 472.0, 437.0, 18.0], WvbJzSxx86, 5741064]
[paragraph, [45.0, 490.0, 437.0, 18.0], WvbJzSxx86, 5741064]
[paragraph, [45.0, 508.0, 437.0, 18.0], WvbJzSxx86, 5741064]
[paragraph, [45.0, 526.0, 437.0, 18.0], WvbJzSxx86, 5741064]
[paragraph, [45.0, 544.0, 437.0, 18.0], WvbJzSxx86, 5741064]
[paragraph, [45.0, 576.0, 435.0, 18.0], 1c5lS3bBjo, 5741064]
[paragraph, [45.0, 594.0, 435.0, 18.0], 1c5lS3bBjo, 5741064]
[paragraph, [45.0, 612.0, 435.0, 18.0], 1c5lS3bBjo, 5741064]
[paragraph, [45.0, 630.0, 435.0, 18.0], 1c5lS3bBjo, 5741064]
[paragraph, [45.0, 648.0, 435.0, 18.0], 1c5lS3bBjo, 5741064]
[paragraph, [45.0, 666.0, 435.0, 18.0], 1c5lS3bBjo, 5741064]
[paragraph, [45.0, 684.0, 435.0, 18.0], 1c5lS3bBjo, 5741064]
[paragraph, [45.0, 702.0, 435.0, 18.0], 1c5lS3bBjo, 5741064]
[paragraph, [45.0, 720.0, 435.0, 18.0], 1c5lS3bBjo, 5741064]
[paragraph, [45.0, 738.0, 435.0, 18.0], 1c5lS3bBjo, 5741064]
[paragraph, [45.0, 756.0, 435.0, 18.0], 1c5lS3bBjo, 5741064]
[footnote, [212.0, 787.0, 269.0, 18.0], Q05NP7uSpP, 5741064]
