[1211, 798]
[folio, [358.0, 43.0, 102.0, 18.0], shoonya_0sLHUDS7O1FO2R, 5740336]
[folio, [358.0, 61.0, 102.0, 18.0], shoonya_0sLHUDS7O1FO2R, 5740336]
[paragraph, [58.0, 105.0, 686.0, 18.0], _4inAfCVN7, 5740336]
[paragraph, [58.0, 123.0, 686.0, 18.0], _4inAfCVN7, 5740336]
[paragraph, [58.0, 141.0, 686.0, 18.0], _4inAfCVN7, 5740336]
[paragraph, [58.0, 159.0, 686.0, 18.0], _4inAfCVN7, 5740336]
[paragraph, [58.0, 177.0, 686.0, 18.0], _4inAfCVN7, 5740336]
[paragraph, [58.0, 195.0, 686.0, 18.0], _4inAfCVN7, 5740336]
[paragraph, [58.0, 213.0, 686.0, 18.0], _4inAfCVN7, 5740336]
[paragraph, [58.0, 231.0, 686.0, 18.0], _4inAfCVN7, 5740336]
[paragraph, [58.0, 249.0, 686.0, 18.0], _4inAfCVN7, 5740336]
[paragraph, [58.0, 267.0, 686.0, 18.0], _4inAfCVN7, 5740336]
[paragraph, [58.0, 285.0, 686.0, 18.0], _4inAfCVN7, 5740336]
[paragraph, [58.0, 303.0, 686.0, 18.0], _4inAfCVN7, 5740336]
[paragraph, [58.0, 321.0, 686.0, 18.0], _4inAfCVN7, 5740336]
[paragraph, [58.0, 339.0, 686.0, 18.0], _4inAfCVN7, 5740336]
[paragraph, [58.0, 357.0, 686.0, 18.0], _4inAfCVN7, 5740336]
[paragraph, [58.0, 375.0, 686.0, 18.0], _4inAfCVN7, 5740336]
[paragraph, [58.0, 393.0, 686.0, 18.0], _4inAfCVN7, 5740336]
[paragraph, [58.0, 411.0, 686.0, 18.0], _4inAfCVN7, 5740336]
[paragraph, [58.0, 429.0, 686.0, 18.0], _4inAfCVN7, 5740336]
[paragraph, [58.0, 447.0, 686.0, 18.0], _4inAfCVN7, 5740336]
[paragraph, [58.0, 465.0, 686.0, 18.0], _4inAfCVN7, 5740336]
[paragraph, [58.0, 483.0, 686.0, 18.0], _4inAfCVN7, 5740336]
[paragraph, [58.0, 501.0, 686.0, 18.0], _4inAfCVN7, 5740336]
[paragraph, [58.0, 519.0, 686.0, 18.0], _4inAfCVN7, 5740336]
[paragraph, [58.0, 537.0, 686.0, 18.0], _4inAfCVN7, 5740336]
[paragraph, [58.0, 555.0, 686.0, 18.0], _4inAfCVN7, 5740336]
[paragraph, [58.0, 573.0, 686.0, 18.0], _4inAfCVN7, 5740336]
[paragraph, [58.0, 591.0, 686.0, 18.0], _4inAfCVN7, 5740336]
[paragraph, [58.0, 609.0, 686.0, 18.0], _4inAfCVN7, 5740336]
[paragraph, [58.0, 627.0, 686.0, 18.0], _4inAfCVN7, 5740336]
[paragraph, [58.0, 645.0, 686.0, 18.0], _4inAfCVN7, 5740336]
[paragraph, [58.0, 663.0, 686.0, 18.0], _4inAfCVN7, 5740336]
[paragraph, [58.0, 681.0, 686.0, 18.0], _4inAfCVN7, 5740336]
[paragraph, [58.0, 699.0, 686.0, 18.0], _4inAfCVN7, 5740336]
[paragraph, [58.0, 717.0, 686.0, 18.0], _4inAfCVN7, 5740336]
[paragraph, [58.0, 735.0, 686.0, 18.0], _4inAfCVN7, 5740336]
[paragraph, [58.0, 753.0, 686.0, 18.0], _4inAfCVN7, 5740336]
[paragraph, [58.0, 771.0, 686.0, 18.0], _4inAfCVN7, 5740336]
[paragraph, [58.0, 789.0, 686.0, 18.0], _4inAfCVN7, 5740336]
[paragraph, [58.0, 807.0, 686.0, 18.0], _4inAfCVN7, 5740336]
[paragraph, [58.0, 825.0, 686.0, 18.0], _4inAfCVN7, 5740336]
[paragraph, [58.0, 843.0, 686.0, 18.0], _4inAfCVN7, 5740336]
[paragraph, [58.0, 861.0, 686.0, 18.0], _4inAfCVN7, 5740336]
[paragraph, [277.0, 883.0, 297.0, 18.0], t8evaZl-kH, 5740336]
[paragraph, [277.0, 901.0, 297.0, 18.0], t8evaZl-kH, 5740336]
[paragraph, [277.0, 919.0, 297.0, 18.0], t8evaZl-kH, 5740336]
[paragraph, [277.0, 937.0, 297.0, 18.0], t8evaZl-kH, 5740336]
[paragraph, [108.0, 951.0, 193.0, 18.0], 8vvmNTUsuD, 5740336]
[paragraph, [108.0, 969.0, 193.0, 18.0], 8vvmNTUsuD, 5740336]
[paragraph, [109.0, 1004.0, 304.0, 18.0], y_pcV_7V03, 5740336]
[paragraph, [109.0, 1022.0, 304.0, 18.0], y_pcV_7V03, 5740336]
[paragraph, [109.0, 1040.0, 304.0, 18.0], y_pcV_7V03, 5740336]
[paragraph, [109.0, 1058.0, 304.0, 18.0], y_pcV_7V03, 5740336]
[paragraph, [50.0, 1085.0, 685.0, 18.0], zTyKPlPIjq, 5740336]
[paragraph, [50.0, 1103.0, 685.0, 18.0], zTyKPlPIjq, 5740336]
[paragraph, [50.0, 1121.0, 685.0, 18.0], zTyKPlPIjq, 5740336]
[paragraph, [50.0, 1139.0, 685.0, 18.0], zTyKPlPIjq, 5740336]
[footnote, [418.0, 1174.0, 321.0, 18.0], fpE7r1YkV7, 5740336]
