[1152, 739]
[paragraph, [93.0, 181.0, 544.0, 18.0], zs93Tpjcj8, 5741038]
[paragraph, [93.0, 199.0, 544.0, 18.0], zs93Tpjcj8, 5741038]
[paragraph, [93.0, 217.0, 544.0, 18.0], zs93Tpjcj8, 5741038]
[paragraph, [93.0, 235.0, 544.0, 18.0], zs93Tpjcj8, 5741038]
[paragraph, [93.0, 253.0, 544.0, 18.0], zs93Tpjcj8, 5741038]
[paragraph, [93.0, 271.0, 544.0, 18.0], zs93Tpjcj8, 5741038]
[paragraph, [91.0, 297.0, 551.0, 18.0], o-gCW3aWi-, 5741038]
[paragraph, [91.0, 315.0, 551.0, 18.0], o-gCW3aWi-, 5741038]
[paragraph, [91.0, 333.0, 551.0, 18.0], o-gCW3aWi-, 5741038]
[paragraph, [91.0, 351.0, 551.0, 18.0], o-gCW3aWi-, 5741038]
[paragraph, [91.0, 369.0, 551.0, 18.0], o-gCW3aWi-, 5741038]
[paragraph, [91.0, 387.0, 551.0, 18.0], o-gCW3aWi-, 5741038]
[paragraph, [91.0, 405.0, 551.0, 18.0], o-gCW3aWi-, 5741038]
[paragraph, [91.0, 423.0, 551.0, 18.0], o-gCW3aWi-, 5741038]
[paragraph, [91.0, 441.0, 551.0, 18.0], o-gCW3aWi-, 5741038]
[paragraph, [91.0, 459.0, 551.0, 18.0], o-gCW3aWi-, 5741038]
[paragraph, [91.0, 477.0, 551.0, 18.0], o-gCW3aWi-, 5741038]
[paragraph, [91.0, 495.0, 551.0, 18.0], o-gCW3aWi-, 5741038]
[paragraph, [91.0, 513.0, 551.0, 18.0], o-gCW3aWi-, 5741038]
[paragraph, [91.0, 531.0, 551.0, 18.0], o-gCW3aWi-, 5741038]
[paragraph, [91.0, 549.0, 551.0, 18.0], o-gCW3aWi-, 5741038]
[paragraph, [91.0, 567.0, 551.0, 18.0], o-gCW3aWi-, 5741038]
[paragraph, [91.0, 585.0, 551.0, 18.0], o-gCW3aWi-, 5741038]
[paragraph, [91.0, 603.0, 551.0, 18.0], o-gCW3aWi-, 5741038]
[paragraph, [91.0, 621.0, 551.0, 18.0], o-gCW3aWi-, 5741038]
[paragraph, [91.0, 639.0, 551.0, 18.0], o-gCW3aWi-, 5741038]
[paragraph, [91.0, 657.0, 551.0, 18.0], o-gCW3aWi-, 5741038]
[paragraph, [91.0, 675.0, 551.0, 18.0], o-gCW3aWi-, 5741038]
[paragraph, [91.0, 693.0, 551.0, 18.0], o-gCW3aWi-, 5741038]
[paragraph, [91.0, 711.0, 551.0, 18.0], o-gCW3aWi-, 5741038]
[paragraph, [91.0, 729.0, 551.0, 18.0], o-gCW3aWi-, 5741038]
[paragraph, [91.0, 747.0, 551.0, 18.0], o-gCW3aWi-, 5741038]
[paragraph, [91.0, 765.0, 551.0, 18.0], o-gCW3aWi-, 5741038]
[paragraph, [91.0, 783.0, 551.0, 18.0], o-gCW3aWi-, 5741038]
[paragraph, [91.0, 801.0, 551.0, 18.0], o-gCW3aWi-, 5741038]
[paragraph, [91.0, 819.0, 551.0, 18.0], o-gCW3aWi-, 5741038]
[paragraph, [91.0, 837.0, 551.0, 18.0], o-gCW3aWi-, 5741038]
[paragraph, [91.0, 855.0, 551.0, 18.0], o-gCW3aWi-, 5741038]
[paragraph, [91.0, 873.0, 551.0, 18.0], o-gCW3aWi-, 5741038]
[paragraph, [91.0, 891.0, 551.0, 18.0], o-gCW3aWi-, 5741038]
[paragraph, [91.0, 909.0, 551.0, 18.0], o-gCW3aWi-, 5741038]
[paragraph, [91.0, 927.0, 551.0, 18.0], o-gCW3aWi-, 5741038]
[paragraph, [91.0, 945.0, 551.0, 18.0], o-gCW3aWi-, 5741038]
[paragraph, [91.0, 963.0, 551.0, 18.0], o-gCW3aWi-, 5741038]
[paragraph, [91.0, 981.0, 551.0, 18.0], o-gCW3aWi-, 5741038]
[paragraph, [91.0, 999.0, 551.0, 18.0], o-gCW3aWi-, 5741038]
[footnote, [422.0, 1108.0, 267.0, 18.0], aoKebQnA4h, 5741038]
