[1152, 739]
[paragraph, [83.0, 174.0, 613.0, 18.0], -2H2s3XSLX, 5740655]
[paragraph, [83.0, 192.0, 613.0, 18.0], -2H2s3XSLX, 5740655]
[paragraph, [83.0, 210.0, 613.0, 18.0], -2H2s3XSLX, 5740655]
[paragraph, [83.0, 228.0, 613.0, 18.0], -2H2s3XSLX, 5740655]
[paragraph, [83.0, 246.0, 613.0, 18.0], -2H2s3XSLX, 5740655]
[paragraph, [83.0, 264.0, 613.0, 18.0], -2H2s3XSLX, 5740655]
[paragraph, [83.0, 282.0, 613.0, 18.0], -2H2s3XSLX, 5740655]
[paragraph, [83.0, 300.0, 613.0, 18.0], -2H2s3XSLX, 5740655]
[paragraph, [83.0, 318.0, 613.0, 18.0], -2H2s3XSLX, 5740655]
[paragraph, [83.0, 336.0, 613.0, 18.0], -2H2s3XSLX, 5740655]
[paragraph, [83.0, 354.0, 613.0, 18.0], -2H2s3XSLX, 5740655]
[paragraph, [83.0, 372.0, 613.0, 18.0], -2H2s3XSLX, 5740655]
[paragraph, [83.0, 390.0, 613.0, 18.0], -2H2s3XSLX, 5740655]
[paragraph, [83.0, 408.0, 613.0, 18.0], -2H2s3XSLX, 5740655]
[paragraph, [83.0, 426.0, 613.0, 18.0], -2H2s3XSLX, 5740655]
[paragraph, [83.0, 444.0, 613.0, 18.0], -2H2s3XSLX, 5740655]
[paragraph, [83.0, 462.0, 613.0, 18.0], -2H2s3XSLX, 5740655]
[paragraph, [83.0, 480.0, 613.0, 18.0], -2H2s3XSLX, 5740655]
[paragraph, [83.0, 498.0, 613.0, 18.0], -2H2s3XSLX, 5740655]
[paragraph, [83.0, 516.0, 613.0, 18.0], -2H2s3XSLX, 5740655]
[paragraph, [83.0, 534.0, 613.0, 18.0], -2H2s3XSLX, 5740655]
[paragraph, [91.0, 559.0, 578.0, 18.0], J0cSa9n2bC, 5740655]
[paragraph, [91.0, 577.0, 578.0, 18.0], J0cSa9n2bC, 5740655]
[paragraph, [91.0, 595.0, 578.0, 18.0], J0cSa9n2bC, 5740655]
[paragraph, [91.0, 613.0, 578.0, 18.0], J0cSa9n2bC, 5740655]
[paragraph, [91.0, 631.0, 578.0, 18.0], J0cSa9n2bC, 5740655]
[paragraph, [93.0, 664.0, 580.0, 18.0], vd6CZ5Rb1g, 5740655]
[paragraph, [93.0, 682.0, 580.0, 18.0], vd6CZ5Rb1g, 5740655]
[paragraph, [93.0, 700.0, 580.0, 18.0], vd6CZ5Rb1g, 5740655]
[paragraph, [93.0, 718.0, 580.0, 18.0], vd6CZ5Rb1g, 5740655]
[paragraph, [93.0, 736.0, 580.0, 18.0], vd6CZ5Rb1g, 5740655]
[paragraph, [93.0, 754.0, 580.0, 18.0], vd6CZ5Rb1g, 5740655]
[paragraph, [93.0, 772.0, 580.0, 18.0], vd6CZ5Rb1g, 5740655]
[paragraph, [93.0, 790.0, 580.0, 18.0], vd6CZ5Rb1g, 5740655]
[paragraph, [84.0, 809.0, 593.0, 18.0], 9mmmTRK3pd, 5740655]
[paragraph, [84.0, 827.0, 593.0, 18.0], 9mmmTRK3pd, 5740655]
[paragraph, [84.0, 845.0, 593.0, 18.0], 9mmmTRK3pd, 5740655]
[paragraph, [84.0, 863.0, 593.0, 18.0], 9mmmTRK3pd, 5740655]
[paragraph, [84.0, 881.0, 593.0, 18.0], 9mmmTRK3pd, 5740655]
[paragraph, [84.0, 899.0, 593.0, 18.0], 9mmmTRK3pd, 5740655]
[paragraph, [84.0, 917.0, 593.0, 18.0], 9mmmTRK3pd, 5740655]
[paragraph, [84.0, 935.0, 593.0, 18.0], 9mmmTRK3pd, 5740655]
[paragraph, [84.0, 953.0, 593.0, 18.0], 9mmmTRK3pd, 5740655]
[paragraph, [84.0, 971.0, 593.0, 18.0], 9mmmTRK3pd, 5740655]
[paragraph, [84.0, 989.0, 593.0, 18.0], 9mmmTRK3pd, 5740655]
[paragraph, [84.0, 1007.0, 593.0, 18.0], 9mmmTRK3pd, 5740655]
[paragraph, [84.0, 1025.0, 593.0, 18.0], 9mmmTRK3pd, 5740655]
[paragraph, [84.0, 1043.0, 593.0, 18.0], 9mmmTRK3pd, 5740655]
[footnote, [401.0, 1109.0, 281.0, 18.0], h7mv98q7qR, 5740655]
