[1806, 1178]
[paragraph, [208.0, 95.0, 590.0, 36.0], U0_yUV7suO, 5750642]
[paragraph, [208.0, 131.0, 590.0, 36.0], U0_yUV7suO, 5750642]
[paragraph, [208.0, 167.0, 590.0, 36.0], U0_yUV7suO, 5750642]
[paragraph, [208.0, 203.0, 590.0, 36.0], U0_yUV7suO, 5750642]
[paragraph, [208.0, 239.0, 590.0, 36.0], U0_yUV7suO, 5750642]
[reference, [587.0, 302.0, 453.0, 36.0], I8_R-L3M1K, 5750642]
[reference, [587.0, 338.0, 453.0, 36.0], I8_R-L3M1K, 5750642]
[section-title, [218.0, 443.0, 384.0, 49.5], shoonya_0sSL4F821FXAOO, 5750642]
[paragraph, [214.0, 504.0, 425.0, 36.0], 4WwpMqBNea, 5750642]
[paragraph, [214.0, 540.0, 425.0, 36.0], 4WwpMqBNea, 5750642]
[paragraph, [214.0, 576.0, 425.0, 36.0], 4WwpMqBNea, 5750642]
[paragraph, [211.0, 630.0, 826.0, 36.0], 6aIqixo-0R, 5750642]
[paragraph, [211.0, 666.0, 826.0, 36.0], 6aIqixo-0R, 5750642]
[paragraph, [211.0, 702.0, 826.0, 36.0], 6aIqixo-0R, 5750642]
[paragraph, [211.0, 738.0, 826.0, 36.0], 6aIqixo-0R, 5750642]
[paragraph, [211.0, 774.0, 826.0, 36.0], 6aIqixo-0R, 5750642]
[paragraph, [211.0, 810.0, 826.0, 36.0], 6aIqixo-0R, 5750642]
[paragraph, [211.0, 846.0, 826.0, 36.0], 6aIqixo-0R, 5750642]
[paragraph, [211.0, 882.0, 826.0, 36.0], 6aIqixo-0R, 5750642]
[paragraph, [211.0, 918.0, 826.0, 36.0], 6aIqixo-0R, 5750642]
[paragraph, [211.0, 954.0, 826.0, 36.0], 6aIqixo-0R, 5750642]
[paragraph, [211.0, 990.0, 826.0, 36.0], 6aIqixo-0R, 5750642]
[paragraph, [211.0, 1026.0, 826.0, 36.0], 6aIqixo-0R, 5750642]
[paragraph, [211.0, 1062.0, 826.0, 36.0], 6aIqixo-0R, 5750642]
[paragraph, [211.0, 1098.0, 826.0, 36.0], 6aIqixo-0R, 5750642]
[paragraph, [211.0, 1134.0, 826.0, 36.0], 6aIqixo-0R, 5750642]
[paragraph, [211.0, 1170.0, 826.0, 36.0], 6aIqixo-0R, 5750642]
[paragraph, [211.0, 1206.0, 826.0, 36.0], 6aIqixo-0R, 5750642]
[paragraph, [211.0, 1242.0, 826.0, 36.0], 6aIqixo-0R, 5750642]
[paragraph, [211.0, 1278.0, 826.0, 36.0], 6aIqixo-0R, 5750642]
[paragraph, [211.0, 1314.0, 826.0, 36.0], 6aIqixo-0R, 5750642]
[paragraph, [211.0, 1350.0, 826.0, 36.0], 6aIqixo-0R, 5750642]
[paragraph, [211.0, 1386.0, 826.0, 36.0], 6aIqixo-0R, 5750642]
[paragraph, [211.0, 1422.0, 826.0, 36.0], 6aIqixo-0R, 5750642]
[paragraph, [211.0, 1458.0, 826.0, 36.0], 6aIqixo-0R, 5750642]
[folio, [510.0, 1639.0, 172.0, 36.0], BhyUvltv2N, 5750642]
