[558, 353]
[folio, [126.0, 48.0, 101.0, 18.0], shoonya_0sTEL6ISV8EU14, 6458399]
[paragraph, [17.0, 77.0, 315.0, 18.0], 2q51lLFpS4, 6458399]
[paragraph, [17.0, 95.0, 315.0, 18.0], 2q51lLFpS4, 6458399]
[paragraph, [17.0, 113.0, 315.0, 18.0], 2q51lLFpS4, 6458399]
[paragraph, [17.0, 131.0, 315.0, 18.0], 2q51lLFpS4, 6458399]
[paragraph, [17.0, 149.0, 315.0, 18.0], 2q51lLFpS4, 6458399]
[paragraph, [17.0, 167.0, 315.0, 18.0], 2q51lLFpS4, 6458399]
[paragraph, [17.0, 185.0, 315.0, 18.0], 2q51lLFpS4, 6458399]
[paragraph, [17.0, 203.0, 315.0, 18.0], 2q51lLFpS4, 6458399]
[paragraph, [17.0, 221.0, 315.0, 18.0], 2q51lLFpS4, 6458399]
[paragraph, [17.0, 239.0, 315.0, 18.0], 2q51lLFpS4, 6458399]
[paragraph, [17.0, 257.0, 315.0, 18.0], 2q51lLFpS4, 6458399]
[paragraph, [17.0, 275.0, 315.0, 18.0], 2q51lLFpS4, 6458399]
[paragraph, [17.0, 293.0, 315.0, 18.0], 2q51lLFpS4, 6458399]
[paragraph, [17.0, 311.0, 315.0, 18.0], 2q51lLFpS4, 6458399]
[paragraph, [17.0, 329.0, 315.0, 18.0], 2q51lLFpS4, 6458399]
[paragraph, [17.0, 347.0, 315.0, 18.0], 2q51lLFpS4, 6458399]
[paragraph, [17.0, 365.0, 315.0, 18.0], 2q51lLFpS4, 6458399]
[paragraph, [17.0, 383.0, 315.0, 18.0], 2q51lLFpS4, 6458399]
[paragraph, [17.0, 401.0, 315.0, 18.0], 2q51lLFpS4, 6458399]
[paragraph, [17.0, 419.0, 315.0, 18.0], 2q51lLFpS4, 6458399]
[paragraph, [17.0, 437.0, 315.0, 18.0], 2q51lLFpS4, 6458399]
[paragraph, [17.0, 455.0, 315.0, 18.0], 2q51lLFpS4, 6458399]
[paragraph, [17.0, 473.0, 315.0, 18.0], 2q51lLFpS4, 6458399]
[paragraph, [17.0, 491.0, 315.0, 18.0], 2q51lLFpS4, 6458399]
