[558, 353]
[folio, [140.0, 39.0, 77.0, 18.0], BXwziOPko3, 6458535]
[paragraph, [23.0, 65.0, 307.0, 18.0], yW_OI3U916, 6458535]
[paragraph, [23.0, 83.0, 307.0, 18.0], yW_OI3U916, 6458535]
[paragraph, [23.0, 101.0, 307.0, 18.0], yW_OI3U916, 6458535]
[paragraph, [23.0, 119.0, 307.0, 18.0], yW_OI3U916, 6458535]
[paragraph, [23.0, 137.0, 307.0, 18.0], yW_OI3U916, 6458535]
[paragraph, [23.0, 155.0, 307.0, 18.0], yW_OI3U916, 6458535]
[paragraph, [23.0, 173.0, 307.0, 18.0], yW_OI3U916, 6458535]
[paragraph, [23.0, 191.0, 307.0, 18.0], yW_OI3U916, 6458535]
[paragraph, [23.0, 209.0, 307.0, 18.0], yW_OI3U916, 6458535]
[paragraph, [23.0, 227.0, 307.0, 18.0], yW_OI3U916, 6458535]
[paragraph, [23.0, 245.0, 307.0, 18.0], yW_OI3U916, 6458535]
[paragraph, [23.0, 263.0, 307.0, 18.0], yW_OI3U916, 6458535]
[paragraph, [23.0, 281.0, 307.0, 18.0], yW_OI3U916, 6458535]
[paragraph, [23.0, 299.0, 307.0, 18.0], yW_OI3U916, 6458535]
[paragraph, [23.0, 317.0, 307.0, 18.0], yW_OI3U916, 6458535]
[paragraph, [23.0, 335.0, 307.0, 18.0], yW_OI3U916, 6458535]
[paragraph, [23.0, 353.0, 307.0, 18.0], yW_OI3U916, 6458535]
[paragraph, [23.0, 371.0, 307.0, 18.0], yW_OI3U916, 6458535]
[paragraph, [23.0, 389.0, 307.0, 18.0], yW_OI3U916, 6458535]
[paragraph, [23.0, 407.0, 307.0, 18.0], yW_OI3U916, 6458535]
[paragraph, [23.0, 425.0, 307.0, 18.0], yW_OI3U916, 6458535]
[paragraph, [23.0, 443.0, 307.0, 18.0], yW_OI3U916, 6458535]
[paragraph, [23.0, 461.0, 307.0, 18.0], yW_OI3U916, 6458535]
[paragraph, [23.0, 479.0, 307.0, 18.0], yW_OI3U916, 6458535]
