[1500, 1050]
[paragraph, [186.0, 135.0, 679.0, 36.0], wpT4Mdh0C1, 5760439]
[paragraph, [186.0, 171.0, 679.0, 36.0], wpT4Mdh0C1, 5760439]
[paragraph, [186.0, 207.0, 679.0, 36.0], wpT4Mdh0C1, 5760439]
[paragraph, [186.0, 243.0, 679.0, 36.0], wpT4Mdh0C1, 5760439]
[paragraph, [186.0, 279.0, 679.0, 36.0], wpT4Mdh0C1, 5760439]
[paragraph, [186.0, 315.0, 679.0, 36.0], wpT4Mdh0C1, 5760439]
[paragraph, [186.0, 367.0, 687.0, 36.0], fSsgS2O68g, 5760439]
[paragraph, [186.0, 403.0, 687.0, 36.0], fSsgS2O68g, 5760439]
[paragraph, [186.0, 439.0, 687.0, 36.0], fSsgS2O68g, 5760439]
[paragraph, [192.0, 505.0, 678.0, 36.0], PfIdRQavmW, 5760439]
[paragraph, [192.0, 541.0, 678.0, 36.0], PfIdRQavmW, 5760439]
[paragraph, [240.0, 583.0, 514.0, 36.0], cmmnE63-RP, 5760439]
[paragraph, [240.0, 619.0, 514.0, 36.0], cmmnE63-RP, 5760439]
[paragraph, [240.0, 655.0, 514.0, 36.0], cmmnE63-RP, 5760439]
[paragraph, [240.0, 691.0, 514.0, 36.0], cmmnE63-RP, 5760439]
[paragraph, [240.0, 727.0, 514.0, 36.0], cmmnE63-RP, 5760439]
[paragraph, [240.0, 763.0, 514.0, 36.0], cmmnE63-RP, 5760439]
[paragraph, [240.0, 799.0, 514.0, 36.0], cmmnE63-RP, 5760439]
[paragraph, [240.0, 835.0, 514.0, 36.0], cmmnE63-RP, 5760439]
[paragraph, [240.0, 871.0, 514.0, 36.0], cmmnE63-RP, 5760439]
[paragraph, [240.0, 907.0, 514.0, 36.0], cmmnE63-RP, 5760439]
[paragraph, [306.0, 972.0, 573.0, 36.0], Tx0InqrhEQ, 5760439]
[paragraph, [306.0, 1008.0, 573.0, 36.0], Tx0InqrhEQ, 5760439]
[paragraph, [194.0, 1061.0, 682.0, 36.0], RMac00fF-I, 5760439]
[paragraph, [194.0, 1097.0, 682.0, 36.0], RMac00fF-I, 5760439]
[paragraph, [194.0, 1133.0, 682.0, 36.0], RMac00fF-I, 5760439]
[paragraph, [194.0, 1169.0, 682.0, 36.0], RMac00fF-I, 5760439]
[paragraph, [194.0, 1205.0, 682.0, 36.0], RMac00fF-I, 5760439]
