[1350, 900]
[folio, [177.0, 173.0, 366.0, 18.0], iy4YBD2lx_, 5760684]
[folio, [177.0, 191.0, 366.0, 18.0], iy4YBD2lx_, 5760684]
[folio, [177.0, 209.0, 366.0, 18.0], iy4YBD2lx_, 5760684]
[folio, [177.0, 227.0, 366.0, 18.0], iy4YBD2lx_, 5760684]
[folio, [177.0, 245.0, 366.0, 18.0], iy4YBD2lx_, 5760684]
[folio, [177.0, 263.0, 366.0, 18.0], iy4YBD2lx_, 5760684]
[folio, [177.0, 632.0, 241.0, 18.0], vTutt7LOhL, 5760684]
[folio, [177.0, 650.0, 241.0, 18.0], vTutt7LOhL, 5760684]
[contact-info, [176.0, 934.0, 566.0, 18.0], Z3oY32xUqE, 5760684]
[contact-info, [176.0, 952.0, 566.0, 18.0], Z3oY32xUqE, 5760684]
[contact-info, [176.0, 970.0, 566.0, 18.0], Z3oY32xUqE, 5760684]
[contact-info, [176.0, 988.0, 566.0, 18.0], Z3oY32xUqE, 5760684]
[contact-info, [176.0, 1006.0, 566.0, 18.0], Z3oY32xUqE, 5760684]
[contact-info, [176.0, 1024.0, 566.0, 18.0], Z3oY32xUqE, 5760684]
[contact-info, [181.0, 1048.0, 200.0, 18.0], 1l9Gnxqk-u, 5760684]
[contact-info, [181.0, 1066.0, 200.0, 18.0], 1l9Gnxqk-u, 5760684]
[contact-info, [181.0, 1084.0, 200.0, 18.0], 1l9Gnxqk-u, 5760684]
[contact-info, [181.0, 1102.0, 200.0, 18.0], 1l9Gnxqk-u, 5760684]
[contact-info, [181.0, 1120.0, 200.0, 18.0], 1l9Gnxqk-u, 5760684]
