[609, 397]
[options, [43.0, 73.0, 199.0, 18.0], 0N50PiniL6, 5768076]
[options, [43.0, 91.0, 199.0, 18.0], 0N50PiniL6, 5768076]
[options, [43.0, 109.0, 199.0, 18.0], 0N50PiniL6, 5768076]
[sidebar, [245.0, 84.0, 112.0, 18.0], rKdxj-H7Ye, 5768076]
[sidebar, [245.0, 102.0, 112.0, 18.0], rKdxj-H7Ye, 5768076]
[sidebar, [245.0, 120.0, 112.0, 18.0], rKdxj-H7Ye, 5768076]
[sidebar, [245.0, 138.0, 112.0, 18.0], rKdxj-H7Ye, 5768076]
[sidebar, [245.0, 156.0, 112.0, 18.0], rKdxj-H7Ye, 5768076]
[sidebar, [245.0, 174.0, 112.0, 18.0], rKdxj-H7Ye, 5768076]
[sidebar, [245.0, 192.0, 112.0, 18.0], rKdxj-H7Ye, 5768076]
[sidebar, [245.0, 210.0, 112.0, 18.0], rKdxj-H7Ye, 5768076]
[sidebar, [245.0, 228.0, 112.0, 18.0], rKdxj-H7Ye, 5768076]
[sidebar, [245.0, 246.0, 112.0, 18.0], rKdxj-H7Ye, 5768076]
[sidebar, [245.0, 264.0, 112.0, 18.0], rKdxj-H7Ye, 5768076]
[sidebar, [245.0, 282.0, 112.0, 18.0], rKdxj-H7Ye, 5768076]
[sidebar, [245.0, 300.0, 112.0, 18.0], rKdxj-H7Ye, 5768076]
[sidebar, [245.0, 318.0, 112.0, 18.0], rKdxj-H7Ye, 5768076]
[sidebar, [245.0, 336.0, 112.0, 18.0], rKdxj-H7Ye, 5768076]
[sidebar, [245.0, 354.0, 112.0, 18.0], rKdxj-H7Ye, 5768076]
[sidebar, [245.0, 372.0, 112.0, 18.0], rKdxj-H7Ye, 5768076]
[sidebar, [245.0, 390.0, 112.0, 18.0], rKdxj-H7Ye, 5768076]
[sidebar, [245.0, 408.0, 112.0, 18.0], rKdxj-H7Ye, 5768076]
[sidebar, [245.0, 426.0, 112.0, 18.0], rKdxj-H7Ye, 5768076]
[sidebar, [245.0, 444.0, 112.0, 18.0], rKdxj-H7Ye, 5768076]
[sidebar, [245.0, 462.0, 112.0, 18.0], rKdxj-H7Ye, 5768076]
[sidebar, [245.0, 480.0, 112.0, 18.0], rKdxj-H7Ye, 5768076]
[sidebar, [245.0, 498.0, 112.0, 18.0], rKdxj-H7Ye, 5768076]
[sidebar, [245.0, 516.0, 112.0, 18.0], rKdxj-H7Ye, 5768076]
[sidebar, [245.0, 534.0, 112.0, 18.0], rKdxj-H7Ye, 5768076]
[sidebar, [245.0, 552.0, 112.0, 18.0], rKdxj-H7Ye, 5768076]
[paragraph, [26.0, 140.0, 219.0, 18.0], JzUJ0gFaWV, 5768076]
[paragraph, [26.0, 158.0, 219.0, 18.0], JzUJ0gFaWV, 5768076]
[paragraph, [26.0, 176.0, 219.0, 18.0], JzUJ0gFaWV, 5768076]
[paragraph, [23.0, 193.0, 223.0, 18.0], Bxlg2uRpOs, 5768076]
[paragraph, [23.0, 211.0, 223.0, 18.0], Bxlg2uRpOs, 5768076]
[paragraph, [28.0, 243.0, 215.0, 18.0], aEN-1fWQO9, 5768076]
[paragraph, [28.0, 261.0, 215.0, 18.0], aEN-1fWQO9, 5768076]
[paragraph, [28.0, 279.0, 215.0, 18.0], aEN-1fWQO9, 5768076]
[paragraph, [27.0, 300.0, 219.0, 18.0], uRSGRRXzxR, 5768076]
[paragraph, [27.0, 318.0, 219.0, 18.0], uRSGRRXzxR, 5768076]
[paragraph, [28.0, 347.0, 214.0, 18.0], 4NkijZEMXM, 5768076]
[paragraph, [28.0, 365.0, 214.0, 18.0], 4NkijZEMXM, 5768076]
[paragraph, [28.0, 383.0, 214.0, 18.0], 4NkijZEMXM, 5768076]
[paragraph, [28.0, 401.0, 214.0, 18.0], 4NkijZEMXM, 5768076]
[paragraph, [28.0, 419.0, 214.0, 18.0], 4NkijZEMXM, 5768076]
[paragraph, [30.0, 447.0, 219.0, 18.0], V_eoIPv5-K, 5768076]
[paragraph, [30.0, 465.0, 219.0, 18.0], V_eoIPv5-K, 5768076]
[paragraph, [30.0, 483.0, 219.0, 18.0], V_eoIPv5-K, 5768076]
[paragraph, [26.0, 502.0, 218.0, 18.0], uJEYsIr4AG, 5768076]
[paragraph, [26.0, 520.0, 218.0, 18.0], uJEYsIr4AG, 5768076]
[author, [249.0, 540.0, 103.0, 18.0], DNjYpjsbBT, 5768076]
