[1755, 1241]
[paragraph, [164.0, 260.0, 883.0, 36.0], 75UF-hYJZD, 5760098]
[paragraph, [164.0, 296.0, 883.0, 36.0], 75UF-hYJZD, 5760098]
[paragraph, [164.0, 332.0, 883.0, 36.0], 75UF-hYJZD, 5760098]
[paragraph, [164.0, 368.0, 883.0, 36.0], 75UF-hYJZD, 5760098]
[paragraph, [164.0, 404.0, 883.0, 36.0], 75UF-hYJZD, 5760098]
[paragraph, [164.0, 440.0, 883.0, 36.0], 75UF-hYJZD, 5760098]
[paragraph, [170.0, 502.0, 880.0, 36.0], mlqmDBkB_E, 5760098]
[paragraph, [170.0, 538.0, 880.0, 36.0], mlqmDBkB_E, 5760098]
[paragraph, [170.0, 574.0, 880.0, 36.0], mlqmDBkB_E, 5760098]
[paragraph, [170.0, 610.0, 880.0, 36.0], mlqmDBkB_E, 5760098]
[paragraph, [170.0, 646.0, 880.0, 36.0], mlqmDBkB_E, 5760098]
[contact-info, [639.0, 735.0, 398.0, 36.0], 598BkGPvV4, 5760098]
[contact-info, [639.0, 771.0, 398.0, 36.0], 598BkGPvV4, 5760098]
[contact-info, [639.0, 807.0, 398.0, 36.0], 598BkGPvV4, 5760098]
[contact-info, [639.0, 843.0, 398.0, 36.0], 598BkGPvV4, 5760098]
[dateline, [161.0, 792.0, 206.0, 64.5], gKQ0_AHVZc, 5760098]
