[1350, 900]
[folio, [498.0, 196.0, 182.0, 18.0], SLlh3DLL4a, 5760329]
[paragraph, [139.0, 246.0, 565.0, 18.0], LKzUcioHSv, 5760329]
[paragraph, [139.0, 264.0, 565.0, 18.0], LKzUcioHSv, 5760329]
[paragraph, [139.0, 282.0, 565.0, 18.0], LKzUcioHSv, 5760329]
[paragraph, [139.0, 300.0, 565.0, 18.0], LKzUcioHSv, 5760329]
[paragraph, [140.0, 339.0, 560.0, 18.0], zFZDUv-fcK, 5760329]
[paragraph, [140.0, 357.0, 560.0, 18.0], zFZDUv-fcK, 5760329]
[paragraph, [140.0, 375.0, 560.0, 18.0], zFZDUv-fcK, 5760329]
[paragraph, [140.0, 393.0, 560.0, 18.0], zFZDUv-fcK, 5760329]
[paragraph, [140.0, 411.0, 560.0, 18.0], zFZDUv-fcK, 5760329]
[paragraph, [140.0, 429.0, 560.0, 18.0], zFZDUv-fcK, 5760329]
[paragraph, [140.0, 447.0, 560.0, 18.0], zFZDUv-fcK, 5760329]
[paragraph, [140.0, 465.0, 560.0, 18.0], zFZDUv-fcK, 5760329]
[paragraph, [140.0, 483.0, 560.0, 18.0], zFZDUv-fcK, 5760329]
[paragraph, [140.0, 501.0, 560.0, 18.0], zFZDUv-fcK, 5760329]
[paragraph, [140.0, 519.0, 560.0, 18.0], zFZDUv-fcK, 5760329]
[paragraph, [140.0, 537.0, 560.0, 18.0], zFZDUv-fcK, 5760329]
[paragraph, [137.0, 568.0, 563.0, 18.0], 5-g77pWWbk, 5760329]
[paragraph, [137.0, 586.0, 563.0, 18.0], 5-g77pWWbk, 5760329]
[paragraph, [137.0, 604.0, 563.0, 18.0], 5-g77pWWbk, 5760329]
[paragraph, [137.0, 622.0, 563.0, 18.0], 5-g77pWWbk, 5760329]
[paragraph, [137.0, 640.0, 563.0, 18.0], 5-g77pWWbk, 5760329]
[paragraph, [137.0, 658.0, 563.0, 18.0], 5-g77pWWbk, 5760329]
[paragraph, [137.0, 676.0, 563.0, 18.0], 5-g77pWWbk, 5760329]
[paragraph, [137.0, 694.0, 563.0, 18.0], 5-g77pWWbk, 5760329]
[paragraph, [137.0, 712.0, 563.0, 18.0], 5-g77pWWbk, 5760329]
[paragraph, [137.0, 730.0, 563.0, 18.0], 5-g77pWWbk, 5760329]
[paragraph, [137.0, 748.0, 563.0, 18.0], 5-g77pWWbk, 5760329]
[paragraph, [137.0, 766.0, 563.0, 18.0], 5-g77pWWbk, 5760329]
[paragraph, [137.0, 784.0, 563.0, 18.0], 5-g77pWWbk, 5760329]
[paragraph, [137.0, 802.0, 563.0, 18.0], 5-g77pWWbk, 5760329]
[paragraph, [137.0, 820.0, 563.0, 18.0], 5-g77pWWbk, 5760329]
[paragraph, [137.0, 845.0, 558.0, 18.0], N32RhDLOdo, 5760329]
[paragraph, [137.0, 863.0, 558.0, 18.0], N32RhDLOdo, 5760329]
[paragraph, [137.0, 881.0, 558.0, 18.0], N32RhDLOdo, 5760329]
[paragraph, [137.0, 899.0, 558.0, 18.0], N32RhDLOdo, 5760329]
[quote, [179.0, 929.0, 471.0, 18.0], jsWq_9Atzc, 5760329]
[quote, [179.0, 947.0, 471.0, 18.0], jsWq_9Atzc, 5760329]
[quote, [179.0, 965.0, 471.0, 18.0], jsWq_9Atzc, 5760329]
[paragraph, [134.0, 991.0, 564.0, 18.0], 6uehFWwF15, 5760329]
[paragraph, [134.0, 1009.0, 564.0, 18.0], 6uehFWwF15, 5760329]
[paragraph, [134.0, 1027.0, 564.0, 18.0], 6uehFWwF15, 5760329]
[paragraph, [134.0, 1045.0, 564.0, 18.0], 6uehFWwF15, 5760329]
[paragraph, [135.0, 1080.0, 559.0, 18.0], fnDy3hSdf9, 5760329]
[paragraph, [135.0, 1098.0, 559.0, 18.0], fnDy3hSdf9, 5760329]
[paragraph, [135.0, 1116.0, 559.0, 18.0], fnDy3hSdf9, 5760329]
