[3900, 2357]
[chapter-title, [304.0, 211.0, 1761.0, 165.0], shoonya_1sL8QKB50EJDYE, 5768292]
[chapter-title, [304.0, 376.0, 1761.0, 165.0], shoonya_1sL8QKB50EJDYE, 5768292]
[dateline, [1021.0, 526.0, 603.0, 52.5], aF5WIIKlJP, 5768292]
[dateline, [1021.0, 578.5, 603.0, 52.5], aF5WIIKlJP, 5768292]
[dateline, [1021.0, 631.0, 603.0, 52.5], aF5WIIKlJP, 5768292]
[folio, [364.0, 553.0, 497.0, 52.5], 8psm-WKZt6, 5768292]
[folio, [364.0, 605.5, 497.0, 52.5], 8psm-WKZt6, 5768292]
[folio, [1006.0, 759.0, 1065.0, 52.5], Xly62Noq3I, 5768292]
[folio, [1006.0, 811.5, 1065.0, 52.5], Xly62Noq3I, 5768292]
[folio, [1006.0, 864.0, 1065.0, 52.5], Xly62Noq3I, 5768292]
[folio, [1006.0, 916.5, 1065.0, 52.5], Xly62Noq3I, 5768292]
[folio, [1006.0, 969.0, 1065.0, 52.5], Xly62Noq3I, 5768292]
[folio, [1006.0, 1021.5, 1065.0, 52.5], Xly62Noq3I, 5768292]
