[3896, 2355]
[paragraph, [182.0, 312.0, 1971.0, 52.5], K8SB0YEbdi, 5768442]
[paragraph, [182.0, 364.5, 1971.0, 52.5], K8SB0YEbdi, 5768442]
[paragraph, [182.0, 417.0, 1971.0, 52.5], K8SB0YEbdi, 5768442]
[paragraph, [182.0, 469.5, 1971.0, 52.5], K8SB0YEbdi, 5768442]
[paragraph, [182.0, 522.0, 1971.0, 52.5], K8SB0YEbdi, 5768442]
[paragraph, [182.0, 574.5, 1971.0, 52.5], K8SB0YEbdi, 5768442]
[paragraph, [182.0, 627.0, 1971.0, 52.5], K8SB0YEbdi, 5768442]
[paragraph, [182.0, 679.5, 1971.0, 52.5], K8SB0YEbdi, 5768442]
[paragraph, [182.0, 732.0, 1971.0, 52.5], K8SB0YEbdi, 5768442]
[author, [522.0, 838.0, 1646.0, 52.5], VuMdxU4epL, 5768442]
[author, [522.0, 890.5, 1646.0, 52.5], VuMdxU4epL, 5768442]
[author, [522.0, 943.0, 1646.0, 52.5], VuMdxU4epL, 5768442]
[folio, [1032.0, 1041.0, 218.0, 52.5], eYenyuKSUx, 5768442]
[folio, [1032.0, 1093.5, 218.0, 52.5], eYenyuKSUx, 5768442]
[folio, [1032.0, 1146.0, 218.0, 52.5], eYenyuKSUx, 5768442]
[paragraph, [182.0, 1213.0, 1986.0, 52.5], GzLe5r2SC4, 5768442]
[paragraph, [182.0, 1265.5, 1986.0, 52.5], GzLe5r2SC4, 5768442]
[paragraph, [182.0, 1318.0, 1986.0, 52.5], GzLe5r2SC4, 5768442]
[paragraph, [182.0, 1370.5, 1986.0, 52.5], GzLe5r2SC4, 5768442]
[paragraph, [182.0, 1423.0, 1986.0, 52.5], GzLe5r2SC4, 5768442]
[paragraph, [182.0, 1475.5, 1986.0, 52.5], GzLe5r2SC4, 5768442]
[paragraph, [182.0, 1528.0, 1986.0, 52.5], GzLe5r2SC4, 5768442]
[paragraph, [182.0, 1580.5, 1986.0, 52.5], GzLe5r2SC4, 5768442]
[paragraph, [182.0, 1633.0, 1986.0, 52.5], GzLe5r2SC4, 5768442]
[paragraph, [182.0, 1685.5, 1986.0, 52.5], GzLe5r2SC4, 5768442]
[paragraph, [312.0, 1720.0, 1847.0, 52.5], Tn9KB0YzJ_, 5768442]
[paragraph, [312.0, 1772.5, 1847.0, 52.5], Tn9KB0YzJ_, 5768442]
[paragraph, [312.0, 1825.0, 1847.0, 52.5], Tn9KB0YzJ_, 5768442]
[dateline, [463.0, 2015.0, 1425.0, 52.5], k7e4ofdNCf, 5768442]
[dateline, [463.0, 2067.5, 1425.0, 52.5], k7e4ofdNCf, 5768442]
[dateline, [463.0, 2120.0, 1425.0, 52.5], k7e4ofdNCf, 5768442]
[folio, [481.0, 2201.0, 1398.0, 52.5], mVzXySz1oH, 5768442]
[folio, [481.0, 2253.5, 1398.0, 52.5], mVzXySz1oH, 5768442]
[folio, [481.0, 2306.0, 1398.0, 52.5], mVzXySz1oH, 5768442]
[chapter-title, [900.0, 2384.0, 575.0, 165.0], EYDtF5uZu6, 5768442]
[chapter-title, [900.0, 2549.0, 575.0, 165.0], EYDtF5uZu6, 5768442]
[author, [472.0, 2747.0, 1434.0, 52.5], Z5MOcJpnpc, 5768442]
[author, [472.0, 2799.5, 1434.0, 52.5], Z5MOcJpnpc, 5768442]
[author, [472.0, 2852.0, 1434.0, 52.5], Z5MOcJpnpc, 5768442]
[paragraph, [413.0, 2924.0, 1567.0, 52.5], VUlXqUOK6C, 5768442]
[paragraph, [413.0, 2976.5, 1567.0, 52.5], VUlXqUOK6C, 5768442]
[paragraph, [413.0, 3029.0, 1567.0, 52.5], VUlXqUOK6C, 5768442]
[paragraph, [413.0, 3081.5, 1567.0, 52.5], VUlXqUOK6C, 5768442]
[paragraph, [413.0, 3134.0, 1567.0, 52.5], VUlXqUOK6C, 5768442]
[paragraph, [413.0, 3186.5, 1567.0, 52.5], VUlXqUOK6C, 5768442]
[paragraph, [413.0, 3239.0, 1567.0, 52.5], VUlXqUOK6C, 5768442]
[paragraph, [413.0, 3291.5, 1567.0, 52.5], VUlXqUOK6C, 5768442]
[paragraph, [357.0, 3361.0, 1584.0, 52.5], P-I8iE88Zy, 5768442]
[paragraph, [357.0, 3413.5, 1584.0, 52.5], P-I8iE88Zy, 5768442]
[paragraph, [357.0, 3466.0, 1584.0, 52.5], P-I8iE88Zy, 5768442]
[paragraph, [357.0, 3518.5, 1584.0, 52.5], P-I8iE88Zy, 5768442]
