[4003, 2357]
[headline, [161.0, 260.0, 1446.0, 52.5], shoonya_0sZUJHI63HS127, 5768039]
[headline, [161.0, 312.5, 1446.0, 52.5], shoonya_0sZUJHI63HS127, 5768039]
[headline, [161.0, 365.0, 1446.0, 52.5], shoonya_0sZUJHI63HS127, 5768039]
[chapter-title, [528.0, 472.0, 1281.0, 165.0], Y_oWFiMg9N, 5768039]
[folio, [324.0, 756.0, 1656.0, 52.5], lt6lBvg85L, 5768039]
[folio, [324.0, 808.5, 1656.0, 52.5], lt6lBvg85L, 5768039]
[folio, [324.0, 861.0, 1656.0, 52.5], lt6lBvg85L, 5768039]
[folio, [324.0, 913.5, 1656.0, 52.5], lt6lBvg85L, 5768039]
[folio, [324.0, 966.0, 1656.0, 52.5], lt6lBvg85L, 5768039]
[chapter-title, [180.0, 1128.0, 720.0, 165.0], P5orJeLb_p, 5768039]
[author, [206.0, 1370.0, 968.0, 52.5], MGsF3ksvRc, 5768039]
[author, [206.0, 1422.5, 968.0, 52.5], MGsF3ksvRc, 5768039]
[chapter-title, [649.0, 1615.0, 1550.0, 165.0], v-9HS1_sph, 5768039]
[author, [968.0, 1899.0, 1208.0, 52.5], 0Fj5FvGbYW, 5768039]
[author, [968.0, 1951.5, 1208.0, 52.5], 0Fj5FvGbYW, 5768039]
[author, [968.0, 2004.0, 1208.0, 52.5], 0Fj5FvGbYW, 5768039]
[chapter-title, [197.0, 2150.0, 1444.0, 165.0], AkqQA6Vqoi, 5768039]
[author, [189.0, 2410.0, 832.0, 52.5], KB527h_NBi, 5768039]
[author, [189.0, 2462.5, 832.0, 52.5], KB527h_NBi, 5768039]
[author, [189.0, 2515.0, 832.0, 52.5], KB527h_NBi, 5768039]
[chapter-title, [1296.0, 2647.0, 939.0, 165.0], TQI1q2flr9, 5768039]
[author, [1450.0, 2936.0, 708.0, 52.5], z_Pz4ev4tB, 5768039]
[author, [1450.0, 2988.5, 708.0, 52.5], z_Pz4ev4tB, 5768039]
[author, [1450.0, 3041.0, 708.0, 52.5], z_Pz4ev4tB, 5768039]
[section-title, [209.0, 3246.0, 1949.0, 93.0], GbDzHvCrz2, 5768039]
[section-title, [209.0, 3339.0, 1949.0, 93.0], GbDzHvCrz2, 5768039]
[section-title, [209.0, 3432.0, 1949.0, 93.0], GbDzHvCrz2, 5768039]
[section-title, [209.0, 3525.0, 1949.0, 93.0], GbDzHvCrz2, 5768039]
[section-title, [209.0, 3618.0, 1949.0, 93.0], GbDzHvCrz2, 5768039]
