[1755, 1241]
[folio, [187.0, 186.0, 269.0, 36.0], GeRUxSFJ-v, 5759661]
[paragraph, [183.0, 259.0, 870.0, 36.0], NSYOtB4J1M, 5759661]
[paragraph, [183.0, 295.0, 870.0, 36.0], NSYOtB4J1M, 5759661]
[paragraph, [183.0, 331.0, 870.0, 36.0], NSYOtB4J1M, 5759661]
[paragraph, [183.0, 367.0, 870.0, 36.0], NSYOtB4J1M, 5759661]
[paragraph, [183.0, 403.0, 870.0, 36.0], NSYOtB4J1M, 5759661]
[paragraph, [183.0, 439.0, 870.0, 36.0], NSYOtB4J1M, 5759661]
[paragraph, [183.0, 475.0, 870.0, 36.0], NSYOtB4J1M, 5759661]
[paragraph, [183.0, 547.0, 864.0, 36.0], 9Rfsxx7EwR, 5759661]
[paragraph, [183.0, 583.0, 864.0, 36.0], 9Rfsxx7EwR, 5759661]
[paragraph, [183.0, 619.0, 864.0, 36.0], 9Rfsxx7EwR, 5759661]
[paragraph, [183.0, 655.0, 864.0, 36.0], 9Rfsxx7EwR, 5759661]
[paragraph, [183.0, 691.0, 864.0, 36.0], 9Rfsxx7EwR, 5759661]
[paragraph, [178.0, 738.0, 868.0, 36.0], 3unEkXxLxf, 5759661]
[paragraph, [178.0, 774.0, 868.0, 36.0], 3unEkXxLxf, 5759661]
[paragraph, [178.0, 810.0, 868.0, 36.0], 3unEkXxLxf, 5759661]
[paragraph, [173.0, 890.0, 868.0, 36.0], R-7EV1hh4l, 5759661]
[paragraph, [173.0, 926.0, 868.0, 36.0], R-7EV1hh4l, 5759661]
[paragraph, [173.0, 962.0, 868.0, 36.0], R-7EV1hh4l, 5759661]
[paragraph, [173.0, 998.0, 868.0, 36.0], R-7EV1hh4l, 5759661]
[paragraph, [173.0, 1034.0, 868.0, 36.0], R-7EV1hh4l, 5759661]
[paragraph, [173.0, 1070.0, 868.0, 36.0], R-7EV1hh4l, 5759661]
[paragraph, [173.0, 1106.0, 868.0, 36.0], R-7EV1hh4l, 5759661]
[paragraph, [173.0, 1142.0, 868.0, 36.0], R-7EV1hh4l, 5759661]
[paragraph, [173.0, 1178.0, 868.0, 36.0], R-7EV1hh4l, 5759661]
[paragraph, [173.0, 1214.0, 868.0, 36.0], R-7EV1hh4l, 5759661]
[paragraph, [173.0, 1250.0, 868.0, 36.0], R-7EV1hh4l, 5759661]
[paragraph, [173.0, 1286.0, 868.0, 36.0], R-7EV1hh4l, 5759661]
[paragraph, [173.0, 1322.0, 868.0, 36.0], R-7EV1hh4l, 5759661]
[paragraph, [173.0, 1358.0, 868.0, 36.0], R-7EV1hh4l, 5759661]
[paragraph, [170.0, 1438.0, 868.0, 36.0], E9iFxRTKn7, 5759661]
[paragraph, [170.0, 1474.0, 868.0, 36.0], E9iFxRTKn7, 5759661]
[paragraph, [170.0, 1510.0, 868.0, 36.0], E9iFxRTKn7, 5759661]
[paragraph, [170.0, 1546.0, 868.0, 36.0], E9iFxRTKn7, 5759661]
