[732, 560]
[options, [103.0, 379.0, 213.0, 18.0], mWoqk7ck37, 5689390]
[options, [103.0, 397.0, 213.0, 18.0], mWoqk7ck37, 5689390]
[options, [103.0, 415.0, 213.0, 18.0], mWoqk7ck37, 5689390]
[options, [103.0, 433.0, 213.0, 18.0], mWoqk7ck37, 5689390]
[options, [103.0, 451.0, 213.0, 18.0], mWoqk7ck37, 5689390]
[options, [103.0, 469.0, 213.0, 18.0], mWoqk7ck37, 5689390]
[options, [103.0, 487.0, 213.0, 18.0], mWoqk7ck37, 5689390]
[options, [103.0, 505.0, 213.0, 18.0], mWoqk7ck37, 5689390]
[options, [103.0, 523.0, 213.0, 18.0], mWoqk7ck37, 5689390]
[options, [103.0, 541.0, 213.0, 18.0], mWoqk7ck37, 5689390]
[options, [103.0, 559.0, 213.0, 18.0], mWoqk7ck37, 5689390]
[options, [103.0, 577.0, 213.0, 18.0], mWoqk7ck37, 5689390]
[options, [103.0, 595.0, 213.0, 18.0], mWoqk7ck37, 5689390]
[options, [103.0, 613.0, 213.0, 18.0], mWoqk7ck37, 5689390]
