[2339, 1653]
[paragraph, [48.0, 60.0, 536.0, 36.0], shoonya_20sEVPXZGUYJ54, 5689935]
[paragraph, [49.0, 134.0, 596.0, 36.0], eiKM0mrEi7, 5689935]
[options, [70.0, 313.0, 181.0, 36.0], -cizoF0Wrd, 5689935]
[options, [70.0, 349.0, 181.0, 36.0], -cizoF0Wrd, 5689935]
[options, [70.0, 385.0, 181.0, 36.0], -cizoF0Wrd, 5689935]
[options, [70.0, 421.0, 181.0, 36.0], -cizoF0Wrd, 5689935]
[options, [70.0, 457.0, 181.0, 36.0], -cizoF0Wrd, 5689935]
[options, [70.0, 493.0, 181.0, 36.0], -cizoF0Wrd, 5689935]
[options, [49.0, 574.0, 305.0, 36.0], shoonya_0sSMM9G622V6Y8, 5689935]
[options, [49.0, 610.0, 305.0, 36.0], shoonya_0sSMM9G622V6Y8, 5689935]
[options, [49.0, 646.0, 305.0, 36.0], shoonya_0sSMM9G622V6Y8, 5689935]
[options, [49.0, 682.0, 305.0, 36.0], shoonya_0sSMM9G622V6Y8, 5689935]
[options, [49.0, 718.0, 305.0, 36.0], shoonya_0sSMM9G622V6Y8, 5689935]
[options, [49.0, 754.0, 305.0, 36.0], shoonya_0sSMM9G622V6Y8, 5689935]
[options, [49.0, 790.0, 305.0, 36.0], shoonya_0sSMM9G622V6Y8, 5689935]
[options, [49.0, 826.0, 305.0, 36.0], shoonya_0sSMM9G622V6Y8, 5689935]
[options, [49.0, 862.0, 305.0, 36.0], shoonya_0sSMM9G622V6Y8, 5689935]
[paragraph, [53.0, 1023.0, 1533.0, 36.0], 97bTvRjmdm, 5689935]
[paragraph, [53.0, 1059.0, 1533.0, 36.0], 97bTvRjmdm, 5689935]
[paragraph, [53.0, 1095.0, 1533.0, 36.0], 97bTvRjmdm, 5689935]
[paragraph, [52.0, 1153.0, 508.0, 36.0], shoonya_19sXDJ1C62G66T, 5689935]
[paragraph, [53.0, 1228.0, 594.0, 36.0], N6YtLOqObF, 5689935]
[options, [113.0, 1426.0, 233.0, 36.0], kv_-JY0fTL, 5689935]
[options, [113.0, 1462.0, 233.0, 36.0], kv_-JY0fTL, 5689935]
[options, [113.0, 1498.0, 233.0, 36.0], kv_-JY0fTL, 5689935]
[options, [113.0, 1534.0, 233.0, 36.0], kv_-JY0fTL, 5689935]
[options, [113.0, 1570.0, 233.0, 36.0], kv_-JY0fTL, 5689935]
[options, [113.0, 1606.0, 233.0, 36.0], kv_-JY0fTL, 5689935]
[options, [113.0, 1642.0, 233.0, 36.0], kv_-JY0fTL, 5689935]
[options, [113.0, 1678.0, 233.0, 36.0], kv_-JY0fTL, 5689935]
[options, [45.0, 1738.0, 307.0, 36.0], 97Gv1PU9Hv, 5689935]
[options, [45.0, 1774.0, 307.0, 36.0], 97Gv1PU9Hv, 5689935]
[options, [45.0, 1810.0, 307.0, 36.0], 97Gv1PU9Hv, 5689935]
[options, [45.0, 1846.0, 307.0, 36.0], 97Gv1PU9Hv, 5689935]
[options, [45.0, 1882.0, 307.0, 36.0], 97Gv1PU9Hv, 5689935]
[options, [45.0, 1918.0, 307.0, 36.0], 97Gv1PU9Hv, 5689935]
[options, [45.0, 1954.0, 307.0, 36.0], 97Gv1PU9Hv, 5689935]
[options, [45.0, 1990.0, 307.0, 36.0], 97Gv1PU9Hv, 5689935]
[options, [45.0, 2026.0, 307.0, 36.0], 97Gv1PU9Hv, 5689935]
[folio, [53.0, 2184.0, 1545.0, 36.0], Ju_GDbmRtV, 5689935]
