[595, 777]
[sidebar, [710.0, 65.0, 56.0, 18.0], c5nJEQLc_P, 6492581]
[options, [79.0, 84.0, 93.0, 18.0], GjncSobxP1, 6492581]
[options, [79.0, 102.0, 93.0, 18.0], GjncSobxP1, 6492581]
[options, [79.0, 120.0, 93.0, 18.0], GjncSobxP1, 6492581]
[options, [79.0, 138.0, 93.0, 18.0], GjncSobxP1, 6492581]
[options, [469.0, 86.0, 279.0, 18.0], zsAv3tKDig, 6492581]
[options, [469.0, 104.0, 279.0, 18.0], zsAv3tKDig, 6492581]
[options, [469.0, 122.0, 279.0, 18.0], zsAv3tKDig, 6492581]
[options, [469.0, 140.0, 279.0, 18.0], zsAv3tKDig, 6492581]
[options, [469.0, 158.0, 279.0, 18.0], zsAv3tKDig, 6492581]
[options, [469.0, 176.0, 279.0, 18.0], zsAv3tKDig, 6492581]
[options, [469.0, 194.0, 279.0, 18.0], zsAv3tKDig, 6492581]
[options, [469.0, 212.0, 279.0, 18.0], zsAv3tKDig, 6492581]
[options, [469.0, 230.0, 279.0, 18.0], zsAv3tKDig, 6492581]
[options, [469.0, 248.0, 279.0, 18.0], zsAv3tKDig, 6492581]
[options, [80.0, 219.0, 92.0, 18.0], ek-NfgMgi3, 6492581]
[options, [80.0, 237.0, 92.0, 18.0], ek-NfgMgi3, 6492581]
[options, [80.0, 255.0, 92.0, 18.0], ek-NfgMgi3, 6492581]
[options, [80.0, 273.0, 92.0, 18.0], ek-NfgMgi3, 6492581]
[options, [80.0, 291.0, 92.0, 18.0], ek-NfgMgi3, 6492581]
[options, [469.0, 332.0, 278.0, 18.0], X27lpcmC4J, 6492581]
[options, [469.0, 350.0, 278.0, 18.0], X27lpcmC4J, 6492581]
[options, [469.0, 368.0, 278.0, 18.0], X27lpcmC4J, 6492581]
[options, [469.0, 386.0, 278.0, 18.0], X27lpcmC4J, 6492581]
[options, [469.0, 404.0, 278.0, 18.0], X27lpcmC4J, 6492581]
[options, [469.0, 422.0, 278.0, 18.0], X27lpcmC4J, 6492581]
[options, [469.0, 440.0, 278.0, 18.0], X27lpcmC4J, 6492581]
[options, [469.0, 458.0, 278.0, 18.0], X27lpcmC4J, 6492581]
[options, [469.0, 476.0, 278.0, 18.0], X27lpcmC4J, 6492581]
[options, [469.0, 494.0, 278.0, 18.0], X27lpcmC4J, 6492581]
[options, [469.0, 512.0, 278.0, 18.0], X27lpcmC4J, 6492581]
[options, [469.0, 530.0, 278.0, 18.0], X27lpcmC4J, 6492581]
[options, [79.0, 338.0, 79.0, 18.0], __O8l6QknM, 6492581]
[options, [79.0, 356.0, 79.0, 18.0], __O8l6QknM, 6492581]
[options, [79.0, 374.0, 79.0, 18.0], __O8l6QknM, 6492581]
[options, [79.0, 392.0, 79.0, 18.0], __O8l6QknM, 6492581]
[options, [86.0, 460.0, 136.0, 18.0], 1xb4xpuO-X, 6492581]
[options, [86.0, 478.0, 136.0, 18.0], 1xb4xpuO-X, 6492581]
[options, [86.0, 496.0, 136.0, 18.0], 1xb4xpuO-X, 6492581]
[options, [86.0, 514.0, 136.0, 18.0], 1xb4xpuO-X, 6492581]
[folio, [16.0, 555.0, 71.0, 18.0], fgFkU27ri8, 6492581]
[jumpline, [263.0, 556.0, 81.0, 18.0], ThvxPsHfUZ, 6492581]
[jumpline, [679.0, 557.0, 88.0, 18.0], _2yBlmoE6J, 6492581]
