[1983, 1400]
[folio, [373.0, 10.0, 650.0, 36.0], shoonya_1sBAOPJ24MXFJP, 5699011]
[website-link, [653.0, 17.0, 363.0, 18.0], dYibpR7758, 5699011]
[options, [318.0, 185.0, 491.0, 36.0], 7eFs-8Hiv2, 5699011]
[options, [318.0, 221.0, 491.0, 36.0], 7eFs-8Hiv2, 5699011]
[options, [318.0, 257.0, 491.0, 36.0], 7eFs-8Hiv2, 5699011]
[options, [318.0, 293.0, 491.0, 36.0], 7eFs-8Hiv2, 5699011]
[options, [318.0, 329.0, 491.0, 36.0], 7eFs-8Hiv2, 5699011]
[options, [301.0, 486.0, 929.0, 36.0], r9tp_jBWJI, 5699011]
[options, [301.0, 522.0, 929.0, 36.0], r9tp_jBWJI, 5699011]
[options, [301.0, 558.0, 929.0, 36.0], r9tp_jBWJI, 5699011]
[options, [301.0, 594.0, 929.0, 36.0], r9tp_jBWJI, 5699011]
[options, [301.0, 630.0, 929.0, 36.0], r9tp_jBWJI, 5699011]
[options, [301.0, 666.0, 929.0, 36.0], r9tp_jBWJI, 5699011]
[options, [301.0, 702.0, 929.0, 36.0], r9tp_jBWJI, 5699011]
[options, [290.0, 792.0, 836.0, 36.0], Csl1GJVAjv, 5699011]
[options, [290.0, 828.0, 836.0, 36.0], Csl1GJVAjv, 5699011]
[options, [286.0, 1002.0, 957.0, 36.0], OqVY4ugpKl, 5699011]
[options, [286.0, 1038.0, 957.0, 36.0], OqVY4ugpKl, 5699011]
[options, [286.0, 1074.0, 957.0, 36.0], OqVY4ugpKl, 5699011]
[options, [286.0, 1110.0, 957.0, 36.0], OqVY4ugpKl, 5699011]
[options, [286.0, 1146.0, 957.0, 36.0], OqVY4ugpKl, 5699011]
[options, [286.0, 1182.0, 957.0, 36.0], OqVY4ugpKl, 5699011]
[options, [286.0, 1218.0, 957.0, 36.0], OqVY4ugpKl, 5699011]
[options, [286.0, 1254.0, 957.0, 36.0], OqVY4ugpKl, 5699011]
[options, [286.0, 1290.0, 957.0, 36.0], OqVY4ugpKl, 5699011]
[options, [286.0, 1326.0, 957.0, 36.0], OqVY4ugpKl, 5699011]
[options, [248.0, 1506.0, 631.0, 36.0], wUo_ODLhRx, 5699011]
[options, [248.0, 1542.0, 631.0, 36.0], wUo_ODLhRx, 5699011]
[options, [248.0, 1578.0, 631.0, 36.0], wUo_ODLhRx, 5699011]
[options, [248.0, 1614.0, 631.0, 36.0], wUo_ODLhRx, 5699011]
[options, [248.0, 1650.0, 631.0, 36.0], wUo_ODLhRx, 5699011]
[folio, [30.0, 1766.0, 434.0, 36.0], shoonya_0sO1FG4BA4K9O8, 5699011]
[folio, [351.0, 1928.0, 699.0, 36.0], nPCVvwNar6, 5699011]
[website-link, [533.0, 1932.0, 341.0, 18.0], rOE_2f2wEJ, 5699011]
[website-link, [533.0, 1950.0, 341.0, 18.0], rOE_2f2wEJ, 5699011]
