[2200, 1700]
[options, [183.0, 296.0, 191.0, 36.0], A2NXgz9kg3, 6492526]
[options, [183.0, 332.0, 191.0, 36.0], A2NXgz9kg3, 6492526]
[options, [183.0, 368.0, 191.0, 36.0], A2NXgz9kg3, 6492526]
[options, [183.0, 404.0, 191.0, 36.0], A2NXgz9kg3, 6492526]
[options, [183.0, 440.0, 191.0, 36.0], A2NXgz9kg3, 6492526]
[options, [183.0, 476.0, 191.0, 36.0], A2NXgz9kg3, 6492526]
[options, [174.0, 662.0, 325.0, 36.0], c9z1AjByTw, 6492526]
[options, [174.0, 698.0, 325.0, 36.0], c9z1AjByTw, 6492526]
[options, [174.0, 734.0, 325.0, 36.0], c9z1AjByTw, 6492526]
[options, [174.0, 770.0, 325.0, 36.0], c9z1AjByTw, 6492526]
[options, [174.0, 806.0, 325.0, 36.0], c9z1AjByTw, 6492526]
[options, [174.0, 842.0, 325.0, 36.0], c9z1AjByTw, 6492526]
[options, [181.0, 1018.0, 276.0, 36.0], gU_l96k0kT, 6492526]
[options, [181.0, 1054.0, 276.0, 36.0], gU_l96k0kT, 6492526]
[options, [181.0, 1090.0, 276.0, 36.0], gU_l96k0kT, 6492526]
[options, [181.0, 1126.0, 276.0, 36.0], gU_l96k0kT, 6492526]
[options, [181.0, 1162.0, 276.0, 36.0], gU_l96k0kT, 6492526]
[options, [170.0, 1350.0, 394.0, 36.0], T34jTYiO5R, 6492526]
[options, [170.0, 1386.0, 394.0, 36.0], T34jTYiO5R, 6492526]
[options, [170.0, 1422.0, 394.0, 36.0], T34jTYiO5R, 6492526]
[options, [170.0, 1458.0, 394.0, 36.0], T34jTYiO5R, 6492526]
[options, [170.0, 1494.0, 394.0, 36.0], T34jTYiO5R, 6492526]
[options, [170.0, 1530.0, 394.0, 36.0], T34jTYiO5R, 6492526]
[options, [170.0, 1690.0, 434.0, 36.0], c0Dw7ULs_9, 6492526]
[options, [170.0, 1726.0, 434.0, 36.0], c0Dw7ULs_9, 6492526]
[options, [170.0, 1762.0, 434.0, 36.0], c0Dw7ULs_9, 6492526]
[options, [170.0, 1798.0, 434.0, 36.0], c0Dw7ULs_9, 6492526]
[options, [170.0, 1834.0, 434.0, 36.0], c0Dw7ULs_9, 6492526]
