[1983, 1400]
[website-link, [344.0, 3.0, 706.0, 18.0], Lap06WmIzE, 5698362]
[website-link, [344.0, 21.0, 706.0, 18.0], Lap06WmIzE, 5698362]
[website-link, [344.0, 39.0, 706.0, 18.0], Lap06WmIzE, 5698362]
[options, [351.0, 240.0, 501.0, 36.0], 8RvmBuOhJ6, 5698362]
[options, [351.0, 276.0, 501.0, 36.0], 8RvmBuOhJ6, 5698362]
[options, [351.0, 312.0, 501.0, 36.0], 8RvmBuOhJ6, 5698362]
[options, [351.0, 348.0, 501.0, 36.0], 8RvmBuOhJ6, 5698362]
[options, [351.0, 384.0, 501.0, 36.0], 8RvmBuOhJ6, 5698362]
[options, [351.0, 420.0, 501.0, 36.0], 8RvmBuOhJ6, 5698362]
[options, [351.0, 456.0, 501.0, 36.0], 8RvmBuOhJ6, 5698362]
[options, [351.0, 600.0, 508.0, 36.0], rD68fYEm-T, 5698362]
[options, [351.0, 636.0, 508.0, 36.0], rD68fYEm-T, 5698362]
[options, [351.0, 672.0, 508.0, 36.0], rD68fYEm-T, 5698362]
[options, [351.0, 708.0, 508.0, 36.0], rD68fYEm-T, 5698362]
[options, [351.0, 744.0, 508.0, 36.0], rD68fYEm-T, 5698362]
[options, [351.0, 780.0, 508.0, 36.0], rD68fYEm-T, 5698362]
[options, [351.0, 816.0, 508.0, 36.0], rD68fYEm-T, 5698362]
[options, [356.0, 960.0, 566.0, 36.0], KZ-cSmGYAz, 5698362]
[options, [356.0, 996.0, 566.0, 36.0], KZ-cSmGYAz, 5698362]
[options, [356.0, 1032.0, 566.0, 36.0], KZ-cSmGYAz, 5698362]
[options, [356.0, 1068.0, 566.0, 36.0], KZ-cSmGYAz, 5698362]
[options, [356.0, 1104.0, 566.0, 36.0], KZ-cSmGYAz, 5698362]
[options, [356.0, 1140.0, 566.0, 36.0], KZ-cSmGYAz, 5698362]
[options, [356.0, 1176.0, 566.0, 36.0], KZ-cSmGYAz, 5698362]
[options, [347.0, 1313.0, 776.0, 36.0], B3b_f_SF--, 5698362]
[options, [347.0, 1349.0, 776.0, 36.0], B3b_f_SF--, 5698362]
[options, [347.0, 1385.0, 776.0, 36.0], B3b_f_SF--, 5698362]
[options, [347.0, 1421.0, 776.0, 36.0], B3b_f_SF--, 5698362]
[options, [347.0, 1457.0, 776.0, 36.0], B3b_f_SF--, 5698362]
[options, [347.0, 1493.0, 776.0, 36.0], B3b_f_SF--, 5698362]
[options, [347.0, 1529.0, 776.0, 36.0], B3b_f_SF--, 5698362]
[options, [338.0, 1675.0, 845.0, 36.0], jrSbwlb8Al, 5698362]
[options, [338.0, 1711.0, 845.0, 36.0], jrSbwlb8Al, 5698362]
[options, [338.0, 1747.0, 845.0, 36.0], jrSbwlb8Al, 5698362]
[options, [338.0, 1783.0, 845.0, 36.0], jrSbwlb8Al, 5698362]
[folio, [97.0, 1855.0, 434.0, 36.0], -65hLiP7rF, 5698362]
[website-link, [358.0, 1921.0, 673.0, 18.0], OH25qf1xfi, 5698362]
[website-link, [358.0, 1939.0, 673.0, 18.0], OH25qf1xfi, 5698362]
[website-link, [358.0, 1957.0, 673.0, 18.0], OH25qf1xfi, 5698362]
