[2806, 1984]
[section-title, [427.0, 95.0, 1105.0, 79.5], 7CY0VrtiUV, 5699074]
[paragraph, [443.0, 192.0, 922.0, 46.5], shoonya_5sAD12YZRF8EOD, 5699074]
[paragraph, [427.0, 275.0, 1115.0, 46.5], 4svNpI5_oO, 5699074]
[paragraph, [427.0, 321.5, 1115.0, 46.5], 4svNpI5_oO, 5699074]
[paragraph, [425.0, 380.0, 1083.0, 46.5], zUKoZBo4BB, 5699074]
[paragraph, [437.0, 460.0, 615.0, 46.5], 1TnaqxwkAJ, 5699074]
[paragraph, [437.0, 506.5, 615.0, 46.5], 1TnaqxwkAJ, 5699074]
[sidebar, [1652.0, 1012.0, 97.0, 46.5], shoonya_9sUUU2TMLVK76M, 5699074]
[second-level-question, [326.0, 1101.0, 1143.0, 46.5], shoonya_8s5OIYKZSIYAAG, 5699074]
[answer, [297.0, 1173.0, 1506.0, 46.5], 3xqweoRgO8, 5699074]
[answer, [297.0, 1219.5, 1506.0, 46.5], 3xqweoRgO8, 5699074]
[answer, [297.0, 1266.0, 1506.0, 46.5], 3xqweoRgO8, 5699074]
[answer, [297.0, 1312.5, 1506.0, 46.5], 3xqweoRgO8, 5699074]
[answer, [297.0, 1359.0, 1506.0, 46.5], 3xqweoRgO8, 5699074]
[answer, [297.0, 1405.5, 1506.0, 46.5], 3xqweoRgO8, 5699074]
[answer, [297.0, 1452.0, 1506.0, 46.5], 3xqweoRgO8, 5699074]
[answer, [297.0, 1498.5, 1506.0, 46.5], 3xqweoRgO8, 5699074]
[answer, [297.0, 1545.0, 1506.0, 46.5], 3xqweoRgO8, 5699074]
[answer, [297.0, 1591.5, 1506.0, 46.5], 3xqweoRgO8, 5699074]
[answer, [297.0, 1638.0, 1506.0, 46.5], 3xqweoRgO8, 5699074]
[answer, [297.0, 1684.5, 1506.0, 46.5], 3xqweoRgO8, 5699074]
[answer, [297.0, 1731.0, 1506.0, 46.5], 3xqweoRgO8, 5699074]
[answer, [297.0, 1777.5, 1506.0, 46.5], 3xqweoRgO8, 5699074]
[answer, [297.0, 1824.0, 1506.0, 46.5], 3xqweoRgO8, 5699074]
[answer, [297.0, 1870.5, 1506.0, 46.5], 3xqweoRgO8, 5699074]
[answer, [297.0, 1917.0, 1506.0, 46.5], 3xqweoRgO8, 5699074]
[answer, [297.0, 1963.5, 1506.0, 46.5], 3xqweoRgO8, 5699074]
[answer, [297.0, 2010.0, 1506.0, 46.5], 3xqweoRgO8, 5699074]
[answer, [297.0, 2056.5, 1506.0, 46.5], 3xqweoRgO8, 5699074]
[answer, [297.0, 2103.0, 1506.0, 46.5], 3xqweoRgO8, 5699074]
[answer, [297.0, 2149.5, 1506.0, 46.5], 3xqweoRgO8, 5699074]
[answer, [297.0, 2196.0, 1506.0, 46.5], 3xqweoRgO8, 5699074]
[answer, [297.0, 2242.5, 1506.0, 46.5], 3xqweoRgO8, 5699074]
[answer, [297.0, 2289.0, 1506.0, 46.5], 3xqweoRgO8, 5699074]
[answer, [297.0, 2335.5, 1506.0, 46.5], 3xqweoRgO8, 5699074]
[answer, [297.0, 2382.0, 1506.0, 46.5], 3xqweoRgO8, 5699074]
[answer, [297.0, 2428.5, 1506.0, 46.5], 3xqweoRgO8, 5699074]
[answer, [297.0, 2475.0, 1506.0, 46.5], 3xqweoRgO8, 5699074]
[answer, [297.0, 2521.5, 1506.0, 46.5], 3xqweoRgO8, 5699074]
[paragraph, [326.0, 1348.0, 1427.0, 46.5], hT4Hik7AUX, 5699074]
[paragraph, [326.0, 1394.5, 1427.0, 46.5], hT4Hik7AUX, 5699074]
[paragraph, [326.0, 1441.0, 1427.0, 46.5], hT4Hik7AUX, 5699074]
[paragraph, [326.0, 1487.5, 1427.0, 46.5], hT4Hik7AUX, 5699074]
[paragraph, [317.0, 1584.0, 1439.0, 46.5], ub5LCdz89A, 5699074]
[paragraph, [317.0, 1630.5, 1439.0, 46.5], ub5LCdz89A, 5699074]
[paragraph, [317.0, 1677.0, 1439.0, 46.5], ub5LCdz89A, 5699074]
[paragraph, [317.0, 1723.5, 1439.0, 46.5], ub5LCdz89A, 5699074]
[paragraph, [317.0, 1816.0, 1445.0, 46.5], fCoDimkCXb, 5699074]
[paragraph, [317.0, 1862.5, 1445.0, 46.5], fCoDimkCXb, 5699074]
[paragraph, [317.0, 1909.0, 1445.0, 46.5], fCoDimkCXb, 5699074]
[paragraph, [317.0, 1955.5, 1445.0, 46.5], fCoDimkCXb, 5699074]
[paragraph, [317.0, 2002.0, 1445.0, 46.5], fCoDimkCXb, 5699074]
[paragraph, [317.0, 2048.5, 1445.0, 46.5], fCoDimkCXb, 5699074]
[paragraph, [317.0, 2095.0, 1445.0, 46.5], fCoDimkCXb, 5699074]
[paragraph, [317.0, 2141.5, 1445.0, 46.5], fCoDimkCXb, 5699074]
[paragraph, [326.0, 2252.0, 1439.0, 46.5], z5cXVUASfy, 5699074]
[paragraph, [326.0, 2298.5, 1439.0, 46.5], z5cXVUASfy, 5699074]
[paragraph, [326.0, 2345.0, 1439.0, 46.5], z5cXVUASfy, 5699074]
[paragraph, [326.0, 2391.5, 1439.0, 46.5], z5cXVUASfy, 5699074]
[paragraph, [326.0, 2438.0, 1439.0, 46.5], z5cXVUASfy, 5699074]
[paragraph, [326.0, 2484.5, 1439.0, 46.5], z5cXVUASfy, 5699074]
[paragraph, [326.0, 2531.0, 1439.0, 46.5], z5cXVUASfy, 5699074]
