[1983, 1400]
[website-link, [372.0, 9.0, 650.0, 18.0], shoonya_5sLQXML3UCH06C, 5698494]
[website-link, [372.0, 27.0, 650.0, 18.0], shoonya_5sLQXML3UCH06C, 5698494]
[options, [304.0, 234.0, 603.0, 36.0], Y9gQ_-e--Z, 5698494]
[options, [304.0, 270.0, 603.0, 36.0], Y9gQ_-e--Z, 5698494]
[options, [304.0, 306.0, 603.0, 36.0], Y9gQ_-e--Z, 5698494]
[options, [304.0, 342.0, 603.0, 36.0], Y9gQ_-e--Z, 5698494]
[options, [304.0, 378.0, 603.0, 36.0], Y9gQ_-e--Z, 5698494]
[options, [327.0, 550.0, 794.0, 36.0], CVh0ckX6Y9, 5698494]
[options, [327.0, 586.0, 794.0, 36.0], CVh0ckX6Y9, 5698494]
[options, [318.0, 755.0, 572.0, 36.0], MTy18p1nw-, 5698494]
[options, [318.0, 791.0, 572.0, 36.0], MTy18p1nw-, 5698494]
[options, [318.0, 827.0, 572.0, 36.0], MTy18p1nw-, 5698494]
[options, [318.0, 863.0, 572.0, 36.0], MTy18p1nw-, 5698494]
[options, [318.0, 899.0, 572.0, 36.0], MTy18p1nw-, 5698494]
[options, [318.0, 1024.0, 603.0, 36.0], HWEk5v2Ue7, 5698494]
[options, [318.0, 1060.0, 603.0, 36.0], HWEk5v2Ue7, 5698494]
[options, [318.0, 1096.0, 603.0, 36.0], HWEk5v2Ue7, 5698494]
[options, [318.0, 1132.0, 603.0, 36.0], HWEk5v2Ue7, 5698494]
[options, [318.0, 1168.0, 603.0, 36.0], HWEk5v2Ue7, 5698494]
[options, [318.0, 1204.0, 603.0, 36.0], HWEk5v2Ue7, 5698494]
[options, [316.0, 1294.0, 528.0, 36.0], Eo1KmrDAoH, 5698494]
[options, [316.0, 1330.0, 528.0, 36.0], Eo1KmrDAoH, 5698494]
[options, [316.0, 1366.0, 528.0, 36.0], Eo1KmrDAoH, 5698494]
[options, [316.0, 1402.0, 528.0, 36.0], Eo1KmrDAoH, 5698494]
[options, [316.0, 1438.0, 528.0, 36.0], Eo1KmrDAoH, 5698494]
[options, [316.0, 1474.0, 528.0, 36.0], Eo1KmrDAoH, 5698494]
[options, [297.0, 1600.0, 731.0, 36.0], aFrgjsIhLD, 5698494]
[options, [297.0, 1636.0, 731.0, 36.0], aFrgjsIhLD, 5698494]
[options, [297.0, 1672.0, 731.0, 36.0], aFrgjsIhLD, 5698494]
[options, [297.0, 1708.0, 731.0, 36.0], aFrgjsIhLD, 5698494]
[options, [297.0, 1744.0, 731.0, 36.0], aFrgjsIhLD, 5698494]
[options, [297.0, 1780.0, 731.0, 36.0], aFrgjsIhLD, 5698494]
[folio, [91.0, 1859.0, 407.0, 36.0], shoonya_3sK1FZ525ZEHXB, 5698494]
[jumpline, [981.0, 1860.0, 238.0, 36.0], shoonya_2sSASS3R8TO5J9, 5698494]
[website-link, [360.0, 1929.0, 662.0, 18.0], shoonya_0sZTIQZ7USBTRU, 5698494]
[website-link, [360.0, 1947.0, 662.0, 18.0], shoonya_0sZTIQZ7USBTRU, 5698494]
