[2200, 1700]
[ordered-list, [172.0, 204.0, 212.0, 36.0], ses97AcFxe, 6492374]
[ordered-list, [172.0, 240.0, 212.0, 36.0], ses97AcFxe, 6492374]
[ordered-list, [172.0, 276.0, 212.0, 36.0], ses97AcFxe, 6492374]
[options, [176.0, 451.0, 138.0, 36.0], ngcezqrbyB, 6492374]
[options, [176.0, 487.0, 138.0, 36.0], ngcezqrbyB, 6492374]
[options, [176.0, 523.0, 138.0, 36.0], ngcezqrbyB, 6492374]
[options, [176.0, 559.0, 138.0, 36.0], ngcezqrbyB, 6492374]
[options, [176.0, 595.0, 138.0, 36.0], ngcezqrbyB, 6492374]
[options, [176.0, 631.0, 138.0, 36.0], ngcezqrbyB, 6492374]
[options, [185.0, 1185.0, 170.0, 36.0], aJJgRFuSMz, 6492374]
[options, [185.0, 1221.0, 170.0, 36.0], aJJgRFuSMz, 6492374]
[options, [185.0, 1257.0, 170.0, 36.0], aJJgRFuSMz, 6492374]
[options, [185.0, 1293.0, 170.0, 36.0], aJJgRFuSMz, 6492374]
[options, [185.0, 1329.0, 170.0, 36.0], aJJgRFuSMz, 6492374]
[options, [180.0, 1512.0, 242.0, 36.0], 4P36hv7127, 6492374]
[options, [180.0, 1548.0, 242.0, 36.0], 4P36hv7127, 6492374]
[options, [180.0, 1584.0, 242.0, 36.0], 4P36hv7127, 6492374]
[options, [180.0, 1620.0, 242.0, 36.0], 4P36hv7127, 6492374]
[options, [180.0, 1656.0, 242.0, 36.0], 4P36hv7127, 6492374]
[options, [185.0, 1848.0, 129.0, 36.0], q0BCVraAc6, 6492374]
[options, [185.0, 1884.0, 129.0, 36.0], q0BCVraAc6, 6492374]
[options, [185.0, 1920.0, 129.0, 36.0], q0BCVraAc6, 6492374]
