[2200, 1700]
[options, [181.0, 190.0, 297.0, 36.0], shoonya_0sC77A9E4ME04F, 6492097]
[options, [181.0, 226.0, 297.0, 36.0], shoonya_0sC77A9E4ME04F, 6492097]
[options, [181.0, 262.0, 297.0, 36.0], shoonya_0sC77A9E4ME04F, 6492097]
[options, [181.0, 298.0, 297.0, 36.0], shoonya_0sC77A9E4ME04F, 6492097]
[options, [181.0, 334.0, 297.0, 36.0], shoonya_0sC77A9E4ME04F, 6492097]
[options, [181.0, 370.0, 297.0, 36.0], shoonya_0sC77A9E4ME04F, 6492097]
[options, [181.0, 406.0, 297.0, 36.0], shoonya_0sC77A9E4ME04F, 6492097]
[options, [170.0, 561.0, 231.0, 36.0], K3jdRW08uf, 6492097]
[options, [170.0, 597.0, 231.0, 36.0], K3jdRW08uf, 6492097]
[options, [170.0, 633.0, 231.0, 36.0], K3jdRW08uf, 6492097]
[options, [170.0, 669.0, 231.0, 36.0], K3jdRW08uf, 6492097]
[options, [170.0, 705.0, 231.0, 36.0], K3jdRW08uf, 6492097]
[options, [170.0, 777.0, 231.0, 36.0], K3jdRW08uf, 6492097]
[options, [182.0, 934.0, 195.0, 36.0], rORraeeuxr, 6492097]
[options, [182.0, 970.0, 195.0, 36.0], rORraeeuxr, 6492097]
[options, [182.0, 1006.0, 195.0, 36.0], rORraeeuxr, 6492097]
[options, [182.0, 1042.0, 195.0, 36.0], rORraeeuxr, 6492097]
[options, [182.0, 1078.0, 195.0, 36.0], rORraeeuxr, 6492097]
[options, [182.0, 1114.0, 195.0, 36.0], rORraeeuxr, 6492097]
[options, [180.0, 1303.0, 221.0, 36.0], YmLB1wKNeV, 6492097]
[options, [180.0, 1339.0, 221.0, 36.0], YmLB1wKNeV, 6492097]
[options, [180.0, 1375.0, 221.0, 36.0], YmLB1wKNeV, 6492097]
[options, [180.0, 1411.0, 221.0, 36.0], YmLB1wKNeV, 6492097]
[options, [180.0, 1447.0, 221.0, 36.0], YmLB1wKNeV, 6492097]
[options, [180.0, 1483.0, 221.0, 36.0], YmLB1wKNeV, 6492097]
[options, [180.0, 1663.0, 203.0, 36.0], I9RKNSXlF3, 6492097]
[options, [180.0, 1699.0, 203.0, 36.0], I9RKNSXlF3, 6492097]
[options, [180.0, 1735.0, 203.0, 36.0], I9RKNSXlF3, 6492097]
[options, [180.0, 1771.0, 203.0, 36.0], I9RKNSXlF3, 6492097]
[options, [180.0, 1807.0, 203.0, 36.0], I9RKNSXlF3, 6492097]
[options, [180.0, 1843.0, 203.0, 36.0], I9RKNSXlF3, 6492097]
[options, [180.0, 1879.0, 203.0, 36.0], I9RKNSXlF3, 6492097]
