[2806, 1983]
[website-link, [655.0, 75.0, 665.0, 18.0], Q1xL8zvC_m, 5698366]
[website-link, [655.0, 93.0, 665.0, 18.0], Q1xL8zvC_m, 5698366]
[website-link, [655.0, 111.0, 665.0, 18.0], Q1xL8zvC_m, 5698366]
[options, [415.0, 237.0, 955.0, 46.5], IdEAbKKr1w, 5698366]
[options, [415.0, 283.5, 955.0, 46.5], IdEAbKKr1w, 5698366]
[options, [415.0, 330.0, 955.0, 46.5], IdEAbKKr1w, 5698366]
[options, [408.0, 546.0, 947.0, 46.5], shoonya_2sL5J652MT6UVU, 5698366]
[options, [408.0, 592.5, 947.0, 46.5], shoonya_2sL5J652MT6UVU, 5698366]
[options, [408.0, 639.0, 947.0, 46.5], shoonya_2sL5J652MT6UVU, 5698366]
[options, [408.0, 685.5, 947.0, 46.5], shoonya_2sL5J652MT6UVU, 5698366]
[options, [392.0, 895.0, 1060.0, 46.5], 4lJjOs_liu, 5698366]
[options, [392.0, 941.5, 1060.0, 46.5], 4lJjOs_liu, 5698366]
[options, [392.0, 988.0, 1060.0, 46.5], 4lJjOs_liu, 5698366]
[options, [392.0, 1034.5, 1060.0, 46.5], 4lJjOs_liu, 5698366]
[options, [372.0, 1252.0, 1060.0, 46.5], 3qNnxBcs-q, 5698366]
[options, [372.0, 1298.5, 1060.0, 46.5], 3qNnxBcs-q, 5698366]
[options, [372.0, 1345.0, 1060.0, 46.5], 3qNnxBcs-q, 5698366]
[options, [372.0, 1391.5, 1060.0, 46.5], 3qNnxBcs-q, 5698366]
[options, [352.0, 1610.0, 952.0, 46.5], -IhvJffr74, 5698366]
[options, [352.0, 1656.5, 952.0, 46.5], -IhvJffr74, 5698366]
[options, [352.0, 1703.0, 952.0, 46.5], -IhvJffr74, 5698366]
[options, [352.0, 1749.5, 952.0, 46.5], -IhvJffr74, 5698366]
[options, [352.0, 1796.0, 952.0, 46.5], -IhvJffr74, 5698366]
[options, [352.0, 1842.5, 952.0, 46.5], -IhvJffr74, 5698366]
[options, [352.0, 1889.0, 952.0, 46.5], -IhvJffr74, 5698366]
[options, [352.0, 1935.5, 952.0, 46.5], -IhvJffr74, 5698366]
[options, [352.0, 1982.0, 952.0, 46.5], -IhvJffr74, 5698366]
[options, [317.0, 2238.0, 1177.0, 46.5], StQNGQtICd, 5698366]
[options, [317.0, 2284.5, 1177.0, 46.5], StQNGQtICd, 5698366]
[options, [317.0, 2331.0, 1177.0, 46.5], StQNGQtICd, 5698366]
[options, [317.0, 2377.5, 1177.0, 46.5], StQNGQtICd, 5698366]
[folio, [47.0, 2477.0, 219.0, 46.5], shoonya_1s3GY23OFYRWNI, 5698366]
[folio, [1802.0, 2505.0, 122.0, 46.5], xoXHaI10Kj, 5698366]
[website-link, [682.0, 2660.0, 605.0, 18.0], aUMmTahIDy, 5698366]
[website-link, [682.0, 2678.0, 605.0, 18.0], aUMmTahIDy, 5698366]
[website-link, [682.0, 2696.0, 605.0, 18.0], aUMmTahIDy, 5698366]
[website-link, [682.0, 2714.0, 605.0, 18.0], aUMmTahIDy, 5698366]
