[2806, 1984]
[folio, [440.0, 94.0, 1108.0, 46.5], ncVt41CUSo, 5698676]
[answer, [198.0, 290.0, 1599.0, 46.5], exaf_jAxdo, 5698676]
[answer, [198.0, 336.5, 1599.0, 46.5], exaf_jAxdo, 5698676]
[answer, [198.0, 383.0, 1599.0, 46.5], exaf_jAxdo, 5698676]
[answer, [198.0, 429.5, 1599.0, 46.5], exaf_jAxdo, 5698676]
[answer, [198.0, 602.0, 1602.0, 46.5], 0MlALC62V-, 5698676]
[answer, [198.0, 648.5, 1602.0, 46.5], 0MlALC62V-, 5698676]
[answer, [198.0, 695.0, 1602.0, 46.5], 0MlALC62V-, 5698676]
[answer, [198.0, 741.5, 1602.0, 46.5], 0MlALC62V-, 5698676]
[answer, [198.0, 788.0, 1602.0, 46.5], 0MlALC62V-, 5698676]
[answer, [198.0, 938.0, 1578.0, 46.5], shoonya_3sCXUAJV88IP5B, 5698676]
[answer, [198.0, 984.5, 1578.0, 46.5], shoonya_3sCXUAJV88IP5B, 5698676]
[answer, [198.0, 1031.0, 1578.0, 46.5], shoonya_3sCXUAJV88IP5B, 5698676]
[answer, [168.0, 1287.0, 1624.0, 46.5], WXfi_FEMdx, 5698676]
[answer, [168.0, 1333.5, 1624.0, 46.5], WXfi_FEMdx, 5698676]
[answer, [168.0, 1380.0, 1624.0, 46.5], WXfi_FEMdx, 5698676]
[answer, [168.0, 1426.5, 1624.0, 46.5], WXfi_FEMdx, 5698676]
[answer, [198.0, 1610.0, 1574.0, 46.5], FmVUqAY-6c, 5698676]
[answer, [198.0, 1656.5, 1574.0, 46.5], FmVUqAY-6c, 5698676]
[answer, [198.0, 1703.0, 1574.0, 46.5], FmVUqAY-6c, 5698676]
[answer, [193.0, 1855.0, 987.0, 46.5], BseB3JfgWR, 5698676]
[answer, [193.0, 1901.5, 987.0, 46.5], BseB3JfgWR, 5698676]
[folio, [927.0, 1975.0, 122.0, 46.5], shoonya_1sZQMELEF1TCP8, 5698676]
[answer, [215.0, 2148.0, 783.0, 46.5], wusZ7Bkxns, 5698676]
[answer, [215.0, 2194.5, 783.0, 46.5], wusZ7Bkxns, 5698676]
[answer, [208.0, 2337.0, 1572.0, 46.5], XHGsV87pHY, 5698676]
[answer, [208.0, 2383.5, 1572.0, 46.5], XHGsV87pHY, 5698676]
[answer, [208.0, 2430.0, 1572.0, 46.5], XHGsV87pHY, 5698676]
[answer, [208.0, 2476.5, 1572.0, 46.5], XHGsV87pHY, 5698676]
[answer, [208.0, 2523.0, 1572.0, 46.5], XHGsV87pHY, 5698676]
