[1754, 1241]
[options, [164.0, 92.0, 889.0, 36.0], 26ZnzJvR0j, 5708114]
[options, [158.0, 176.0, 957.0, 36.0], _5DEATLVHw, 5708114]
[options, [162.0, 264.0, 875.0, 36.0], 8gwDEOJse6, 5708114]
[options, [159.0, 347.0, 974.0, 36.0], kzuSesikfI, 5708114]
[options, [161.0, 433.0, 932.0, 36.0], v9-1mN98uq, 5708114]
[options, [161.0, 519.0, 920.0, 36.0], 0TMeVZHtei, 5708114]
[options, [161.0, 601.0, 959.0, 36.0], siMc19N9iZ, 5708114]
[options, [158.0, 686.0, 1010.0, 36.0], 4rQmIF6qdq, 5708114]
[options, [158.0, 722.0, 1010.0, 36.0], 4rQmIF6qdq, 5708114]
[options, [161.0, 818.0, 884.0, 36.0], 6CfeYv2OBE, 5708114]
[options, [158.0, 901.0, 904.0, 36.0], Y0Ua6H_Cr3, 5708114]
[options, [159.0, 983.0, 937.0, 36.0], hB4g0EqGGu, 5708114]
[options, [159.0, 1070.0, 917.0, 36.0], xwGgrY3kal, 5708114]
[options, [162.0, 1157.0, 906.0, 36.0], EQtytBYSQn, 5708114]
