[1752, 1240]
[options, [192.0, 153.0, 632.0, 36.0], ojPpMmR5gB, 5708352]
[options, [192.0, 189.0, 632.0, 36.0], ojPpMmR5gB, 5708352]
[options, [201.0, 305.0, 730.0, 36.0], f6LMNNqG4a, 5708352]
[options, [201.0, 341.0, 730.0, 36.0], f6LMNNqG4a, 5708352]
[options, [196.0, 452.0, 633.0, 36.0], ch8wHqytY9, 5708352]
[options, [196.0, 488.0, 633.0, 36.0], ch8wHqytY9, 5708352]
[options, [196.0, 524.0, 633.0, 36.0], ch8wHqytY9, 5708352]
[options, [196.0, 560.0, 633.0, 36.0], ch8wHqytY9, 5708352]
[options, [198.0, 705.0, 686.0, 36.0], asZYwiuuak, 5708352]
[options, [198.0, 741.0, 686.0, 36.0], asZYwiuuak, 5708352]
[options, [201.0, 854.0, 668.0, 36.0], lJq8XMyvDD, 5708352]
[options, [201.0, 890.0, 668.0, 36.0], lJq8XMyvDD, 5708352]
[options, [207.0, 1004.0, 683.0, 36.0], wx_8NusYr9, 5708352]
[options, [207.0, 1040.0, 683.0, 36.0], wx_8NusYr9, 5708352]
