[1755, 1241]
[options, [133.0, 144.0, 808.0, 36.0], xhTAH58eEi, 5708369]
[options, [133.0, 180.0, 808.0, 36.0], xhTAH58eEi, 5708369]
[options, [138.0, 279.0, 611.0, 36.0], 5Q1Xs3ZCNt, 5708369]
[options, [138.0, 315.0, 611.0, 36.0], 5Q1Xs3ZCNt, 5708369]
[options, [138.0, 351.0, 611.0, 36.0], 5Q1Xs3ZCNt, 5708369]
[options, [138.0, 387.0, 611.0, 36.0], 5Q1Xs3ZCNt, 5708369]
[options, [133.0, 505.0, 727.0, 36.0], 25Cmmjf161, 5708369]
[options, [133.0, 541.0, 727.0, 36.0], 25Cmmjf161, 5708369]
[options, [133.0, 577.0, 727.0, 36.0], 25Cmmjf161, 5708369]
[options, [133.0, 613.0, 727.0, 36.0], 25Cmmjf161, 5708369]
[placeholder-text, [595.0, 686.0, 131.0, 18.0], shoonya_0sDBSZ8M8SBPNN, 5708369]
[options, [128.0, 733.0, 659.0, 36.0], LAP0CIZLzw, 5708369]
[options, [128.0, 769.0, 659.0, 36.0], LAP0CIZLzw, 5708369]
[options, [128.0, 899.0, 507.0, 36.0], R8vl2RoPMg, 5708369]
[options, [128.0, 935.0, 507.0, 36.0], R8vl2RoPMg, 5708369]
[options, [128.0, 971.0, 507.0, 36.0], R8vl2RoPMg, 5708369]
[options, [128.0, 1007.0, 507.0, 36.0], R8vl2RoPMg, 5708369]
[options, [128.0, 1043.0, 507.0, 36.0], R8vl2RoPMg, 5708369]
[options, [133.0, 1131.0, 380.0, 36.0], qyAOhRArOB, 5708369]
[options, [133.0, 1167.0, 380.0, 36.0], qyAOhRArOB, 5708369]
[options, [133.0, 1203.0, 380.0, 36.0], qyAOhRArOB, 5708369]
[options, [133.0, 1239.0, 380.0, 36.0], qyAOhRArOB, 5708369]
[options, [138.0, 1356.0, 808.0, 36.0], qkPaIr2vN5, 5708369]
[options, [138.0, 1392.0, 808.0, 36.0], qkPaIr2vN5, 5708369]
[options, [138.0, 1428.0, 808.0, 36.0], qkPaIr2vN5, 5708369]
[options, [138.0, 1464.0, 808.0, 36.0], qkPaIr2vN5, 5708369]
[options, [138.0, 1500.0, 808.0, 36.0], qkPaIr2vN5, 5708369]
