[1538, 1168]
[options, [164.0, 166.0, 500.0, 36.0], oQz1HvhdN4, 5707928]
[options, [164.0, 202.0, 500.0, 36.0], oQz1HvhdN4, 5707928]
[options, [164.0, 238.0, 500.0, 36.0], oQz1HvhdN4, 5707928]
[options, [164.0, 274.0, 500.0, 36.0], oQz1HvhdN4, 5707928]
[options, [162.0, 359.0, 734.0, 36.0], kfWVhBtcWM, 5707928]
[options, [162.0, 395.0, 734.0, 36.0], kfWVhBtcWM, 5707928]
[options, [153.0, 483.0, 754.0, 36.0], 8iJE3cldVz, 5707928]
[options, [153.0, 519.0, 754.0, 36.0], 8iJE3cldVz, 5707928]
[options, [166.0, 594.0, 725.0, 36.0], HZq4UnShbf, 5707928]
[options, [166.0, 630.0, 725.0, 36.0], HZq4UnShbf, 5707928]
[options, [166.0, 666.0, 725.0, 36.0], HZq4UnShbf, 5707928]
[options, [166.0, 702.0, 725.0, 36.0], HZq4UnShbf, 5707928]
[options, [169.0, 794.0, 594.0, 36.0], _r4W7vtvIo, 5707928]
[options, [169.0, 830.0, 594.0, 36.0], _r4W7vtvIo, 5707928]
[options, [169.0, 866.0, 594.0, 36.0], _r4W7vtvIo, 5707928]
[paragraph, [172.0, 1009.0, 927.0, 36.0], -9uGB9P1_O, 5707928]
[paragraph, [172.0, 1045.0, 927.0, 36.0], -9uGB9P1_O, 5707928]
[paragraph, [172.0, 1081.0, 927.0, 36.0], -9uGB9P1_O, 5707928]
[paragraph, [172.0, 1117.0, 927.0, 36.0], -9uGB9P1_O, 5707928]
[paragraph, [172.0, 1153.0, 927.0, 36.0], -9uGB9P1_O, 5707928]
[paragraph, [172.0, 1189.0, 927.0, 36.0], -9uGB9P1_O, 5707928]
[paragraph, [172.0, 1225.0, 927.0, 36.0], -9uGB9P1_O, 5707928]
[paragraph, [172.0, 1261.0, 927.0, 36.0], -9uGB9P1_O, 5707928]
[folio, [96.0, 1337.0, 109.0, 36.0], YIO-dBi_lv, 5707928]
