[1755, 1241]
[options, [131.0, 103.0, 897.0, 36.0], YiICPTtrPt, 5708200]
[options, [131.0, 139.0, 897.0, 36.0], YiICPTtrPt, 5708200]
[options, [131.0, 175.0, 897.0, 36.0], YiICPTtrPt, 5708200]
[options, [130.0, 286.0, 519.0, 36.0], VE0_dDICCV, 5708200]
[options, [130.0, 322.0, 519.0, 36.0], VE0_dDICCV, 5708200]
[options, [130.0, 358.0, 519.0, 36.0], VE0_dDICCV, 5708200]
[options, [130.0, 394.0, 519.0, 36.0], VE0_dDICCV, 5708200]
[options, [127.0, 506.0, 641.0, 36.0], EvbuSLazKt, 5708200]
[options, [127.0, 542.0, 641.0, 36.0], EvbuSLazKt, 5708200]
[options, [136.0, 632.0, 604.0, 36.0], lb6RWkWQrb, 5708200]
[options, [136.0, 668.0, 604.0, 36.0], lb6RWkWQrb, 5708200]
[options, [137.0, 776.0, 359.0, 36.0], BDb5RjiGgx, 5708200]
[options, [137.0, 812.0, 359.0, 36.0], BDb5RjiGgx, 5708200]
[options, [127.0, 906.0, 543.0, 36.0], 5Y_Xbo5YpO, 5708200]
[options, [127.0, 942.0, 543.0, 36.0], 5Y_Xbo5YpO, 5708200]
[options, [139.0, 1041.0, 491.0, 36.0], nCH-HihftA, 5708200]
[options, [139.0, 1077.0, 491.0, 36.0], nCH-HihftA, 5708200]
[options, [249.0, 1357.0, 643.0, 36.0], shoonya_0s2O2GBAA55S76, 5708200]
[options, [249.0, 1393.0, 643.0, 36.0], shoonya_0s2O2GBAA55S76, 5708200]
[options, [244.0, 1489.0, 773.0, 36.0], Fub3eHv7nD, 5708200]
[options, [244.0, 1525.0, 773.0, 36.0], Fub3eHv7nD, 5708200]
