[1755, 1241]
[chapter-title, [150.0, 86.0, 945.0, 58.5], Ijyn_o9aG8, 5708190]
[options, [141.0, 236.0, 650.0, 36.0], shoonya_0sDBICOCLOI5WT, 5708190]
[options, [141.0, 272.0, 650.0, 36.0], shoonya_0sDBICOCLOI5WT, 5708190]
[options, [144.0, 372.0, 503.0, 36.0], q71DreOOvQ, 5708190]
[options, [144.0, 408.0, 503.0, 36.0], q71DreOOvQ, 5708190]
[options, [144.0, 444.0, 503.0, 36.0], q71DreOOvQ, 5708190]
[options, [144.0, 480.0, 503.0, 36.0], q71DreOOvQ, 5708190]
[options, [136.0, 595.0, 673.0, 36.0], 7wTVP6KugN, 5708190]
[options, [136.0, 631.0, 673.0, 36.0], 7wTVP6KugN, 5708190]
[options, [137.0, 728.0, 545.0, 36.0], C_faZYCLkP, 5708190]
[options, [137.0, 764.0, 545.0, 36.0], C_faZYCLkP, 5708190]
[options, [131.0, 857.0, 667.0, 36.0], o5YbvVHx2l, 5708190]
[options, [131.0, 893.0, 667.0, 36.0], o5YbvVHx2l, 5708190]
[options, [136.0, 996.0, 720.0, 36.0], jF3hIIZy3L, 5708190]
[options, [136.0, 1032.0, 720.0, 36.0], jF3hIIZy3L, 5708190]
[options, [139.0, 1122.0, 650.0, 36.0], h224BN1TIP, 5708190]
[options, [139.0, 1158.0, 650.0, 36.0], h224BN1TIP, 5708190]
[options, [137.0, 1266.0, 720.0, 36.0], xCWNT5CBuX, 5708190]
[options, [137.0, 1302.0, 720.0, 36.0], xCWNT5CBuX, 5708190]
[options, [137.0, 1338.0, 720.0, 36.0], xCWNT5CBuX, 5708190]
[options, [137.0, 1374.0, 720.0, 36.0], xCWNT5CBuX, 5708190]
[options, [128.0, 1525.0, 646.0, 36.0], Ee1y6fscPd, 5708190]
