[2103, 1598]
[options, [201.0, 299.0, 611.0, 36.0], O9G5z8WcVP, 5659884]
[options, [201.0, 335.0, 611.0, 36.0], O9G5z8WcVP, 5659884]
[options, [201.0, 371.0, 611.0, 36.0], O9G5z8WcVP, 5659884]
[options, [201.0, 407.0, 611.0, 36.0], O9G5z8WcVP, 5659884]
[options, [201.0, 443.0, 611.0, 36.0], O9G5z8WcVP, 5659884]
[options, [201.0, 479.0, 611.0, 36.0], O9G5z8WcVP, 5659884]
[options, [201.0, 515.0, 611.0, 36.0], O9G5z8WcVP, 5659884]
[options, [201.0, 842.0, 449.0, 36.0], jCr8o_tbe_, 5659884]
[options, [201.0, 878.0, 449.0, 36.0], jCr8o_tbe_, 5659884]
[options, [201.0, 914.0, 449.0, 36.0], jCr8o_tbe_, 5659884]
[options, [201.0, 950.0, 449.0, 36.0], jCr8o_tbe_, 5659884]
[options, [201.0, 986.0, 449.0, 36.0], jCr8o_tbe_, 5659884]
[options, [884.0, 898.0, 255.0, 36.0], fDGLMoU6o7, 5659884]
[options, [884.0, 934.0, 255.0, 36.0], fDGLMoU6o7, 5659884]
[options, [884.0, 970.0, 255.0, 36.0], fDGLMoU6o7, 5659884]
[options, [884.0, 1006.0, 255.0, 36.0], fDGLMoU6o7, 5659884]
[options, [884.0, 1042.0, 255.0, 36.0], fDGLMoU6o7, 5659884]
[options, [884.0, 1078.0, 255.0, 36.0], fDGLMoU6o7, 5659884]
[options, [201.0, 1230.0, 609.0, 36.0], I7Kp_yf0Gm, 5659884]
[options, [201.0, 1266.0, 609.0, 36.0], I7Kp_yf0Gm, 5659884]
[options, [201.0, 1302.0, 609.0, 36.0], I7Kp_yf0Gm, 5659884]
[options, [201.0, 1338.0, 609.0, 36.0], I7Kp_yf0Gm, 5659884]
[options, [201.0, 1374.0, 609.0, 36.0], I7Kp_yf0Gm, 5659884]
[options, [201.0, 1410.0, 609.0, 36.0], I7Kp_yf0Gm, 5659884]
[options, [201.0, 1446.0, 609.0, 36.0], I7Kp_yf0Gm, 5659884]
[options, [201.0, 1482.0, 609.0, 36.0], I7Kp_yf0Gm, 5659884]
[options, [201.0, 1518.0, 609.0, 36.0], I7Kp_yf0Gm, 5659884]
[options, [201.0, 1554.0, 609.0, 36.0], I7Kp_yf0Gm, 5659884]
[options, [201.0, 1590.0, 609.0, 36.0], I7Kp_yf0Gm, 5659884]
[options, [201.0, 1626.0, 609.0, 36.0], I7Kp_yf0Gm, 5659884]
[options, [201.0, 1662.0, 609.0, 36.0], I7Kp_yf0Gm, 5659884]
[options, [201.0, 1698.0, 609.0, 36.0], I7Kp_yf0Gm, 5659884]
[options, [201.0, 1734.0, 609.0, 36.0], I7Kp_yf0Gm, 5659884]
[options, [201.0, 1770.0, 609.0, 36.0], I7Kp_yf0Gm, 5659884]
[options, [201.0, 1806.0, 609.0, 36.0], I7Kp_yf0Gm, 5659884]
[options, [201.0, 1842.0, 609.0, 36.0], I7Kp_yf0Gm, 5659884]
[options, [882.0, 1627.0, 261.0, 36.0], _7yAhj_82i, 5659884]
[options, [882.0, 1663.0, 261.0, 36.0], _7yAhj_82i, 5659884]
[options, [882.0, 1699.0, 261.0, 36.0], _7yAhj_82i, 5659884]
[options, [882.0, 1735.0, 261.0, 36.0], _7yAhj_82i, 5659884]
[options, [882.0, 1771.0, 261.0, 36.0], _7yAhj_82i, 5659884]
[options, [882.0, 1807.0, 261.0, 36.0], _7yAhj_82i, 5659884]
[options, [882.0, 1843.0, 261.0, 36.0], _7yAhj_82i, 5659884]
