[1240, 1755]
[folio, [1112.0, 368.0, 405.0, 18.0], s3f-72dBb3, 5729760]
[folio, [1112.0, 386.0, 405.0, 18.0], s3f-72dBb3, 5729760]
[folio, [1112.0, 404.0, 405.0, 18.0], s3f-72dBb3, 5729760]
[folio, [1112.0, 422.0, 405.0, 18.0], s3f-72dBb3, 5729760]
[folio, [1050.0, 504.0, 517.0, 18.0], sRyfLrFcW0, 5729760]
[folio, [1050.0, 522.0, 517.0, 18.0], sRyfLrFcW0, 5729760]
[folio, [1180.0, 673.0, 242.0, 18.0], shoonya_1sL02WIWFC5XE2, 5729760]
[folio, [1180.0, 691.0, 242.0, 18.0], shoonya_1sL02WIWFC5XE2, 5729760]
[folio, [1180.0, 709.0, 242.0, 18.0], shoonya_1sL02WIWFC5XE2, 5729760]
[folio, [1013.0, 776.0, 609.0, 18.0], nGRMVMX0-l, 5729760]
[folio, [1013.0, 794.0, 609.0, 18.0], nGRMVMX0-l, 5729760]
[folio, [1013.0, 812.0, 609.0, 18.0], nGRMVMX0-l, 5729760]
[section-title, [1004.0, 880.0, 603.0, 30.0], 20HwClfzPP, 5729760]
[section-title, [1004.0, 910.0, 603.0, 30.0], 20HwClfzPP, 5729760]
[section-title, [1004.0, 940.0, 603.0, 30.0], 20HwClfzPP, 5729760]
[sidebar, [976.0, 1049.0, 267.0, 18.0], YamQ0w4mLB, 5729760]
[sidebar, [976.0, 1067.0, 267.0, 18.0], YamQ0w4mLB, 5729760]
[sidebar, [976.0, 1085.0, 267.0, 18.0], YamQ0w4mLB, 5729760]
[sidebar, [1474.0, 1050.0, 181.0, 18.0], shoonya_0sSYF7G3CUKXFF, 5729760]
[sidebar, [1474.0, 1068.0, 181.0, 18.0], shoonya_0sSYF7G3CUKXFF, 5729760]
