[842, 599]
[folio, [528.0, 22.0, 30.0, 18.0], TbSYU3zruY, 5738637]
[options, [53.0, 175.0, 358.0, 18.0], sJRbYGcInL, 5738637]
[options, [53.0, 193.0, 358.0, 18.0], sJRbYGcInL, 5738637]
[options, [58.0, 318.0, 321.0, 18.0], shoonya_13sLAHCBK7V0YI, 5738637]
[options, [60.0, 391.0, 218.0, 18.0], cRxaVN_X6e, 5738637]
[options, [60.0, 409.0, 218.0, 18.0], cRxaVN_X6e, 5738637]
[options, [60.0, 427.0, 218.0, 18.0], cRxaVN_X6e, 5738637]
[options, [60.0, 445.0, 218.0, 18.0], cRxaVN_X6e, 5738637]
[options, [64.0, 488.0, 233.0, 18.0], ZJe6639Vt5, 5738637]
[options, [64.0, 506.0, 233.0, 18.0], ZJe6639Vt5, 5738637]
[options, [64.0, 524.0, 233.0, 18.0], ZJe6639Vt5, 5738637]
[options, [58.0, 592.0, 433.0, 18.0], shoonya_7s8EW5XL4DYD3K, 5738637]
[options, [65.0, 627.0, 449.0, 18.0], UwlgkGFvpV, 5738637]
[folio, [36.0, 675.0, 224.0, 18.0], shoonya_8sAY3EG7YRM82K, 5738637]
