[1623, 1167]
[options, [87.0, 189.0, 755.0, 36.0], XMT-o7LSow, 5729669]
[options, [87.0, 225.0, 755.0, 36.0], XMT-o7LSow, 5729669]
[options, [83.0, 351.0, 654.0, 36.0], Wd8kR-Ugqs, 5729669]
[options, [83.0, 387.0, 654.0, 36.0], Wd8kR-Ugqs, 5729669]
[options, [91.0, 551.0, 907.0, 36.0], lM75HMLlnj, 5729669]
[options, [90.0, 670.0, 897.0, 36.0], MJASeqWUlo, 5729669]
[options, [93.0, 831.0, 493.0, 36.0], -kfhq15uRk, 5729669]
[options, [93.0, 867.0, 493.0, 36.0], -kfhq15uRk, 5729669]
[options, [93.0, 903.0, 493.0, 36.0], -kfhq15uRk, 5729669]
[options, [93.0, 939.0, 493.0, 36.0], -kfhq15uRk, 5729669]
[options, [94.0, 1077.0, 949.0, 36.0], 7Xp91_QjJu, 5729669]
[options, [97.0, 1239.0, 803.0, 36.0], pc2MXxqZac, 5729669]
[options, [97.0, 1275.0, 803.0, 36.0], pc2MXxqZac, 5729669]
[options, [97.0, 1404.0, 927.0, 36.0], j5wRAt-l29, 5729669]
[folio, [972.0, 1516.0, 99.0, 36.0], jUUYj0sxvV, 5729669]
