[1754, 1241]
[options, [212.0, 275.0, 602.0, 36.0], l2xhvl-hgd, 5729201]
[options, [212.0, 395.0, 396.0, 36.0], qr9npl-PaF, 5729201]
[options, [213.0, 509.0, 498.0, 36.0], dAL7fJ8W8Y, 5729201]
[options, [212.0, 643.0, 508.0, 36.0], PCid4LfV6D, 5729201]
[options, [213.0, 753.0, 605.0, 36.0], 42MBblndOH, 5729201]
[options, [215.0, 901.0, 424.0, 36.0], thBhVFP50U, 5729201]
[options, [213.0, 1027.0, 294.0, 36.0], W5kCyyHnno, 5729201]
[options, [212.0, 1254.0, 695.0, 36.0], CJZ5sPXaOX, 5729201]
[options, [215.0, 1502.0, 423.0, 36.0], AolZSAo0Ov, 5729201]
