[2339, 1653]
[folio, [1192.0, 303.0, 307.0, 36.0], GbbCJfFtM0, 5738643]
[options, [225.0, 485.0, 582.0, 36.0], bLm12X8t9O, 5738643]
[options, [225.0, 521.0, 582.0, 36.0], bLm12X8t9O, 5738643]
[options, [225.0, 557.0, 582.0, 36.0], bLm12X8t9O, 5738643]
[options, [225.0, 593.0, 582.0, 36.0], bLm12X8t9O, 5738643]
[options, [225.0, 629.0, 582.0, 36.0], bLm12X8t9O, 5738643]
[options, [225.0, 665.0, 582.0, 36.0], bLm12X8t9O, 5738643]
[options, [225.0, 701.0, 582.0, 36.0], bLm12X8t9O, 5738643]
[options, [225.0, 737.0, 582.0, 36.0], bLm12X8t9O, 5738643]
[options, [225.0, 773.0, 582.0, 36.0], bLm12X8t9O, 5738643]
[options, [225.0, 809.0, 582.0, 36.0], bLm12X8t9O, 5738643]
[options, [225.0, 845.0, 582.0, 36.0], bLm12X8t9O, 5738643]
[options, [225.0, 881.0, 582.0, 36.0], bLm12X8t9O, 5738643]
[options, [225.0, 917.0, 582.0, 36.0], bLm12X8t9O, 5738643]
[options, [225.0, 953.0, 582.0, 36.0], bLm12X8t9O, 5738643]
[options, [225.0, 989.0, 582.0, 36.0], bLm12X8t9O, 5738643]
[options, [225.0, 1025.0, 582.0, 36.0], bLm12X8t9O, 5738643]
[options, [225.0, 1061.0, 582.0, 36.0], bLm12X8t9O, 5738643]
[options, [225.0, 1097.0, 582.0, 36.0], bLm12X8t9O, 5738643]
[options, [225.0, 1133.0, 582.0, 36.0], bLm12X8t9O, 5738643]
[options, [225.0, 1169.0, 582.0, 36.0], bLm12X8t9O, 5738643]
[options, [915.0, 541.0, 586.0, 36.0], Irz6wkMY8r, 5738643]
[options, [915.0, 577.0, 586.0, 36.0], Irz6wkMY8r, 5738643]
[options, [915.0, 613.0, 586.0, 36.0], Irz6wkMY8r, 5738643]
[options, [915.0, 649.0, 586.0, 36.0], Irz6wkMY8r, 5738643]
[options, [915.0, 685.0, 586.0, 36.0], Irz6wkMY8r, 5738643]
[options, [915.0, 721.0, 586.0, 36.0], Irz6wkMY8r, 5738643]
[options, [915.0, 757.0, 586.0, 36.0], Irz6wkMY8r, 5738643]
[options, [915.0, 793.0, 586.0, 36.0], Irz6wkMY8r, 5738643]
[options, [915.0, 829.0, 586.0, 36.0], Irz6wkMY8r, 5738643]
[options, [915.0, 865.0, 586.0, 36.0], Irz6wkMY8r, 5738643]
[options, [915.0, 901.0, 586.0, 36.0], Irz6wkMY8r, 5738643]
[options, [915.0, 937.0, 586.0, 36.0], Irz6wkMY8r, 5738643]
[options, [915.0, 973.0, 586.0, 36.0], Irz6wkMY8r, 5738643]
[options, [915.0, 1009.0, 586.0, 36.0], Irz6wkMY8r, 5738643]
[options, [915.0, 1045.0, 586.0, 36.0], Irz6wkMY8r, 5738643]
[options, [915.0, 1081.0, 586.0, 36.0], Irz6wkMY8r, 5738643]
[options, [915.0, 1117.0, 586.0, 36.0], Irz6wkMY8r, 5738643]
[options, [915.0, 1153.0, 586.0, 36.0], Irz6wkMY8r, 5738643]
[options, [892.0, 1495.0, 485.0, 36.0], h1dSC4oH0v, 5738643]
[options, [892.0, 1531.0, 485.0, 36.0], h1dSC4oH0v, 5738643]
[options, [892.0, 1567.0, 485.0, 36.0], h1dSC4oH0v, 5738643]
[options, [892.0, 1603.0, 485.0, 36.0], h1dSC4oH0v, 5738643]
[options, [892.0, 1639.0, 485.0, 36.0], h1dSC4oH0v, 5738643]
[options, [892.0, 1675.0, 485.0, 36.0], h1dSC4oH0v, 5738643]
[options, [892.0, 1711.0, 485.0, 36.0], h1dSC4oH0v, 5738643]
[options, [892.0, 1747.0, 485.0, 36.0], h1dSC4oH0v, 5738643]
[options, [892.0, 1783.0, 485.0, 36.0], h1dSC4oH0v, 5738643]
[options, [892.0, 1819.0, 485.0, 36.0], h1dSC4oH0v, 5738643]
[options, [892.0, 1855.0, 485.0, 36.0], h1dSC4oH0v, 5738643]
[options, [892.0, 1891.0, 485.0, 36.0], h1dSC4oH0v, 5738643]
[options, [221.0, 1500.0, 593.0, 36.0], QYxA-3hpcQ, 5738643]
[options, [221.0, 1536.0, 593.0, 36.0], QYxA-3hpcQ, 5738643]
[options, [221.0, 1572.0, 593.0, 36.0], QYxA-3hpcQ, 5738643]
[options, [221.0, 1608.0, 593.0, 36.0], QYxA-3hpcQ, 5738643]
[options, [221.0, 1644.0, 593.0, 36.0], QYxA-3hpcQ, 5738643]
[options, [221.0, 1680.0, 593.0, 36.0], QYxA-3hpcQ, 5738643]
[options, [221.0, 1716.0, 593.0, 36.0], QYxA-3hpcQ, 5738643]
[options, [221.0, 1752.0, 593.0, 36.0], QYxA-3hpcQ, 5738643]
[options, [221.0, 1788.0, 593.0, 36.0], QYxA-3hpcQ, 5738643]
[options, [221.0, 1824.0, 593.0, 36.0], QYxA-3hpcQ, 5738643]
[options, [221.0, 1860.0, 593.0, 36.0], QYxA-3hpcQ, 5738643]
[options, [221.0, 1896.0, 593.0, 36.0], QYxA-3hpcQ, 5738643]
