[842, 596]
[sidebar, [464.0, 59.0, 48.0, 18.0], 19Dk2HRO-M, 5738242]
[options, [103.0, 83.0, 175.0, 18.0], 4j2ywBKtwf, 5738242]
[options, [103.0, 101.0, 175.0, 18.0], 4j2ywBKtwf, 5738242]
[options, [103.0, 119.0, 175.0, 18.0], 4j2ywBKtwf, 5738242]
[options, [103.0, 137.0, 175.0, 18.0], 4j2ywBKtwf, 5738242]
[options, [103.0, 155.0, 175.0, 18.0], 4j2ywBKtwf, 5738242]
[options, [103.0, 173.0, 175.0, 18.0], 4j2ywBKtwf, 5738242]
[sidebar, [464.0, 202.0, 46.0, 18.0], KxfEsZSlkK, 5738242]
[options, [105.0, 224.0, 201.0, 18.0], mP7ijy-20i, 5738242]
[options, [105.0, 242.0, 201.0, 18.0], mP7ijy-20i, 5738242]
[options, [105.0, 260.0, 201.0, 18.0], mP7ijy-20i, 5738242]
[options, [147.0, 312.0, 83.0, 18.0], qLLtuTESOf, 5738242]
[sidebar, [466.0, 345.0, 45.0, 18.0], Er4tH4-niH, 5738242]
[options, [102.0, 369.0, 96.0, 18.0], 5rcFkbMHLQ, 5738242]
[options, [102.0, 387.0, 96.0, 18.0], 5rcFkbMHLQ, 5738242]
[options, [102.0, 405.0, 96.0, 18.0], 5rcFkbMHLQ, 5738242]
[options, [102.0, 423.0, 96.0, 18.0], 5rcFkbMHLQ, 5738242]
[options, [102.0, 441.0, 96.0, 18.0], 5rcFkbMHLQ, 5738242]
[options, [106.0, 511.0, 347.0, 18.0], Vf-zr2wfxL, 5738242]
[options, [106.0, 529.0, 347.0, 18.0], Vf-zr2wfxL, 5738242]
[options, [106.0, 547.0, 347.0, 18.0], Vf-zr2wfxL, 5738242]
[options, [106.0, 565.0, 347.0, 18.0], Vf-zr2wfxL, 5738242]
[options, [106.0, 583.0, 347.0, 18.0], Vf-zr2wfxL, 5738242]
[options, [106.0, 601.0, 347.0, 18.0], Vf-zr2wfxL, 5738242]
[folio, [48.0, 680.0, 90.0, 18.0], yRmNkPWiEB, 5738242]
