[792, 612]
[sidebar, [41.0, 26.0, 528.0, 18.0], _IAJzxGhCv, 5738498]
[options, [32.0, 83.0, 116.0, 18.0], MDMj4UgCch, 5738498]
[options, [32.0, 101.0, 116.0, 18.0], MDMj4UgCch, 5738498]
[options, [32.0, 119.0, 116.0, 18.0], MDMj4UgCch, 5738498]
[options, [32.0, 137.0, 116.0, 18.0], MDMj4UgCch, 5738498]
[options, [32.0, 155.0, 116.0, 18.0], MDMj4UgCch, 5738498]
[options, [32.0, 173.0, 116.0, 18.0], MDMj4UgCch, 5738498]
[options, [32.0, 191.0, 116.0, 18.0], MDMj4UgCch, 5738498]
[sidebar, [39.0, 239.0, 525.0, 18.0], shoonya_13sQ2FQO2J2YT3, 5738498]
[options, [28.0, 298.0, 142.0, 18.0], HO1_g9FfEk, 5738498]
[options, [28.0, 316.0, 142.0, 18.0], HO1_g9FfEk, 5738498]
[options, [28.0, 334.0, 142.0, 18.0], HO1_g9FfEk, 5738498]
[options, [28.0, 352.0, 142.0, 18.0], HO1_g9FfEk, 5738498]
[options, [28.0, 370.0, 142.0, 18.0], HO1_g9FfEk, 5738498]
[options, [28.0, 388.0, 142.0, 18.0], HO1_g9FfEk, 5738498]
[options, [28.0, 406.0, 142.0, 18.0], HO1_g9FfEk, 5738498]
[sidebar, [38.0, 458.0, 544.0, 18.0], shoonya_0sCZJM86RX9AQO, 5738498]
[options, [35.0, 516.0, 110.0, 18.0], _xBhqq46eB, 5738498]
[options, [35.0, 534.0, 110.0, 18.0], _xBhqq46eB, 5738498]
[options, [35.0, 552.0, 110.0, 18.0], _xBhqq46eB, 5738498]
[options, [35.0, 570.0, 110.0, 18.0], _xBhqq46eB, 5738498]
[options, [35.0, 588.0, 110.0, 18.0], _xBhqq46eB, 5738498]
[options, [35.0, 606.0, 110.0, 18.0], _xBhqq46eB, 5738498]
[options, [35.0, 624.0, 110.0, 18.0], _xBhqq46eB, 5738498]
[options, [35.0, 642.0, 110.0, 18.0], _xBhqq46eB, 5738498]
[sidebar, [38.0, 681.0, 536.0, 18.0], shoonya_18sTLXKM4DB4PK, 5738498]
