[1755, 1240]
[options, [189.0, 823.0, 292.0, 36.0], shoonya_3sV5TGIB1IPQ7Z, 5729405]
[options, [189.0, 859.0, 292.0, 36.0], shoonya_3sV5TGIB1IPQ7Z, 5729405]
[options, [189.0, 895.0, 292.0, 36.0], shoonya_3sV5TGIB1IPQ7Z, 5729405]
[options, [189.0, 931.0, 292.0, 36.0], shoonya_3sV5TGIB1IPQ7Z, 5729405]
[options, [189.0, 967.0, 292.0, 36.0], shoonya_3sV5TGIB1IPQ7Z, 5729405]
[options, [189.0, 1003.0, 292.0, 36.0], shoonya_3sV5TGIB1IPQ7Z, 5729405]
[options, [193.0, 1168.0, 533.0, 36.0], N32RKK7_Pj, 5729405]
[options, [193.0, 1204.0, 533.0, 36.0], N32RKK7_Pj, 5729405]
[options, [193.0, 1240.0, 533.0, 36.0], N32RKK7_Pj, 5729405]
[options, [193.0, 1276.0, 533.0, 36.0], N32RKK7_Pj, 5729405]
[options, [193.0, 1312.0, 533.0, 36.0], N32RKK7_Pj, 5729405]
[options, [193.0, 1348.0, 533.0, 36.0], N32RKK7_Pj, 5729405]
[options, [193.0, 1384.0, 533.0, 36.0], N32RKK7_Pj, 5729405]
[options, [193.0, 1420.0, 533.0, 36.0], N32RKK7_Pj, 5729405]
[options, [193.0, 1456.0, 533.0, 36.0], N32RKK7_Pj, 5729405]
[options, [193.0, 1492.0, 533.0, 36.0], N32RKK7_Pj, 5729405]
[folio, [141.0, 1558.0, 94.0, 36.0], swR7U64thA, 5729405]
