[792, 612]
[options, [38.0, 85.0, 131.0, 18.0], 8aQF7pX1Rv, 5738687]
[options, [38.0, 103.0, 131.0, 18.0], 8aQF7pX1Rv, 5738687]
[options, [38.0, 121.0, 131.0, 18.0], 8aQF7pX1Rv, 5738687]
[options, [38.0, 139.0, 131.0, 18.0], 8aQF7pX1Rv, 5738687]
[options, [38.0, 157.0, 131.0, 18.0], 8aQF7pX1Rv, 5738687]
[options, [38.0, 175.0, 131.0, 18.0], 8aQF7pX1Rv, 5738687]
[options, [38.0, 193.0, 131.0, 18.0], 8aQF7pX1Rv, 5738687]
[options, [38.0, 211.0, 131.0, 18.0], 8aQF7pX1Rv, 5738687]
[options, [38.0, 229.0, 131.0, 18.0], 8aQF7pX1Rv, 5738687]
