[792, 612]
[sidebar, [40.0, 44.0, 532.0, 18.0], 77Qhv7in21, 5738415]
[sidebar, [40.0, 62.0, 532.0, 18.0], 77Qhv7in21, 5738415]
[options, [41.0, 116.0, 111.0, 18.0], mmKdDJS-QU, 5738415]
[options, [41.0, 134.0, 111.0, 18.0], mmKdDJS-QU, 5738415]
[options, [41.0, 152.0, 111.0, 18.0], mmKdDJS-QU, 5738415]
[options, [41.0, 170.0, 111.0, 18.0], mmKdDJS-QU, 5738415]
[options, [41.0, 188.0, 111.0, 18.0], mmKdDJS-QU, 5738415]
[options, [41.0, 206.0, 111.0, 18.0], mmKdDJS-QU, 5738415]
[options, [41.0, 224.0, 111.0, 18.0], mmKdDJS-QU, 5738415]
[options, [41.0, 242.0, 111.0, 18.0], mmKdDJS-QU, 5738415]
[options, [41.0, 260.0, 111.0, 18.0], mmKdDJS-QU, 5738415]
[sidebar, [40.0, 313.0, 534.0, 18.0], NvdhYmZLaO, 5738415]
[sidebar, [40.0, 331.0, 534.0, 18.0], NvdhYmZLaO, 5738415]
[options, [44.0, 412.0, 218.0, 18.0], aL7cFYaAev, 5738415]
[options, [44.0, 430.0, 218.0, 18.0], aL7cFYaAev, 5738415]
[options, [44.0, 448.0, 218.0, 18.0], aL7cFYaAev, 5738415]
[options, [44.0, 466.0, 218.0, 18.0], aL7cFYaAev, 5738415]
[options, [38.0, 501.0, 199.0, 18.0], 5p45Lnuge9, 5738415]
[options, [38.0, 519.0, 199.0, 18.0], 5p45Lnuge9, 5738415]
[options, [38.0, 537.0, 199.0, 18.0], 5p45Lnuge9, 5738415]
[options, [38.0, 555.0, 199.0, 18.0], 5p45Lnuge9, 5738415]
[options, [38.0, 573.0, 199.0, 18.0], 5p45Lnuge9, 5738415]
[options, [38.0, 591.0, 199.0, 18.0], 5p45Lnuge9, 5738415]
[options, [38.0, 609.0, 199.0, 18.0], 5p45Lnuge9, 5738415]
[options, [38.0, 627.0, 199.0, 18.0], 5p45Lnuge9, 5738415]
[options, [38.0, 645.0, 199.0, 18.0], 5p45Lnuge9, 5738415]
[sidebar, [27.0, 701.0, 546.0, 18.0], fx0h3q3vgy, 5738415]
[sidebar, [27.0, 719.0, 546.0, 18.0], fx0h3q3vgy, 5738415]
