[1755, 1240]
[folio, [119.0, 189.0, 387.0, 36.0], shoonya_1s65KWZVLT0883, 5729549]
[options, [177.0, 825.0, 361.0, 36.0], shoonya_3s9OQNY6DFKW7J, 5729549]
[options, [177.0, 861.0, 361.0, 36.0], shoonya_3s9OQNY6DFKW7J, 5729549]
[options, [177.0, 897.0, 361.0, 36.0], shoonya_3s9OQNY6DFKW7J, 5729549]
[options, [177.0, 933.0, 361.0, 36.0], shoonya_3s9OQNY6DFKW7J, 5729549]
[options, [177.0, 969.0, 361.0, 36.0], shoonya_3s9OQNY6DFKW7J, 5729549]
[options, [177.0, 1005.0, 361.0, 36.0], shoonya_3s9OQNY6DFKW7J, 5729549]
[options, [182.0, 1161.0, 551.0, 36.0], J817jSg538, 5729549]
[options, [182.0, 1197.0, 551.0, 36.0], J817jSg538, 5729549]
[options, [182.0, 1233.0, 551.0, 36.0], J817jSg538, 5729549]
[options, [182.0, 1269.0, 551.0, 36.0], J817jSg538, 5729549]
[options, [182.0, 1305.0, 551.0, 36.0], J817jSg538, 5729549]
[options, [182.0, 1341.0, 551.0, 36.0], J817jSg538, 5729549]
[options, [182.0, 1377.0, 551.0, 36.0], J817jSg538, 5729549]
[options, [182.0, 1413.0, 551.0, 36.0], J817jSg538, 5729549]
[options, [182.0, 1449.0, 551.0, 36.0], J817jSg538, 5729549]
[options, [182.0, 1485.0, 551.0, 36.0], J817jSg538, 5729549]
