[792, 612]
[folio, [318.0, 8.0, 72.0, 18.0], VHneKBIYK7, 5738738]
[options, [30.0, 31.0, 95.0, 18.0], qXhTq383VP, 5738738]
[options, [30.0, 49.0, 95.0, 18.0], qXhTq383VP, 5738738]
[options, [30.0, 67.0, 95.0, 18.0], qXhTq383VP, 5738738]
[options, [30.0, 85.0, 95.0, 18.0], qXhTq383VP, 5738738]
[options, [30.0, 103.0, 95.0, 18.0], qXhTq383VP, 5738738]
[options, [30.0, 121.0, 95.0, 18.0], qXhTq383VP, 5738738]
[options, [30.0, 139.0, 95.0, 18.0], qXhTq383VP, 5738738]
[options, [30.0, 157.0, 95.0, 18.0], qXhTq383VP, 5738738]
[sidebar, [38.0, 205.0, 538.0, 18.0], shoonya_0sXFSMHV3VI1N5, 5738738]
[sidebar, [38.0, 223.0, 538.0, 18.0], shoonya_0sXFSMHV3VI1N5, 5738738]
[options, [43.0, 292.0, 102.0, 18.0], Io2BwR6AmH, 5738738]
[options, [43.0, 310.0, 102.0, 18.0], Io2BwR6AmH, 5738738]
[options, [43.0, 328.0, 102.0, 18.0], Io2BwR6AmH, 5738738]
[options, [43.0, 346.0, 102.0, 18.0], Io2BwR6AmH, 5738738]
[options, [43.0, 364.0, 102.0, 18.0], Io2BwR6AmH, 5738738]
[options, [43.0, 382.0, 102.0, 18.0], Io2BwR6AmH, 5738738]
[options, [43.0, 400.0, 102.0, 18.0], Io2BwR6AmH, 5738738]
[options, [43.0, 418.0, 102.0, 18.0], Io2BwR6AmH, 5738738]
[options, [43.0, 436.0, 102.0, 18.0], Io2BwR6AmH, 5738738]
[sidebar, [37.0, 490.0, 536.0, 18.0], 8jH1DP9ABD, 5738738]
[sidebar, [37.0, 508.0, 536.0, 18.0], 8jH1DP9ABD, 5738738]
[options, [41.0, 578.0, 296.0, 18.0], 0qOfFYurYf, 5738738]
[options, [41.0, 596.0, 296.0, 18.0], 0qOfFYurYf, 5738738]
[options, [41.0, 614.0, 296.0, 18.0], 0qOfFYurYf, 5738738]
[options, [41.0, 632.0, 296.0, 18.0], 0qOfFYurYf, 5738738]
[options, [41.0, 650.0, 296.0, 18.0], 0qOfFYurYf, 5738738]
[options, [32.0, 671.0, 130.0, 18.0], pzAYAqQWyo, 5738738]
[options, [32.0, 689.0, 130.0, 18.0], pzAYAqQWyo, 5738738]
[folio, [14.0, 763.0, 71.0, 18.0], NEk1mAAVrg, 5738738]
