[1650, 1275]
[options, [199.0, 149.0, 584.0, 36.0], 8OuSSsZxWU, 5729387]
[options, [199.0, 185.0, 584.0, 36.0], 8OuSSsZxWU, 5729387]
[options, [199.0, 221.0, 584.0, 36.0], 8OuSSsZxWU, 5729387]
[options, [208.0, 409.0, 758.0, 36.0], rEfgthxYLK, 5729387]
[options, [208.0, 445.0, 758.0, 36.0], rEfgthxYLK, 5729387]
[options, [208.0, 481.0, 758.0, 36.0], rEfgthxYLK, 5729387]
[options, [207.0, 617.0, 726.0, 36.0], 0jieweb1M6, 5729387]
[options, [207.0, 653.0, 726.0, 36.0], 0jieweb1M6, 5729387]
[options, [207.0, 689.0, 726.0, 36.0], 0jieweb1M6, 5729387]
[options, [210.0, 875.0, 663.0, 36.0], bF1yG7WBPe, 5729387]
[options, [210.0, 911.0, 663.0, 36.0], bF1yG7WBPe, 5729387]
[options, [210.0, 947.0, 663.0, 36.0], bF1yG7WBPe, 5729387]
[options, [211.0, 1140.0, 758.0, 36.0], iP6DleQpvA, 5729387]
[options, [211.0, 1176.0, 758.0, 36.0], iP6DleQpvA, 5729387]
[options, [211.0, 1212.0, 758.0, 36.0], iP6DleQpvA, 5729387]
[options, [207.0, 1350.0, 704.0, 36.0], eJNKZFsku1, 5729387]
[options, [207.0, 1386.0, 704.0, 36.0], eJNKZFsku1, 5729387]
[options, [207.0, 1422.0, 704.0, 36.0], eJNKZFsku1, 5729387]
