[1659, 1250]
[options, [181.0, 182.0, 676.0, 36.0], Q-j3czGpID, 5729729]
[options, [181.0, 218.0, 676.0, 36.0], Q-j3czGpID, 5729729]
[options, [179.0, 345.0, 762.0, 36.0], -pllbCiEhu, 5729729]
[options, [179.0, 381.0, 762.0, 36.0], -pllbCiEhu, 5729729]
[options, [173.0, 511.0, 744.0, 36.0], shoonya_0s1VVR5LWO5V7J, 5729729]
[options, [173.0, 547.0, 744.0, 36.0], shoonya_0s1VVR5LWO5V7J, 5729729]
[options, [176.0, 715.0, 762.0, 36.0], uhxzIxlY3C, 5729729]
[options, [176.0, 751.0, 762.0, 36.0], uhxzIxlY3C, 5729729]
[options, [178.0, 877.0, 684.0, 36.0], jmpVBS6peQ, 5729729]
[options, [178.0, 913.0, 684.0, 36.0], jmpVBS6peQ, 5729729]
[options, [173.0, 1038.0, 614.0, 36.0], 78874l1DQB, 5729729]
[options, [173.0, 1074.0, 614.0, 36.0], 78874l1DQB, 5729729]
[options, [173.0, 1188.0, 840.0, 36.0], 2ujoFQ4Ozx, 5729729]
[options, [173.0, 1224.0, 840.0, 36.0], 2ujoFQ4Ozx, 5729729]
[options, [176.0, 1354.0, 668.0, 36.0], On1EMqT3Yu, 5729729]
[options, [176.0, 1390.0, 668.0, 36.0], On1EMqT3Yu, 5729729]
