[2826, 2085]
[options, [153.0, 172.0, 336.0, 46.5], TTHbRu7Q2r, 6475682]
[options, [153.0, 218.5, 336.0, 46.5], TTHbRu7Q2r, 6475682]
[options, [153.0, 265.0, 336.0, 46.5], TTHbRu7Q2r, 6475682]
[options, [153.0, 311.5, 336.0, 46.5], TTHbRu7Q2r, 6475682]
[options, [153.0, 358.0, 336.0, 46.5], TTHbRu7Q2r, 6475682]
[options, [153.0, 404.5, 336.0, 46.5], TTHbRu7Q2r, 6475682]
[options, [153.0, 451.0, 336.0, 46.5], TTHbRu7Q2r, 6475682]
[sidebar, [158.0, 594.0, 1751.0, 46.5], XTIBYgRRbM, 6475682]
[sidebar, [158.0, 640.5, 1751.0, 46.5], XTIBYgRRbM, 6475682]
[sidebar, [158.0, 687.0, 1751.0, 46.5], XTIBYgRRbM, 6475682]
[sidebar, [158.0, 733.5, 1751.0, 46.5], XTIBYgRRbM, 6475682]
[options, [156.0, 894.0, 281.0, 46.5], RnYkKgGAWH, 6475682]
[options, [156.0, 940.5, 281.0, 46.5], RnYkKgGAWH, 6475682]
[options, [156.0, 987.0, 281.0, 46.5], RnYkKgGAWH, 6475682]
[options, [156.0, 1033.5, 281.0, 46.5], RnYkKgGAWH, 6475682]
[options, [156.0, 1080.0, 281.0, 46.5], RnYkKgGAWH, 6475682]
[options, [156.0, 1126.5, 281.0, 46.5], RnYkKgGAWH, 6475682]
[options, [156.0, 1173.0, 281.0, 46.5], RnYkKgGAWH, 6475682]
[options, [156.0, 1219.5, 281.0, 46.5], RnYkKgGAWH, 6475682]
[options, [156.0, 1266.0, 281.0, 46.5], RnYkKgGAWH, 6475682]
[options, [156.0, 1312.5, 281.0, 46.5], RnYkKgGAWH, 6475682]
[sidebar, [166.0, 1475.0, 1735.0, 46.5], OMX4uDR9g1, 6475682]
[sidebar, [166.0, 1521.5, 1735.0, 46.5], OMX4uDR9g1, 6475682]
[sidebar, [166.0, 1568.0, 1735.0, 46.5], OMX4uDR9g1, 6475682]
[sidebar, [166.0, 1614.5, 1735.0, 46.5], OMX4uDR9g1, 6475682]
[options, [161.0, 1772.0, 336.0, 46.5], 6aLKbEI6TL, 6475682]
[options, [161.0, 1818.5, 336.0, 46.5], 6aLKbEI6TL, 6475682]
[options, [161.0, 1865.0, 336.0, 46.5], 6aLKbEI6TL, 6475682]
[options, [161.0, 1911.5, 336.0, 46.5], 6aLKbEI6TL, 6475682]
[options, [161.0, 1958.0, 336.0, 46.5], 6aLKbEI6TL, 6475682]
[options, [161.0, 2004.5, 336.0, 46.5], 6aLKbEI6TL, 6475682]
[options, [161.0, 2051.0, 336.0, 46.5], 6aLKbEI6TL, 6475682]
[options, [161.0, 2097.5, 336.0, 46.5], 6aLKbEI6TL, 6475682]
[options, [161.0, 2144.0, 336.0, 46.5], 6aLKbEI6TL, 6475682]
[options, [161.0, 2190.5, 336.0, 46.5], 6aLKbEI6TL, 6475682]
[sidebar, [172.0, 2348.0, 1738.0, 46.5], EtrIs2IkJQ, 6475682]
[sidebar, [172.0, 2394.5, 1738.0, 46.5], EtrIs2IkJQ, 6475682]
[sidebar, [172.0, 2441.0, 1738.0, 46.5], EtrIs2IkJQ, 6475682]
[sidebar, [172.0, 2487.5, 1738.0, 46.5], EtrIs2IkJQ, 6475682]
