[1755, 1240]
[folio, [165.0, 137.0, 181.0, 36.0], 91tn6cVrE_, 6476160]
[options, [217.0, 282.0, 606.0, 36.0], 2ltrj2F7jW, 6476160]
[options, [217.0, 318.0, 606.0, 36.0], 2ltrj2F7jW, 6476160]
[options, [216.0, 449.0, 663.0, 36.0], oKyJ1ZGbo4, 6476160]
[options, [216.0, 485.0, 663.0, 36.0], oKyJ1ZGbo4, 6476160]
[options, [218.0, 629.0, 641.0, 36.0], nJIdMV9Mq2, 6476160]
[options, [218.0, 665.0, 641.0, 36.0], nJIdMV9Mq2, 6476160]
[options, [213.0, 801.0, 621.0, 36.0], Em76KUkZWb, 6476160]
[options, [213.0, 837.0, 621.0, 36.0], Em76KUkZWb, 6476160]
[options, [215.0, 972.0, 861.0, 36.0], HTMXMdcDE3, 6476160]
[options, [215.0, 1008.0, 861.0, 36.0], HTMXMdcDE3, 6476160]
[options, [218.0, 1147.0, 731.0, 36.0], afjIrvADYM, 6476160]
[options, [218.0, 1183.0, 731.0, 36.0], afjIrvADYM, 6476160]
[options, [215.0, 1317.0, 682.0, 36.0], PuxrFOaGRW, 6476160]
[options, [215.0, 1353.0, 682.0, 36.0], PuxrFOaGRW, 6476160]
