[2826, 2085]
[options, [153.0, 166.0, 234.0, 46.5], zy2oRE3sWi, 6475809]
[options, [153.0, 212.5, 234.0, 46.5], zy2oRE3sWi, 6475809]
[options, [153.0, 259.0, 234.0, 46.5], zy2oRE3sWi, 6475809]
[options, [153.0, 305.5, 234.0, 46.5], zy2oRE3sWi, 6475809]
[options, [153.0, 352.0, 234.0, 46.5], zy2oRE3sWi, 6475809]
[sidebar, [169.0, 492.0, 1754.0, 46.5], XMFjywSMVS, 6475809]
[sidebar, [169.0, 538.5, 1754.0, 46.5], XMFjywSMVS, 6475809]
[sidebar, [169.0, 585.0, 1754.0, 46.5], XMFjywSMVS, 6475809]
[sidebar, [169.0, 631.5, 1754.0, 46.5], XMFjywSMVS, 6475809]
[options, [158.0, 782.0, 310.0, 46.5], MwIf5b7IBd, 6475809]
[options, [158.0, 828.5, 310.0, 46.5], MwIf5b7IBd, 6475809]
[options, [158.0, 875.0, 310.0, 46.5], MwIf5b7IBd, 6475809]
[options, [158.0, 921.5, 310.0, 46.5], MwIf5b7IBd, 6475809]
[options, [158.0, 968.0, 310.0, 46.5], MwIf5b7IBd, 6475809]
[options, [158.0, 1014.5, 310.0, 46.5], MwIf5b7IBd, 6475809]
[options, [158.0, 1061.0, 310.0, 46.5], MwIf5b7IBd, 6475809]
[options, [158.0, 1107.5, 310.0, 46.5], MwIf5b7IBd, 6475809]
[options, [158.0, 1154.0, 310.0, 46.5], MwIf5b7IBd, 6475809]
[options, [158.0, 1200.5, 310.0, 46.5], MwIf5b7IBd, 6475809]
[options, [158.0, 1247.0, 310.0, 46.5], MwIf5b7IBd, 6475809]
[sidebar, [174.0, 1386.0, 1759.0, 46.5], ZS1etpx39q, 6475809]
[sidebar, [174.0, 1432.5, 1759.0, 46.5], ZS1etpx39q, 6475809]
[sidebar, [174.0, 1479.0, 1759.0, 46.5], ZS1etpx39q, 6475809]
[sidebar, [174.0, 1525.5, 1759.0, 46.5], ZS1etpx39q, 6475809]
[options, [166.0, 1676.0, 260.0, 46.5], WnI7S8SaI1, 6475809]
[options, [166.0, 1722.5, 260.0, 46.5], WnI7S8SaI1, 6475809]
[options, [166.0, 1769.0, 260.0, 46.5], WnI7S8SaI1, 6475809]
[options, [166.0, 1815.5, 260.0, 46.5], WnI7S8SaI1, 6475809]
[options, [166.0, 1862.0, 260.0, 46.5], WnI7S8SaI1, 6475809]
[options, [166.0, 1908.5, 260.0, 46.5], WnI7S8SaI1, 6475809]
[options, [166.0, 1955.0, 260.0, 46.5], WnI7S8SaI1, 6475809]
[options, [166.0, 2001.5, 260.0, 46.5], WnI7S8SaI1, 6475809]
[options, [166.0, 2048.0, 260.0, 46.5], WnI7S8SaI1, 6475809]
[options, [166.0, 2094.5, 260.0, 46.5], WnI7S8SaI1, 6475809]
[options, [166.0, 2141.0, 260.0, 46.5], WnI7S8SaI1, 6475809]
[sidebar, [172.0, 2273.0, 1881.0, 46.5], eLdouwnY_5, 6475809]
[sidebar, [172.0, 2319.5, 1881.0, 46.5], eLdouwnY_5, 6475809]
[sidebar, [172.0, 2366.0, 1881.0, 46.5], eLdouwnY_5, 6475809]
[sidebar, [172.0, 2412.5, 1881.0, 46.5], eLdouwnY_5, 6475809]
[options, [169.0, 2567.0, 153.0, 46.5], Ft8GQauTbt, 6475809]
