[2826, 2085]
[sidebar, [172.0, 174.0, 1722.0, 46.5], yyuJhFW3J0, 6476215]
[sidebar, [172.0, 220.5, 1722.0, 46.5], yyuJhFW3J0, 6476215]
[sidebar, [172.0, 267.0, 1722.0, 46.5], yyuJhFW3J0, 6476215]
[sidebar, [172.0, 313.5, 1722.0, 46.5], yyuJhFW3J0, 6476215]
[options, [179.0, 464.0, 276.0, 46.5], buSL0rZFpO, 6476215]
[options, [179.0, 510.5, 276.0, 46.5], buSL0rZFpO, 6476215]
[options, [179.0, 557.0, 276.0, 46.5], buSL0rZFpO, 6476215]
[options, [179.0, 603.5, 276.0, 46.5], buSL0rZFpO, 6476215]
[options, [179.0, 650.0, 276.0, 46.5], buSL0rZFpO, 6476215]
[options, [179.0, 696.5, 276.0, 46.5], buSL0rZFpO, 6476215]
[options, [179.0, 743.0, 276.0, 46.5], buSL0rZFpO, 6476215]
[options, [179.0, 789.5, 276.0, 46.5], buSL0rZFpO, 6476215]
[options, [179.0, 836.0, 276.0, 46.5], buSL0rZFpO, 6476215]
[options, [179.0, 882.5, 276.0, 46.5], buSL0rZFpO, 6476215]
[options, [179.0, 929.0, 276.0, 46.5], buSL0rZFpO, 6476215]
[sidebar, [158.0, 1061.0, 1735.0, 46.5], qwCWOVXhMM, 6476215]
[sidebar, [158.0, 1107.5, 1735.0, 46.5], qwCWOVXhMM, 6476215]
[sidebar, [158.0, 1154.0, 1735.0, 46.5], qwCWOVXhMM, 6476215]
[sidebar, [158.0, 1200.5, 1735.0, 46.5], qwCWOVXhMM, 6476215]
[options, [172.0, 1345.0, 258.0, 46.5], iwGaYyVeY7, 6476215]
[options, [172.0, 1391.5, 258.0, 46.5], iwGaYyVeY7, 6476215]
[options, [172.0, 1438.0, 258.0, 46.5], iwGaYyVeY7, 6476215]
[options, [172.0, 1484.5, 258.0, 46.5], iwGaYyVeY7, 6476215]
[options, [172.0, 1531.0, 258.0, 46.5], iwGaYyVeY7, 6476215]
[options, [172.0, 1577.5, 258.0, 46.5], iwGaYyVeY7, 6476215]
[options, [172.0, 1624.0, 258.0, 46.5], iwGaYyVeY7, 6476215]
[options, [172.0, 1670.5, 258.0, 46.5], iwGaYyVeY7, 6476215]
[options, [172.0, 1717.0, 258.0, 46.5], iwGaYyVeY7, 6476215]
[options, [172.0, 1763.5, 258.0, 46.5], iwGaYyVeY7, 6476215]
[options, [172.0, 1810.0, 258.0, 46.5], iwGaYyVeY7, 6476215]
[sidebar, [172.0, 1947.0, 1720.0, 46.5], zE57Pxg-2D, 6476215]
[sidebar, [172.0, 1993.5, 1720.0, 46.5], zE57Pxg-2D, 6476215]
[sidebar, [172.0, 2040.0, 1720.0, 46.5], zE57Pxg-2D, 6476215]
[sidebar, [172.0, 2086.5, 1720.0, 46.5], zE57Pxg-2D, 6476215]
[options, [177.0, 2234.0, 169.0, 46.5], 1hOFZLtp_M, 6476215]
[options, [177.0, 2280.5, 169.0, 46.5], 1hOFZLtp_M, 6476215]
[options, [177.0, 2327.0, 169.0, 46.5], 1hOFZLtp_M, 6476215]
[options, [177.0, 2373.5, 169.0, 46.5], 1hOFZLtp_M, 6476215]
[options, [177.0, 2420.0, 169.0, 46.5], 1hOFZLtp_M, 6476215]
