[2826, 2085]
[options, [169.0, 166.0, 338.0, 46.5], m_V9bwWyHo, 6475705]
[options, [169.0, 212.5, 338.0, 46.5], m_V9bwWyHo, 6475705]
[options, [169.0, 259.0, 338.0, 46.5], m_V9bwWyHo, 6475705]
[options, [169.0, 305.5, 338.0, 46.5], m_V9bwWyHo, 6475705]
[options, [169.0, 352.0, 338.0, 46.5], m_V9bwWyHo, 6475705]
[options, [169.0, 398.5, 338.0, 46.5], m_V9bwWyHo, 6475705]
[options, [169.0, 445.0, 338.0, 46.5], m_V9bwWyHo, 6475705]
[options, [169.0, 491.5, 338.0, 46.5], m_V9bwWyHo, 6475705]
[options, [169.0, 538.0, 338.0, 46.5], m_V9bwWyHo, 6475705]
[options, [169.0, 584.5, 338.0, 46.5], m_V9bwWyHo, 6475705]
[sidebar, [172.0, 735.0, 1733.0, 46.5], GtvOaP3BR1, 6475705]
[sidebar, [172.0, 781.5, 1733.0, 46.5], GtvOaP3BR1, 6475705]
[sidebar, [172.0, 828.0, 1733.0, 46.5], GtvOaP3BR1, 6475705]
[sidebar, [172.0, 874.5, 1733.0, 46.5], GtvOaP3BR1, 6475705]
[options, [156.0, 1027.0, 315.0, 46.5], 0L_zkzUK56, 6475705]
[options, [156.0, 1073.5, 315.0, 46.5], 0L_zkzUK56, 6475705]
[options, [156.0, 1120.0, 315.0, 46.5], 0L_zkzUK56, 6475705]
[options, [156.0, 1166.5, 315.0, 46.5], 0L_zkzUK56, 6475705]
[options, [156.0, 1213.0, 315.0, 46.5], 0L_zkzUK56, 6475705]
[options, [156.0, 1259.5, 315.0, 46.5], 0L_zkzUK56, 6475705]
[options, [156.0, 1306.0, 315.0, 46.5], 0L_zkzUK56, 6475705]
[options, [156.0, 1352.5, 315.0, 46.5], 0L_zkzUK56, 6475705]
[options, [156.0, 1399.0, 315.0, 46.5], 0L_zkzUK56, 6475705]
[options, [156.0, 1445.5, 315.0, 46.5], 0L_zkzUK56, 6475705]
[sidebar, [177.0, 1621.0, 1722.0, 46.5], ZMrmZHISLl, 6475705]
[sidebar, [177.0, 1667.5, 1722.0, 46.5], ZMrmZHISLl, 6475705]
[sidebar, [177.0, 1714.0, 1722.0, 46.5], ZMrmZHISLl, 6475705]
[sidebar, [177.0, 1760.5, 1722.0, 46.5], ZMrmZHISLl, 6475705]
[options, [166.0, 1913.0, 200.0, 46.5], qXYzA_zuDS, 6475705]
[options, [166.0, 1959.5, 200.0, 46.5], qXYzA_zuDS, 6475705]
[options, [166.0, 2006.0, 200.0, 46.5], qXYzA_zuDS, 6475705]
[options, [166.0, 2052.5, 200.0, 46.5], qXYzA_zuDS, 6475705]
[options, [166.0, 2099.0, 200.0, 46.5], qXYzA_zuDS, 6475705]
[options, [166.0, 2145.5, 200.0, 46.5], qXYzA_zuDS, 6475705]
[options, [166.0, 2192.0, 200.0, 46.5], qXYzA_zuDS, 6475705]
[options, [166.0, 2238.5, 200.0, 46.5], qXYzA_zuDS, 6475705]
[options, [166.0, 2285.0, 200.0, 46.5], qXYzA_zuDS, 6475705]
[options, [166.0, 2331.5, 200.0, 46.5], qXYzA_zuDS, 6475705]
[sidebar, [177.0, 2502.0, 1722.0, 46.5], bJuj6NifFH, 6475705]
[sidebar, [177.0, 2548.5, 1722.0, 46.5], bJuj6NifFH, 6475705]
