[2826, 2085]
[options, [177.0, 192.0, 234.0, 46.5], -YncqRCNUa, 6476166]
[sidebar, [169.0, 357.0, 1727.0, 46.5], tv8wrJp02t, 6476166]
[sidebar, [169.0, 403.5, 1727.0, 46.5], tv8wrJp02t, 6476166]
[sidebar, [169.0, 450.0, 1727.0, 46.5], tv8wrJp02t, 6476166]
[sidebar, [169.0, 496.5, 1727.0, 46.5], tv8wrJp02t, 6476166]
[options, [179.0, 638.0, 138.0, 46.5], uxsxOgJu2J, 6476166]
[options, [179.0, 684.5, 138.0, 46.5], uxsxOgJu2J, 6476166]
[options, [179.0, 731.0, 138.0, 46.5], uxsxOgJu2J, 6476166]
[options, [179.0, 777.5, 138.0, 46.5], uxsxOgJu2J, 6476166]
[options, [179.0, 824.0, 138.0, 46.5], uxsxOgJu2J, 6476166]
[options, [179.0, 870.5, 138.0, 46.5], uxsxOgJu2J, 6476166]
[options, [179.0, 917.0, 138.0, 46.5], uxsxOgJu2J, 6476166]
[options, [179.0, 963.5, 138.0, 46.5], uxsxOgJu2J, 6476166]
[options, [179.0, 1010.0, 138.0, 46.5], uxsxOgJu2J, 6476166]
[options, [179.0, 1056.5, 138.0, 46.5], uxsxOgJu2J, 6476166]
[sidebar, [174.0, 1230.0, 1722.0, 46.5], rBTmez4Awu, 6476166]
[sidebar, [174.0, 1276.5, 1722.0, 46.5], rBTmez4Awu, 6476166]
[sidebar, [174.0, 1323.0, 1722.0, 46.5], rBTmez4Awu, 6476166]
[sidebar, [174.0, 1369.5, 1722.0, 46.5], rBTmez4Awu, 6476166]
[options, [182.0, 1506.0, 297.0, 46.5], 3d2oARgrWT, 6476166]
[options, [182.0, 1552.5, 297.0, 46.5], 3d2oARgrWT, 6476166]
[options, [182.0, 1599.0, 297.0, 46.5], 3d2oARgrWT, 6476166]
[options, [182.0, 1645.5, 297.0, 46.5], 3d2oARgrWT, 6476166]
[options, [182.0, 1692.0, 297.0, 46.5], 3d2oARgrWT, 6476166]
[options, [182.0, 1738.5, 297.0, 46.5], 3d2oARgrWT, 6476166]
[options, [182.0, 1785.0, 297.0, 46.5], 3d2oARgrWT, 6476166]
[options, [182.0, 1831.5, 297.0, 46.5], 3d2oARgrWT, 6476166]
[options, [182.0, 1878.0, 297.0, 46.5], 3d2oARgrWT, 6476166]
[options, [182.0, 1924.5, 297.0, 46.5], 3d2oARgrWT, 6476166]
[options, [182.0, 1971.0, 297.0, 46.5], 3d2oARgrWT, 6476166]
[sidebar, [172.0, 2103.0, 1722.0, 46.5], anyJOt1LGQ, 6476166]
[sidebar, [172.0, 2149.5, 1722.0, 46.5], anyJOt1LGQ, 6476166]
[sidebar, [172.0, 2196.0, 1722.0, 46.5], anyJOt1LGQ, 6476166]
[sidebar, [172.0, 2242.5, 1722.0, 46.5], anyJOt1LGQ, 6476166]
[options, [182.0, 2382.0, 221.0, 46.5], 9f7Q7pCz3s, 6476166]
[options, [182.0, 2428.5, 221.0, 46.5], 9f7Q7pCz3s, 6476166]
