[2826, 2085]
[sidebar, [167.0, 177.0, 681.0, 46.5], G0TKXcw1Tq, 6476011]
[sidebar, [167.0, 223.5, 681.0, 46.5], G0TKXcw1Tq, 6476011]
[options, [164.0, 352.0, 334.0, 46.5], iMszbjZBD0, 6476011]
[options, [164.0, 398.5, 334.0, 46.5], iMszbjZBD0, 6476011]
[options, [164.0, 445.0, 334.0, 46.5], iMszbjZBD0, 6476011]
[options, [164.0, 491.5, 334.0, 46.5], iMszbjZBD0, 6476011]
[options, [164.0, 538.0, 334.0, 46.5], iMszbjZBD0, 6476011]
[options, [164.0, 584.5, 334.0, 46.5], iMszbjZBD0, 6476011]
[options, [164.0, 631.0, 334.0, 46.5], iMszbjZBD0, 6476011]
[options, [164.0, 677.5, 334.0, 46.5], iMszbjZBD0, 6476011]
[options, [164.0, 724.0, 334.0, 46.5], iMszbjZBD0, 6476011]
[options, [164.0, 770.5, 334.0, 46.5], iMszbjZBD0, 6476011]
[options, [164.0, 817.0, 334.0, 46.5], iMszbjZBD0, 6476011]
[sidebar, [138.0, 957.0, 1774.0, 46.5], 0pb9i0SJvb, 6476011]
[sidebar, [138.0, 1003.5, 1774.0, 46.5], 0pb9i0SJvb, 6476011]
[sidebar, [138.0, 1050.0, 1774.0, 46.5], 0pb9i0SJvb, 6476011]
[sidebar, [138.0, 1096.5, 1774.0, 46.5], 0pb9i0SJvb, 6476011]
[options, [151.0, 1234.0, 370.0, 46.5], JdhGUHy3pN, 6476011]
[options, [151.0, 1280.5, 370.0, 46.5], JdhGUHy3pN, 6476011]
[options, [151.0, 1327.0, 370.0, 46.5], JdhGUHy3pN, 6476011]
[options, [151.0, 1373.5, 370.0, 46.5], JdhGUHy3pN, 6476011]
[options, [151.0, 1420.0, 370.0, 46.5], JdhGUHy3pN, 6476011]
[options, [151.0, 1466.5, 370.0, 46.5], JdhGUHy3pN, 6476011]
[options, [151.0, 1513.0, 370.0, 46.5], JdhGUHy3pN, 6476011]
[options, [151.0, 1559.5, 370.0, 46.5], JdhGUHy3pN, 6476011]
[options, [151.0, 1606.0, 370.0, 46.5], JdhGUHy3pN, 6476011]
[options, [151.0, 1652.5, 370.0, 46.5], JdhGUHy3pN, 6476011]
[options, [151.0, 1699.0, 370.0, 46.5], JdhGUHy3pN, 6476011]
[options, [151.0, 1745.5, 370.0, 46.5], JdhGUHy3pN, 6476011]
[sidebar, [146.0, 1855.0, 1766.0, 46.5], ZiHjZkVYRE, 6476011]
[sidebar, [146.0, 1901.5, 1766.0, 46.5], ZiHjZkVYRE, 6476011]
[sidebar, [146.0, 1948.0, 1766.0, 46.5], ZiHjZkVYRE, 6476011]
[sidebar, [146.0, 1994.5, 1766.0, 46.5], ZiHjZkVYRE, 6476011]
[options, [146.0, 2181.0, 273.0, 46.5], yLyYWXncvm, 6476011]
[options, [146.0, 2227.5, 273.0, 46.5], yLyYWXncvm, 6476011]
[options, [146.0, 2274.0, 273.0, 46.5], yLyYWXncvm, 6476011]
[options, [146.0, 2320.5, 273.0, 46.5], yLyYWXncvm, 6476011]
[options, [146.0, 2367.0, 273.0, 46.5], yLyYWXncvm, 6476011]
[options, [146.0, 2413.5, 273.0, 46.5], yLyYWXncvm, 6476011]
[options, [146.0, 2460.0, 273.0, 46.5], yLyYWXncvm, 6476011]
[options, [146.0, 2506.5, 273.0, 46.5], yLyYWXncvm, 6476011]
