[1754, 1240]
[options, [203.0, 237.0, 356.0, 36.0], F_k3_E7quC, 6476446]
[options, [203.0, 273.0, 356.0, 36.0], F_k3_E7quC, 6476446]
[options, [198.0, 739.0, 330.0, 36.0], bXrKLZMr9E, 6476446]
[options, [198.0, 775.0, 330.0, 36.0], bXrKLZMr9E, 6476446]
[options, [198.0, 811.0, 330.0, 36.0], bXrKLZMr9E, 6476446]
[options, [198.0, 847.0, 330.0, 36.0], bXrKLZMr9E, 6476446]
[options, [198.0, 883.0, 330.0, 36.0], bXrKLZMr9E, 6476446]
[options, [198.0, 919.0, 330.0, 36.0], bXrKLZMr9E, 6476446]
[placeholder-text, [537.0, 1155.0, 196.0, 18.0], om2_nUFWeI, 6476446]
