[2826, 2085]
[options, [177.0, 174.0, 354.0, 46.5], o9RFQR_OxS, 6475923]
[options, [177.0, 220.5, 354.0, 46.5], o9RFQR_OxS, 6475923]
[options, [177.0, 267.0, 354.0, 46.5], o9RFQR_OxS, 6475923]
[options, [177.0, 313.5, 354.0, 46.5], o9RFQR_OxS, 6475923]
[sidebar, [166.0, 487.0, 1725.0, 46.5], ViZCi_Bm0-, 6475923]
[sidebar, [166.0, 533.5, 1725.0, 46.5], ViZCi_Bm0-, 6475923]
[sidebar, [166.0, 580.0, 1725.0, 46.5], ViZCi_Bm0-, 6475923]
[sidebar, [166.0, 626.5, 1725.0, 46.5], ViZCi_Bm0-, 6475923]
[options, [179.0, 763.0, 237.0, 46.5], 7IzcYo6JwU, 6475923]
[options, [179.0, 809.5, 237.0, 46.5], 7IzcYo6JwU, 6475923]
[options, [179.0, 856.0, 237.0, 46.5], 7IzcYo6JwU, 6475923]
[options, [179.0, 902.5, 237.0, 46.5], 7IzcYo6JwU, 6475923]
[options, [179.0, 949.0, 237.0, 46.5], 7IzcYo6JwU, 6475923]
[options, [179.0, 995.5, 237.0, 46.5], 7IzcYo6JwU, 6475923]
[options, [179.0, 1042.0, 237.0, 46.5], 7IzcYo6JwU, 6475923]
[options, [179.0, 1088.5, 237.0, 46.5], 7IzcYo6JwU, 6475923]
[options, [179.0, 1135.0, 237.0, 46.5], 7IzcYo6JwU, 6475923]
[options, [179.0, 1181.5, 237.0, 46.5], 7IzcYo6JwU, 6475923]
[options, [179.0, 1228.0, 237.0, 46.5], 7IzcYo6JwU, 6475923]
[sidebar, [174.0, 1373.0, 1714.0, 46.5], c8aV092LFa, 6475923]
[sidebar, [174.0, 1419.5, 1714.0, 46.5], c8aV092LFa, 6475923]
[sidebar, [174.0, 1466.0, 1714.0, 46.5], c8aV092LFa, 6475923]
[sidebar, [174.0, 1512.5, 1714.0, 46.5], c8aV092LFa, 6475923]
[options, [177.0, 1650.0, 239.0, 46.5], 8_DDWfEi-l, 6475923]
[options, [177.0, 1696.5, 239.0, 46.5], 8_DDWfEi-l, 6475923]
[options, [177.0, 1743.0, 239.0, 46.5], 8_DDWfEi-l, 6475923]
[options, [177.0, 1789.5, 239.0, 46.5], 8_DDWfEi-l, 6475923]
[options, [177.0, 1836.0, 239.0, 46.5], 8_DDWfEi-l, 6475923]
[options, [177.0, 1882.5, 239.0, 46.5], 8_DDWfEi-l, 6475923]
[options, [177.0, 1929.0, 239.0, 46.5], 8_DDWfEi-l, 6475923]
[options, [177.0, 1975.5, 239.0, 46.5], 8_DDWfEi-l, 6475923]
[options, [177.0, 2022.0, 239.0, 46.5], 8_DDWfEi-l, 6475923]
[options, [177.0, 2068.5, 239.0, 46.5], 8_DDWfEi-l, 6475923]
[options, [177.0, 2115.0, 239.0, 46.5], 8_DDWfEi-l, 6475923]
[sidebar, [177.0, 2255.0, 1717.0, 46.5], s-5Xk1ij6c, 6475923]
[sidebar, [177.0, 2301.5, 1717.0, 46.5], s-5Xk1ij6c, 6475923]
[sidebar, [177.0, 2348.0, 1717.0, 46.5], s-5Xk1ij6c, 6475923]
[sidebar, [177.0, 2394.5, 1717.0, 46.5], s-5Xk1ij6c, 6475923]
