[1754, 1240]
[options, [199.0, 237.0, 364.0, 36.0], JlaqLCoMOa, 6476249]
[options, [199.0, 273.0, 364.0, 36.0], JlaqLCoMOa, 6476249]
[options, [196.0, 739.0, 330.0, 36.0], -1PG84FSuo, 6476249]
[options, [196.0, 775.0, 330.0, 36.0], -1PG84FSuo, 6476249]
[options, [196.0, 811.0, 330.0, 36.0], -1PG84FSuo, 6476249]
[options, [196.0, 847.0, 330.0, 36.0], -1PG84FSuo, 6476249]
[options, [196.0, 883.0, 330.0, 36.0], -1PG84FSuo, 6476249]
[options, [196.0, 919.0, 330.0, 36.0], -1PG84FSuo, 6476249]
[placeholder-text, [537.0, 1157.0, 193.0, 18.0], U3CVYFVoeo, 6476249]
