[2826, 2085]
[options, [161.0, 174.0, 299.0, 46.5], nzhzHBWFY0, 6475747]
[options, [161.0, 220.5, 299.0, 46.5], nzhzHBWFY0, 6475747]
[options, [161.0, 267.0, 299.0, 46.5], nzhzHBWFY0, 6475747]
[options, [161.0, 313.5, 299.0, 46.5], nzhzHBWFY0, 6475747]
[options, [161.0, 360.0, 299.0, 46.5], nzhzHBWFY0, 6475747]
[options, [161.0, 406.5, 299.0, 46.5], nzhzHBWFY0, 6475747]
[options, [161.0, 453.0, 299.0, 46.5], nzhzHBWFY0, 6475747]
[options, [161.0, 499.5, 299.0, 46.5], nzhzHBWFY0, 6475747]
[sidebar, [172.0, 667.0, 1733.0, 46.5], OfA252fCGx, 6475747]
[sidebar, [172.0, 713.5, 1733.0, 46.5], OfA252fCGx, 6475747]
[sidebar, [172.0, 760.0, 1733.0, 46.5], OfA252fCGx, 6475747]
[sidebar, [172.0, 806.5, 1733.0, 46.5], OfA252fCGx, 6475747]
[options, [164.0, 1058.0, 364.0, 46.5], x-KSVIwDyt, 6475747]
[options, [164.0, 1104.5, 364.0, 46.5], x-KSVIwDyt, 6475747]
[options, [164.0, 1151.0, 364.0, 46.5], x-KSVIwDyt, 6475747]
[options, [164.0, 1197.5, 364.0, 46.5], x-KSVIwDyt, 6475747]
[options, [164.0, 1244.0, 364.0, 46.5], x-KSVIwDyt, 6475747]
[options, [164.0, 1290.5, 364.0, 46.5], x-KSVIwDyt, 6475747]
[options, [164.0, 1337.0, 364.0, 46.5], x-KSVIwDyt, 6475747]
[options, [164.0, 1383.5, 364.0, 46.5], x-KSVIwDyt, 6475747]
[options, [164.0, 1430.0, 364.0, 46.5], x-KSVIwDyt, 6475747]
[options, [164.0, 1476.5, 364.0, 46.5], x-KSVIwDyt, 6475747]
[options, [164.0, 1523.0, 364.0, 46.5], x-KSVIwDyt, 6475747]
[sidebar, [158.0, 1658.0, 1759.0, 46.5], G4Z2_OOobZ, 6475747]
[sidebar, [158.0, 1704.5, 1759.0, 46.5], G4Z2_OOobZ, 6475747]
[sidebar, [158.0, 1751.0, 1759.0, 46.5], G4Z2_OOobZ, 6475747]
[sidebar, [158.0, 1797.5, 1759.0, 46.5], G4Z2_OOobZ, 6475747]
[options, [153.0, 1960.0, 258.0, 46.5], SLnWeYzUAp, 6475747]
[options, [153.0, 2006.5, 258.0, 46.5], SLnWeYzUAp, 6475747]
[options, [153.0, 2053.0, 258.0, 46.5], SLnWeYzUAp, 6475747]
[options, [153.0, 2099.5, 258.0, 46.5], SLnWeYzUAp, 6475747]
[options, [153.0, 2146.0, 258.0, 46.5], SLnWeYzUAp, 6475747]
[options, [153.0, 2192.5, 258.0, 46.5], SLnWeYzUAp, 6475747]
[options, [153.0, 2239.0, 258.0, 46.5], SLnWeYzUAp, 6475747]
[options, [153.0, 2285.5, 258.0, 46.5], SLnWeYzUAp, 6475747]
[options, [153.0, 2332.0, 258.0, 46.5], SLnWeYzUAp, 6475747]
[options, [153.0, 2378.5, 258.0, 46.5], SLnWeYzUAp, 6475747]
[options, [153.0, 2425.0, 258.0, 46.5], SLnWeYzUAp, 6475747]
