[2826, 2085]
[options, [177.0, 182.0, 127.0, 46.5], 1qjTDfeCkQ, 6475953]
[options, [177.0, 228.5, 127.0, 46.5], 1qjTDfeCkQ, 6475953]
[options, [177.0, 275.0, 127.0, 46.5], 1qjTDfeCkQ, 6475953]
[options, [177.0, 368.0, 127.0, 46.5], 1qjTDfeCkQ, 6475953]
[sidebar, [177.0, 521.0, 1720.0, 46.5], owjT0TYI3E, 6475953]
[sidebar, [177.0, 567.5, 1720.0, 46.5], owjT0TYI3E, 6475953]
[sidebar, [177.0, 614.0, 1720.0, 46.5], owjT0TYI3E, 6475953]
[sidebar, [177.0, 660.5, 1720.0, 46.5], owjT0TYI3E, 6475953]
[options, [179.0, 810.0, 190.0, 46.5], LbJMaQDi80, 6475953]
[options, [179.0, 856.5, 190.0, 46.5], LbJMaQDi80, 6475953]
[options, [179.0, 903.0, 190.0, 46.5], LbJMaQDi80, 6475953]
[options, [179.0, 949.5, 190.0, 46.5], LbJMaQDi80, 6475953]
[options, [179.0, 996.0, 190.0, 46.5], LbJMaQDi80, 6475953]
[options, [179.0, 1042.5, 190.0, 46.5], LbJMaQDi80, 6475953]
[options, [179.0, 1089.0, 190.0, 46.5], LbJMaQDi80, 6475953]
[options, [179.0, 1135.5, 190.0, 46.5], LbJMaQDi80, 6475953]
[options, [179.0, 1182.0, 190.0, 46.5], LbJMaQDi80, 6475953]
[options, [179.0, 1228.5, 190.0, 46.5], LbJMaQDi80, 6475953]
[options, [179.0, 1275.0, 190.0, 46.5], LbJMaQDi80, 6475953]
[options, [179.0, 1321.5, 190.0, 46.5], LbJMaQDi80, 6475953]
[sidebar, [177.0, 1480.0, 1712.0, 46.5], GEy9kwCkMd, 6475953]
[sidebar, [177.0, 1526.5, 1712.0, 46.5], GEy9kwCkMd, 6475953]
[sidebar, [177.0, 1573.0, 1712.0, 46.5], GEy9kwCkMd, 6475953]
[sidebar, [177.0, 1619.5, 1712.0, 46.5], GEy9kwCkMd, 6475953]
[options, [179.0, 1783.0, 130.0, 46.5], 3kw8EtMJXi, 6475953]
[options, [179.0, 1829.5, 130.0, 46.5], 3kw8EtMJXi, 6475953]
[options, [179.0, 1876.0, 130.0, 46.5], 3kw8EtMJXi, 6475953]
[options, [179.0, 1922.5, 130.0, 46.5], 3kw8EtMJXi, 6475953]
[options, [179.0, 1969.0, 130.0, 46.5], 3kw8EtMJXi, 6475953]
[options, [179.0, 2015.5, 130.0, 46.5], 3kw8EtMJXi, 6475953]
[options, [179.0, 2062.0, 130.0, 46.5], 3kw8EtMJXi, 6475953]
[options, [179.0, 2108.5, 130.0, 46.5], 3kw8EtMJXi, 6475953]
[options, [179.0, 2155.0, 130.0, 46.5], 3kw8EtMJXi, 6475953]
[options, [179.0, 2201.5, 130.0, 46.5], 3kw8EtMJXi, 6475953]
[options, [179.0, 2248.0, 130.0, 46.5], 3kw8EtMJXi, 6475953]
[options, [179.0, 2294.5, 130.0, 46.5], 3kw8EtMJXi, 6475953]
[sidebar, [177.0, 2447.0, 1717.0, 46.5], KAUWznAMJY, 6475953]
[sidebar, [177.0, 2493.5, 1717.0, 46.5], KAUWznAMJY, 6475953]
[sidebar, [177.0, 2540.0, 1717.0, 46.5], KAUWznAMJY, 6475953]
[sidebar, [177.0, 2586.5, 1717.0, 46.5], KAUWznAMJY, 6475953]
