[2826, 2085]
[options, [177.0, 182.0, 187.0, 46.5], ElH8zoOp5G, 6475850]
[sidebar, [174.0, 354.0, 1722.0, 46.5], _6aJFzMJs6, 6475850]
[sidebar, [174.0, 400.5, 1722.0, 46.5], _6aJFzMJs6, 6475850]
[sidebar, [174.0, 447.0, 1722.0, 46.5], _6aJFzMJs6, 6475850]
[sidebar, [174.0, 493.5, 1722.0, 46.5], _6aJFzMJs6, 6475850]
[options, [179.0, 641.0, 323.0, 46.5], _gpUD83_9H, 6475850]
[options, [179.0, 687.5, 323.0, 46.5], _gpUD83_9H, 6475850]
[options, [179.0, 734.0, 323.0, 46.5], _gpUD83_9H, 6475850]
[options, [179.0, 780.5, 323.0, 46.5], _gpUD83_9H, 6475850]
[options, [179.0, 827.0, 323.0, 46.5], _gpUD83_9H, 6475850]
[options, [179.0, 873.5, 323.0, 46.5], _gpUD83_9H, 6475850]
[options, [179.0, 920.0, 323.0, 46.5], _gpUD83_9H, 6475850]
[options, [179.0, 966.5, 323.0, 46.5], _gpUD83_9H, 6475850]
[options, [179.0, 1013.0, 323.0, 46.5], _gpUD83_9H, 6475850]
[options, [179.0, 1059.5, 323.0, 46.5], _gpUD83_9H, 6475850]
[sidebar, [177.0, 1227.0, 1717.0, 46.5], FzPtvahPex, 6475850]
[sidebar, [177.0, 1273.5, 1717.0, 46.5], FzPtvahPex, 6475850]
[sidebar, [177.0, 1320.0, 1717.0, 46.5], FzPtvahPex, 6475850]
[sidebar, [177.0, 1366.5, 1717.0, 46.5], FzPtvahPex, 6475850]
[options, [179.0, 1509.0, 333.0, 46.5], bz-YhJihtw, 6475850]
[options, [179.0, 1555.5, 333.0, 46.5], bz-YhJihtw, 6475850]
[options, [179.0, 1602.0, 333.0, 46.5], bz-YhJihtw, 6475850]
[options, [179.0, 1648.5, 333.0, 46.5], bz-YhJihtw, 6475850]
[options, [179.0, 1695.0, 333.0, 46.5], bz-YhJihtw, 6475850]
[options, [179.0, 1741.5, 333.0, 46.5], bz-YhJihtw, 6475850]
[options, [179.0, 1788.0, 333.0, 46.5], bz-YhJihtw, 6475850]
[options, [179.0, 1834.5, 333.0, 46.5], bz-YhJihtw, 6475850]
[options, [179.0, 1881.0, 333.0, 46.5], bz-YhJihtw, 6475850]
[options, [179.0, 1927.5, 333.0, 46.5], bz-YhJihtw, 6475850]
[sidebar, [174.0, 2103.0, 1717.0, 46.5], V_lqVrLkl4, 6475850]
[sidebar, [174.0, 2149.5, 1717.0, 46.5], V_lqVrLkl4, 6475850]
[sidebar, [174.0, 2196.0, 1717.0, 46.5], V_lqVrLkl4, 6475850]
[sidebar, [174.0, 2242.5, 1717.0, 46.5], V_lqVrLkl4, 6475850]
[options, [177.0, 2382.0, 271.0, 46.5], KXovBLD7Xy, 6475850]
[options, [177.0, 2428.5, 271.0, 46.5], KXovBLD7Xy, 6475850]
