[2826, 2085]
[options, [174.0, 169.0, 198.0, 46.5], hwIyvFoCZl, 6475826]
[options, [174.0, 215.5, 198.0, 46.5], hwIyvFoCZl, 6475826]
[options, [174.0, 262.0, 198.0, 46.5], hwIyvFoCZl, 6475826]
[options, [174.0, 308.5, 198.0, 46.5], hwIyvFoCZl, 6475826]
[options, [174.0, 355.0, 198.0, 46.5], hwIyvFoCZl, 6475826]
[sidebar, [169.0, 482.0, 1759.0, 46.5], 4VJ4qJENlW, 6475826]
[sidebar, [169.0, 528.5, 1759.0, 46.5], 4VJ4qJENlW, 6475826]
[sidebar, [169.0, 575.0, 1759.0, 46.5], 4VJ4qJENlW, 6475826]
[sidebar, [169.0, 621.5, 1759.0, 46.5], 4VJ4qJENlW, 6475826]
[options, [145.0, 782.0, 289.0, 46.5], 2RJMhZBtti, 6475826]
[options, [145.0, 828.5, 289.0, 46.5], 2RJMhZBtti, 6475826]
[options, [145.0, 875.0, 289.0, 46.5], 2RJMhZBtti, 6475826]
[options, [145.0, 921.5, 289.0, 46.5], 2RJMhZBtti, 6475826]
[options, [145.0, 968.0, 289.0, 46.5], 2RJMhZBtti, 6475826]
[options, [145.0, 1014.5, 289.0, 46.5], 2RJMhZBtti, 6475826]
[options, [145.0, 1061.0, 289.0, 46.5], 2RJMhZBtti, 6475826]
[options, [145.0, 1107.5, 289.0, 46.5], 2RJMhZBtti, 6475826]
[options, [145.0, 1154.0, 289.0, 46.5], 2RJMhZBtti, 6475826]
[options, [145.0, 1200.5, 289.0, 46.5], 2RJMhZBtti, 6475826]
[options, [145.0, 1247.0, 289.0, 46.5], 2RJMhZBtti, 6475826]
[sidebar, [169.0, 1379.0, 1751.0, 46.5], 82WcwtfxHZ, 6475826]
[sidebar, [169.0, 1425.5, 1751.0, 46.5], 82WcwtfxHZ, 6475826]
[sidebar, [169.0, 1472.0, 1751.0, 46.5], 82WcwtfxHZ, 6475826]
[sidebar, [169.0, 1518.5, 1751.0, 46.5], 82WcwtfxHZ, 6475826]
[options, [161.0, 1673.0, 260.0, 46.5], 403WNCcqYs, 6475826]
[options, [161.0, 1719.5, 260.0, 46.5], 403WNCcqYs, 6475826]
[options, [161.0, 1766.0, 260.0, 46.5], 403WNCcqYs, 6475826]
[options, [161.0, 1812.5, 260.0, 46.5], 403WNCcqYs, 6475826]
[options, [161.0, 1859.0, 260.0, 46.5], 403WNCcqYs, 6475826]
[options, [161.0, 1905.5, 260.0, 46.5], 403WNCcqYs, 6475826]
[options, [161.0, 1952.0, 260.0, 46.5], 403WNCcqYs, 6475826]
[options, [161.0, 1998.5, 260.0, 46.5], 403WNCcqYs, 6475826]
[options, [161.0, 2045.0, 260.0, 46.5], 403WNCcqYs, 6475826]
[options, [161.0, 2091.5, 260.0, 46.5], 403WNCcqYs, 6475826]
[options, [161.0, 2138.0, 260.0, 46.5], 403WNCcqYs, 6475826]
[sidebar, [169.0, 2275.0, 1740.0, 46.5], 0G6-kodj40, 6475826]
[sidebar, [169.0, 2321.5, 1740.0, 46.5], 0G6-kodj40, 6475826]
[sidebar, [169.0, 2368.0, 1740.0, 46.5], 0G6-kodj40, 6475826]
[sidebar, [169.0, 2414.5, 1740.0, 46.5], 0G6-kodj40, 6475826]
[options, [172.0, 2560.0, 174.0, 46.5], vhnDB5Fhvy, 6475826]
