[1650, 1275]
[options, [205.0, 175.0, 135.0, 36.0], NlC93RGaj3, 6476132]
[options, [205.0, 211.0, 135.0, 36.0], NlC93RGaj3, 6476132]
[options, [205.0, 247.0, 135.0, 36.0], NlC93RGaj3, 6476132]
[options, [205.0, 283.0, 135.0, 36.0], NlC93RGaj3, 6476132]
[options, [210.0, 449.0, 194.0, 36.0], hXubLBZCjg, 6476132]
[options, [210.0, 485.0, 194.0, 36.0], hXubLBZCjg, 6476132]
[options, [210.0, 521.0, 194.0, 36.0], hXubLBZCjg, 6476132]
[options, [210.0, 557.0, 194.0, 36.0], hXubLBZCjg, 6476132]
[options, [207.0, 720.0, 194.0, 36.0], _rv8kbsR0g, 6476132]
[options, [207.0, 756.0, 194.0, 36.0], _rv8kbsR0g, 6476132]
[options, [207.0, 792.0, 194.0, 36.0], _rv8kbsR0g, 6476132]
[options, [207.0, 828.0, 194.0, 36.0], _rv8kbsR0g, 6476132]
[options, [207.0, 864.0, 194.0, 36.0], _rv8kbsR0g, 6476132]
[options, [208.0, 996.0, 261.0, 36.0], UpwlwEHZXU, 6476132]
[options, [208.0, 1032.0, 261.0, 36.0], UpwlwEHZXU, 6476132]
[options, [208.0, 1068.0, 261.0, 36.0], UpwlwEHZXU, 6476132]
[options, [208.0, 1104.0, 261.0, 36.0], UpwlwEHZXU, 6476132]
[options, [208.0, 1140.0, 261.0, 36.0], UpwlwEHZXU, 6476132]
[options, [204.0, 1272.0, 270.0, 36.0], uXxvHCU8Qs, 6476132]
[options, [204.0, 1308.0, 270.0, 36.0], uXxvHCU8Qs, 6476132]
[options, [204.0, 1344.0, 270.0, 36.0], uXxvHCU8Qs, 6476132]
[options, [204.0, 1380.0, 270.0, 36.0], uXxvHCU8Qs, 6476132]
