[1755, 1240]
[folio, [877.0, 148.0, 165.0, 36.0], iAoMaiG8je, 6476200]
[options, [186.0, 378.0, 677.0, 36.0], VI9Egbp6sl, 6476200]
[options, [186.0, 414.0, 677.0, 36.0], VI9Egbp6sl, 6476200]
[options, [186.0, 450.0, 677.0, 36.0], VI9Egbp6sl, 6476200]
[options, [189.0, 607.0, 629.0, 36.0], lNtFdgXPcl, 6476200]
[options, [189.0, 643.0, 629.0, 36.0], lNtFdgXPcl, 6476200]
[options, [189.0, 679.0, 629.0, 36.0], lNtFdgXPcl, 6476200]
[options, [185.0, 849.0, 598.0, 36.0], 59J8A4V4qD, 6476200]
[options, [185.0, 885.0, 598.0, 36.0], 59J8A4V4qD, 6476200]
[options, [185.0, 921.0, 598.0, 36.0], 59J8A4V4qD, 6476200]
[options, [175.0, 1079.0, 680.0, 36.0], Ju97TC3d3n, 6476200]
[options, [175.0, 1115.0, 680.0, 36.0], Ju97TC3d3n, 6476200]
[options, [175.0, 1151.0, 680.0, 36.0], Ju97TC3d3n, 6476200]
[options, [175.0, 1310.0, 624.0, 36.0], f_24FEa5A1, 6476200]
[options, [175.0, 1346.0, 624.0, 36.0], f_24FEa5A1, 6476200]
[options, [175.0, 1382.0, 624.0, 36.0], f_24FEa5A1, 6476200]
[options, [175.0, 1418.0, 624.0, 36.0], f_24FEa5A1, 6476200]
[jumpline, [892.0, 1511.0, 134.0, 36.0], 4Y-yJws4Vv, 6476200]
