[2826, 2085]
[options, [172.0, 159.0, 242.0, 46.5], Y08E7jK-Xp, 6476235]
[options, [172.0, 205.5, 242.0, 46.5], Y08E7jK-Xp, 6476235]
[options, [172.0, 252.0, 242.0, 46.5], Y08E7jK-Xp, 6476235]
[options, [172.0, 298.5, 242.0, 46.5], Y08E7jK-Xp, 6476235]
[options, [172.0, 345.0, 242.0, 46.5], Y08E7jK-Xp, 6476235]
[options, [172.0, 391.5, 242.0, 46.5], Y08E7jK-Xp, 6476235]
[options, [172.0, 438.0, 242.0, 46.5], Y08E7jK-Xp, 6476235]
[options, [172.0, 484.5, 242.0, 46.5], Y08E7jK-Xp, 6476235]
[options, [172.0, 531.0, 242.0, 46.5], Y08E7jK-Xp, 6476235]
[options, [172.0, 577.5, 242.0, 46.5], Y08E7jK-Xp, 6476235]
[sidebar, [172.0, 737.0, 1725.0, 46.5], NH2YYCsK5f, 6476235]
[sidebar, [172.0, 783.5, 1725.0, 46.5], NH2YYCsK5f, 6476235]
[sidebar, [172.0, 830.0, 1725.0, 46.5], NH2YYCsK5f, 6476235]
[sidebar, [172.0, 876.5, 1725.0, 46.5], NH2YYCsK5f, 6476235]
[options, [179.0, 1178.0, 179.0, 46.5], n-bG2vLx6v, 6476235]
[options, [179.0, 1224.5, 179.0, 46.5], n-bG2vLx6v, 6476235]
[options, [179.0, 1271.0, 179.0, 46.5], n-bG2vLx6v, 6476235]
[options, [179.0, 1317.5, 179.0, 46.5], n-bG2vLx6v, 6476235]
[options, [179.0, 1364.0, 179.0, 46.5], n-bG2vLx6v, 6476235]
[options, [179.0, 1410.5, 179.0, 46.5], n-bG2vLx6v, 6476235]
[options, [179.0, 1457.0, 179.0, 46.5], n-bG2vLx6v, 6476235]
[options, [179.0, 1503.5, 179.0, 46.5], n-bG2vLx6v, 6476235]
[options, [179.0, 1550.0, 179.0, 46.5], n-bG2vLx6v, 6476235]
[options, [179.0, 1596.5, 179.0, 46.5], n-bG2vLx6v, 6476235]
[sidebar, [164.0, 1751.0, 1727.0, 46.5], cUP96QU5gn, 6476235]
[sidebar, [164.0, 1797.5, 1727.0, 46.5], cUP96QU5gn, 6476235]
[sidebar, [164.0, 1844.0, 1727.0, 46.5], cUP96QU5gn, 6476235]
[sidebar, [164.0, 1890.5, 1727.0, 46.5], cUP96QU5gn, 6476235]
[options, [177.0, 2221.0, 187.0, 46.5], kCluyke8vA, 6476235]
[options, [177.0, 2267.5, 187.0, 46.5], kCluyke8vA, 6476235]
[options, [177.0, 2314.0, 187.0, 46.5], kCluyke8vA, 6476235]
[options, [177.0, 2360.5, 187.0, 46.5], kCluyke8vA, 6476235]
[options, [177.0, 2407.0, 187.0, 46.5], kCluyke8vA, 6476235]
[options, [177.0, 2453.5, 187.0, 46.5], kCluyke8vA, 6476235]
[options, [177.0, 2500.0, 187.0, 46.5], kCluyke8vA, 6476235]
[options, [177.0, 2546.5, 187.0, 46.5], kCluyke8vA, 6476235]
