[5367, 3825]
[contact-info, [1876.0, 400.5, 169.0, 52.5], Fsj22SeCS3, 6476203]
[options, [942.0, 667.0, 1044.0, 52.5], HE1CEGfF0y, 6476203]
[options, [942.0, 719.5, 1044.0, 52.5], HE1CEGfF0y, 6476203]
[options, [942.0, 772.0, 1044.0, 52.5], HE1CEGfF0y, 6476203]
[options, [942.0, 824.5, 1044.0, 52.5], HE1CEGfF0y, 6476203]
[options, [942.0, 877.0, 1044.0, 52.5], HE1CEGfF0y, 6476203]
[options, [942.0, 929.5, 1044.0, 52.5], HE1CEGfF0y, 6476203]
[options, [942.0, 982.0, 1044.0, 52.5], HE1CEGfF0y, 6476203]
[options, [942.0, 1034.5, 1044.0, 52.5], HE1CEGfF0y, 6476203]
[options, [942.0, 1087.0, 1044.0, 52.5], HE1CEGfF0y, 6476203]
[options, [942.0, 1139.5, 1044.0, 52.5], HE1CEGfF0y, 6476203]
[options, [942.0, 1192.0, 1044.0, 52.5], HE1CEGfF0y, 6476203]
[options, [928.0, 1455.0, 1228.0, 52.5], SECO6aU5sP, 6476203]
[options, [928.0, 1507.5, 1228.0, 52.5], SECO6aU5sP, 6476203]
[options, [928.0, 1560.0, 1228.0, 52.5], SECO6aU5sP, 6476203]
[options, [928.0, 1612.5, 1228.0, 52.5], SECO6aU5sP, 6476203]
[options, [928.0, 1665.0, 1228.0, 52.5], SECO6aU5sP, 6476203]
[options, [928.0, 1717.5, 1228.0, 52.5], SECO6aU5sP, 6476203]
[options, [928.0, 1770.0, 1228.0, 52.5], SECO6aU5sP, 6476203]
[options, [928.0, 1822.5, 1228.0, 52.5], SECO6aU5sP, 6476203]
[options, [928.0, 1875.0, 1228.0, 52.5], SECO6aU5sP, 6476203]
[options, [928.0, 1927.5, 1228.0, 52.5], SECO6aU5sP, 6476203]
[options, [928.0, 1980.0, 1228.0, 52.5], SECO6aU5sP, 6476203]
[placeholder-text, [1619.0, 2161.0, 483.0, 18.0], YNjvkTXjJt, 6476203]
[placeholder-text, [1619.0, 2179.0, 483.0, 18.0], YNjvkTXjJt, 6476203]
[placeholder-text, [1619.0, 2197.0, 483.0, 18.0], YNjvkTXjJt, 6476203]
[options, [942.0, 2258.0, 2147.0, 52.5], TpqZlIWsOO, 6476203]
[options, [942.0, 2310.5, 2147.0, 52.5], TpqZlIWsOO, 6476203]
[options, [942.0, 2363.0, 2147.0, 52.5], TpqZlIWsOO, 6476203]
[options, [942.0, 2415.5, 2147.0, 52.5], TpqZlIWsOO, 6476203]
[options, [942.0, 2468.0, 2147.0, 52.5], TpqZlIWsOO, 6476203]
[options, [942.0, 2520.5, 2147.0, 52.5], TpqZlIWsOO, 6476203]
[options, [942.0, 2573.0, 2147.0, 52.5], TpqZlIWsOO, 6476203]
[options, [942.0, 2625.5, 2147.0, 52.5], TpqZlIWsOO, 6476203]
[options, [942.0, 2678.0, 2147.0, 52.5], TpqZlIWsOO, 6476203]
[options, [942.0, 2730.5, 2147.0, 52.5], TpqZlIWsOO, 6476203]
[options, [942.0, 2783.0, 2147.0, 52.5], TpqZlIWsOO, 6476203]
[options, [928.0, 3046.0, 1247.0, 52.5], GrxZkGhdVP, 6476203]
[options, [928.0, 3098.5, 1247.0, 52.5], GrxZkGhdVP, 6476203]
[options, [928.0, 3151.0, 1247.0, 52.5], GrxZkGhdVP, 6476203]
[options, [928.0, 3203.5, 1247.0, 52.5], GrxZkGhdVP, 6476203]
[options, [928.0, 3256.0, 1247.0, 52.5], GrxZkGhdVP, 6476203]
[options, [928.0, 3308.5, 1247.0, 52.5], GrxZkGhdVP, 6476203]
[options, [928.0, 3361.0, 1247.0, 52.5], GrxZkGhdVP, 6476203]
[options, [928.0, 3413.5, 1247.0, 52.5], GrxZkGhdVP, 6476203]
[options, [928.0, 3466.0, 1247.0, 52.5], GrxZkGhdVP, 6476203]
[options, [928.0, 3518.5, 1247.0, 52.5], GrxZkGhdVP, 6476203]
[options, [928.0, 3571.0, 1247.0, 52.5], GrxZkGhdVP, 6476203]
[folio, [1146.0, 3698.0, 275.0, 52.5], JSxCbe-SCt, 6476203]
[folio, [1146.0, 3750.5, 275.0, 52.5], JSxCbe-SCt, 6476203]
[jumpline, [3322.0, 4801.0, 265.0, 52.5], MDrH7GzEXz, 6476203]
[jumpline, [3322.0, 4853.5, 265.0, 52.5], MDrH7GzEXz, 6476203]
