[2826, 2085]
[options, [161.0, 161.0, 177.0, 46.5], fzqX520XK0, 6475825]
[options, [161.0, 207.5, 177.0, 46.5], fzqX520XK0, 6475825]
[options, [161.0, 254.0, 177.0, 46.5], fzqX520XK0, 6475825]
[options, [161.0, 300.5, 177.0, 46.5], fzqX520XK0, 6475825]
[options, [161.0, 347.0, 177.0, 46.5], fzqX520XK0, 6475825]
[options, [161.0, 393.5, 177.0, 46.5], fzqX520XK0, 6475825]
[options, [161.0, 440.0, 177.0, 46.5], fzqX520XK0, 6475825]
[options, [161.0, 486.5, 177.0, 46.5], fzqX520XK0, 6475825]
[options, [161.0, 533.0, 177.0, 46.5], fzqX520XK0, 6475825]
[options, [161.0, 579.5, 177.0, 46.5], fzqX520XK0, 6475825]
[options, [161.0, 626.0, 177.0, 46.5], fzqX520XK0, 6475825]
[sidebar, [164.0, 771.0, 1735.0, 46.5], RdLyPM06x7, 6475825]
[sidebar, [164.0, 817.5, 1735.0, 46.5], RdLyPM06x7, 6475825]
[sidebar, [164.0, 864.0, 1735.0, 46.5], RdLyPM06x7, 6475825]
[sidebar, [164.0, 910.5, 1735.0, 46.5], RdLyPM06x7, 6475825]
[options, [172.0, 1050.0, 255.0, 46.5], GKXjKcY0JJ, 6475825]
[options, [172.0, 1096.5, 255.0, 46.5], GKXjKcY0JJ, 6475825]
[options, [172.0, 1143.0, 255.0, 46.5], GKXjKcY0JJ, 6475825]
[options, [172.0, 1189.5, 255.0, 46.5], GKXjKcY0JJ, 6475825]
[options, [172.0, 1236.0, 255.0, 46.5], GKXjKcY0JJ, 6475825]
[options, [172.0, 1282.5, 255.0, 46.5], GKXjKcY0JJ, 6475825]
[options, [172.0, 1329.0, 255.0, 46.5], GKXjKcY0JJ, 6475825]
[options, [172.0, 1375.5, 255.0, 46.5], GKXjKcY0JJ, 6475825]
[options, [172.0, 1422.0, 255.0, 46.5], GKXjKcY0JJ, 6475825]
[options, [172.0, 1468.5, 255.0, 46.5], GKXjKcY0JJ, 6475825]
[sidebar, [161.0, 1642.0, 1759.0, 46.5], egLR8YOhC0, 6475825]
[sidebar, [161.0, 1688.5, 1759.0, 46.5], egLR8YOhC0, 6475825]
[sidebar, [161.0, 1735.0, 1759.0, 46.5], egLR8YOhC0, 6475825]
[sidebar, [161.0, 1781.5, 1759.0, 46.5], egLR8YOhC0, 6475825]
[options, [158.0, 1929.0, 349.0, 46.5], uOMgCYzvwK, 6475825]
[options, [158.0, 1975.5, 349.0, 46.5], uOMgCYzvwK, 6475825]
[options, [158.0, 2022.0, 349.0, 46.5], uOMgCYzvwK, 6475825]
[options, [158.0, 2068.5, 349.0, 46.5], uOMgCYzvwK, 6475825]
[options, [158.0, 2115.0, 349.0, 46.5], uOMgCYzvwK, 6475825]
[options, [158.0, 2161.5, 349.0, 46.5], uOMgCYzvwK, 6475825]
[options, [158.0, 2208.0, 349.0, 46.5], uOMgCYzvwK, 6475825]
[options, [158.0, 2254.5, 349.0, 46.5], uOMgCYzvwK, 6475825]
[options, [158.0, 2301.0, 349.0, 46.5], uOMgCYzvwK, 6475825]
[options, [158.0, 2347.5, 349.0, 46.5], uOMgCYzvwK, 6475825]
[sidebar, [144.0, 2471.0, 1765.0, 46.5], HxMG5uR4RD, 6475825]
[sidebar, [144.0, 2517.5, 1765.0, 46.5], HxMG5uR4RD, 6475825]
[sidebar, [144.0, 2564.0, 1765.0, 46.5], HxMG5uR4RD, 6475825]
