[1754, 1241]
[paragraph, [212.0, 691.0, 705.0, 36.0], dUwNv3b5AM, 6476233]
[paragraph, [212.0, 727.0, 705.0, 36.0], dUwNv3b5AM, 6476233]
[paragraph, [212.0, 763.0, 705.0, 36.0], dUwNv3b5AM, 6476233]
[paragraph, [212.0, 799.0, 705.0, 36.0], dUwNv3b5AM, 6476233]
[paragraph, [214.0, 910.0, 705.0, 36.0], 04psGyyuJ0, 6476233]
[paragraph, [214.0, 946.0, 705.0, 36.0], 04psGyyuJ0, 6476233]
[paragraph, [214.0, 982.0, 705.0, 36.0], 04psGyyuJ0, 6476233]
[paragraph, [214.0, 1018.0, 705.0, 36.0], 04psGyyuJ0, 6476233]
[paragraph, [214.0, 1054.0, 705.0, 36.0], 04psGyyuJ0, 6476233]
