[2826, 2085]
[options, [177.0, 185.0, 351.0, 46.5], CTCSB-FjZI, 6475849]
[options, [177.0, 231.5, 351.0, 46.5], CTCSB-FjZI, 6475849]
[options, [177.0, 278.0, 351.0, 46.5], CTCSB-FjZI, 6475849]
[options, [177.0, 324.5, 351.0, 46.5], CTCSB-FjZI, 6475849]
[sidebar, [172.0, 487.0, 1722.0, 46.5], MVaWPLToWy, 6475849]
[sidebar, [172.0, 533.5, 1722.0, 46.5], MVaWPLToWy, 6475849]
[sidebar, [172.0, 580.0, 1722.0, 46.5], MVaWPLToWy, 6475849]
[sidebar, [172.0, 626.5, 1722.0, 46.5], MVaWPLToWy, 6475849]
[options, [182.0, 774.0, 231.0, 46.5], uno-6-cdf_, 6475849]
[options, [182.0, 820.5, 231.0, 46.5], uno-6-cdf_, 6475849]
[options, [182.0, 867.0, 231.0, 46.5], uno-6-cdf_, 6475849]
[options, [182.0, 913.5, 231.0, 46.5], uno-6-cdf_, 6475849]
[options, [182.0, 960.0, 231.0, 46.5], uno-6-cdf_, 6475849]
[options, [182.0, 1006.5, 231.0, 46.5], uno-6-cdf_, 6475849]
[options, [182.0, 1053.0, 231.0, 46.5], uno-6-cdf_, 6475849]
[options, [182.0, 1099.5, 231.0, 46.5], uno-6-cdf_, 6475849]
[options, [182.0, 1146.0, 231.0, 46.5], uno-6-cdf_, 6475849]
[options, [182.0, 1192.5, 231.0, 46.5], uno-6-cdf_, 6475849]
[options, [182.0, 1239.0, 231.0, 46.5], uno-6-cdf_, 6475849]
[sidebar, [172.0, 1373.0, 1722.0, 46.5], 33GpWb8nMu, 6475849]
[sidebar, [172.0, 1419.5, 1722.0, 46.5], 33GpWb8nMu, 6475849]
[sidebar, [172.0, 1466.0, 1722.0, 46.5], 33GpWb8nMu, 6475849]
[sidebar, [172.0, 1512.5, 1722.0, 46.5], 33GpWb8nMu, 6475849]
[options, [177.0, 1652.0, 234.0, 46.5], CoYzZN-Six, 6475849]
[options, [177.0, 1698.5, 234.0, 46.5], CoYzZN-Six, 6475849]
[options, [177.0, 1745.0, 234.0, 46.5], CoYzZN-Six, 6475849]
[options, [177.0, 1791.5, 234.0, 46.5], CoYzZN-Six, 6475849]
[options, [177.0, 1838.0, 234.0, 46.5], CoYzZN-Six, 6475849]
[options, [177.0, 1884.5, 234.0, 46.5], CoYzZN-Six, 6475849]
[options, [177.0, 1931.0, 234.0, 46.5], CoYzZN-Six, 6475849]
[options, [177.0, 1977.5, 234.0, 46.5], CoYzZN-Six, 6475849]
[options, [177.0, 2024.0, 234.0, 46.5], CoYzZN-Six, 6475849]
[options, [177.0, 2070.5, 234.0, 46.5], CoYzZN-Six, 6475849]
[options, [177.0, 2117.0, 234.0, 46.5], CoYzZN-Six, 6475849]
[sidebar, [172.0, 2252.0, 1722.0, 46.5], 3Jkhkt7ryP, 6475849]
[sidebar, [172.0, 2298.5, 1722.0, 46.5], 3Jkhkt7ryP, 6475849]
[sidebar, [172.0, 2345.0, 1722.0, 46.5], 3Jkhkt7ryP, 6475849]
[sidebar, [172.0, 2391.5, 1722.0, 46.5], 3Jkhkt7ryP, 6475849]
[options, [174.0, 2536.0, 158.0, 46.5], pRYNtw3q7s, 6475849]
