[2826, 2085]
[options, [161.0, 167.0, 245.0, 46.5], 0OXLdA8Xl8, 6475987]
[options, [161.0, 213.5, 245.0, 46.5], 0OXLdA8Xl8, 6475987]
[sidebar, [164.0, 352.0, 1750.0, 46.5], ba6NOjA37g, 6475987]
[sidebar, [164.0, 398.5, 1750.0, 46.5], ba6NOjA37g, 6475987]
[sidebar, [164.0, 445.0, 1750.0, 46.5], ba6NOjA37g, 6475987]
[sidebar, [164.0, 491.5, 1750.0, 46.5], ba6NOjA37g, 6475987]
[options, [148.0, 649.0, 386.0, 46.5], QQAYmveNtN, 6475987]
[options, [148.0, 695.5, 386.0, 46.5], QQAYmveNtN, 6475987]
[options, [148.0, 742.0, 386.0, 46.5], QQAYmveNtN, 6475987]
[options, [148.0, 788.5, 386.0, 46.5], QQAYmveNtN, 6475987]
[options, [148.0, 835.0, 386.0, 46.5], QQAYmveNtN, 6475987]
[options, [148.0, 881.5, 386.0, 46.5], QQAYmveNtN, 6475987]
[options, [148.0, 928.0, 386.0, 46.5], QQAYmveNtN, 6475987]
[options, [148.0, 974.5, 386.0, 46.5], QQAYmveNtN, 6475987]
[options, [148.0, 1021.0, 386.0, 46.5], QQAYmveNtN, 6475987]
[options, [148.0, 1067.5, 386.0, 46.5], QQAYmveNtN, 6475987]
[options, [148.0, 1114.0, 386.0, 46.5], QQAYmveNtN, 6475987]
[options, [148.0, 1160.5, 386.0, 46.5], QQAYmveNtN, 6475987]
[sidebar, [138.0, 1286.0, 1766.0, 46.5], wMG2Ii0DDo, 6475987]
[sidebar, [138.0, 1332.5, 1766.0, 46.5], wMG2Ii0DDo, 6475987]
[sidebar, [138.0, 1379.0, 1766.0, 46.5], wMG2Ii0DDo, 6475987]
[sidebar, [138.0, 1425.5, 1766.0, 46.5], wMG2Ii0DDo, 6475987]
[options, [151.0, 1591.0, 266.0, 46.5], DTZxF0VFUi, 6475987]
[options, [151.0, 1637.5, 266.0, 46.5], DTZxF0VFUi, 6475987]
[options, [151.0, 1684.0, 266.0, 46.5], DTZxF0VFUi, 6475987]
[options, [151.0, 1730.5, 266.0, 46.5], DTZxF0VFUi, 6475987]
[options, [151.0, 1777.0, 266.0, 46.5], DTZxF0VFUi, 6475987]
[options, [151.0, 1823.5, 266.0, 46.5], DTZxF0VFUi, 6475987]
[options, [151.0, 1870.0, 266.0, 46.5], DTZxF0VFUi, 6475987]
[options, [151.0, 1916.5, 266.0, 46.5], DTZxF0VFUi, 6475987]
[options, [151.0, 1963.0, 266.0, 46.5], DTZxF0VFUi, 6475987]
[options, [151.0, 2009.5, 266.0, 46.5], DTZxF0VFUi, 6475987]
[sidebar, [130.0, 2152.0, 1790.0, 46.5], 5icsIqaRvR, 6475987]
[sidebar, [130.0, 2198.5, 1790.0, 46.5], 5icsIqaRvR, 6475987]
[sidebar, [130.0, 2245.0, 1790.0, 46.5], 5icsIqaRvR, 6475987]
[sidebar, [130.0, 2291.5, 1790.0, 46.5], 5icsIqaRvR, 6475987]
[options, [164.0, 2426.0, 388.0, 46.5], qPP2VPmg6P, 6475987]
[options, [164.0, 2472.5, 388.0, 46.5], qPP2VPmg6P, 6475987]
