[2826, 2085]
[options, [169.0, 182.0, 239.0, 46.5], qOA5J5B_Jd, 6476106]
[options, [169.0, 228.5, 239.0, 46.5], qOA5J5B_Jd, 6476106]
[options, [169.0, 275.0, 239.0, 46.5], qOA5J5B_Jd, 6476106]
[options, [169.0, 321.5, 239.0, 46.5], qOA5J5B_Jd, 6476106]
[options, [169.0, 368.0, 239.0, 46.5], qOA5J5B_Jd, 6476106]
[options, [169.0, 414.5, 239.0, 46.5], qOA5J5B_Jd, 6476106]
[options, [169.0, 461.0, 239.0, 46.5], qOA5J5B_Jd, 6476106]
[options, [169.0, 507.5, 239.0, 46.5], qOA5J5B_Jd, 6476106]
[options, [169.0, 554.0, 239.0, 46.5], qOA5J5B_Jd, 6476106]
[options, [169.0, 600.5, 239.0, 46.5], qOA5J5B_Jd, 6476106]
[options, [169.0, 647.0, 239.0, 46.5], qOA5J5B_Jd, 6476106]
[sidebar, [169.0, 774.0, 1725.0, 46.5], FAGbNiK-7V, 6476106]
[sidebar, [169.0, 820.5, 1725.0, 46.5], FAGbNiK-7V, 6476106]
[sidebar, [169.0, 867.0, 1725.0, 46.5], FAGbNiK-7V, 6476106]
[sidebar, [169.0, 913.5, 1725.0, 46.5], FAGbNiK-7V, 6476106]
[options, [182.0, 1055.0, 375.0, 46.5], y6puOeUXaZ, 6476106]
[options, [182.0, 1101.5, 375.0, 46.5], y6puOeUXaZ, 6476106]
[options, [182.0, 1148.0, 375.0, 46.5], y6puOeUXaZ, 6476106]
[options, [182.0, 1194.5, 375.0, 46.5], y6puOeUXaZ, 6476106]
[options, [182.0, 1241.0, 375.0, 46.5], y6puOeUXaZ, 6476106]
[options, [182.0, 1287.5, 375.0, 46.5], y6puOeUXaZ, 6476106]
[options, [182.0, 1334.0, 375.0, 46.5], y6puOeUXaZ, 6476106]
[options, [182.0, 1380.5, 375.0, 46.5], y6puOeUXaZ, 6476106]
[options, [182.0, 1427.0, 375.0, 46.5], y6puOeUXaZ, 6476106]
[options, [182.0, 1473.5, 375.0, 46.5], y6puOeUXaZ, 6476106]
[options, [182.0, 1520.0, 375.0, 46.5], y6puOeUXaZ, 6476106]
[sidebar, [169.0, 1642.0, 1725.0, 46.5], F64EnYZYhj, 6476106]
[sidebar, [169.0, 1688.5, 1725.0, 46.5], F64EnYZYhj, 6476106]
[sidebar, [169.0, 1735.0, 1725.0, 46.5], F64EnYZYhj, 6476106]
[sidebar, [169.0, 1781.5, 1725.0, 46.5], F64EnYZYhj, 6476106]
[options, [179.0, 1934.0, 198.0, 46.5], eQV-tI1iBk, 6476106]
[options, [179.0, 1980.5, 198.0, 46.5], eQV-tI1iBk, 6476106]
[options, [179.0, 2027.0, 198.0, 46.5], eQV-tI1iBk, 6476106]
[options, [179.0, 2073.5, 198.0, 46.5], eQV-tI1iBk, 6476106]
[options, [179.0, 2120.0, 198.0, 46.5], eQV-tI1iBk, 6476106]
[options, [179.0, 2166.5, 198.0, 46.5], eQV-tI1iBk, 6476106]
[options, [179.0, 2213.0, 198.0, 46.5], eQV-tI1iBk, 6476106]
[options, [179.0, 2259.5, 198.0, 46.5], eQV-tI1iBk, 6476106]
[options, [179.0, 2306.0, 198.0, 46.5], eQV-tI1iBk, 6476106]
[options, [179.0, 2352.5, 198.0, 46.5], eQV-tI1iBk, 6476106]
[sidebar, [165.0, 2513.0, 1728.0, 46.5], Qwel8BjOP-, 6476106]
[sidebar, [165.0, 2559.5, 1728.0, 46.5], Qwel8BjOP-, 6476106]
