[1754, 1241]
[options, [669.0, 247.0, 140.0, 36.0], iu0Nh01X7t, 6476083]
[options, [669.0, 283.0, 140.0, 36.0], iu0Nh01X7t, 6476083]
[options, [669.0, 319.0, 140.0, 36.0], iu0Nh01X7t, 6476083]
[options, [669.0, 355.0, 140.0, 36.0], iu0Nh01X7t, 6476083]
[options, [669.0, 391.0, 140.0, 36.0], iu0Nh01X7t, 6476083]
[options, [181.0, 260.0, 351.0, 36.0], aMKX6JA-9J, 6476083]
[options, [181.0, 296.0, 351.0, 36.0], aMKX6JA-9J, 6476083]
[options, [181.0, 332.0, 351.0, 36.0], aMKX6JA-9J, 6476083]
[options, [181.0, 368.0, 351.0, 36.0], aMKX6JA-9J, 6476083]
[options, [181.0, 404.0, 351.0, 36.0], aMKX6JA-9J, 6476083]
[options, [181.0, 440.0, 351.0, 36.0], aMKX6JA-9J, 6476083]
[options, [671.0, 600.0, 232.0, 36.0], QvJLjoDDgN, 6476083]
[options, [671.0, 636.0, 232.0, 36.0], QvJLjoDDgN, 6476083]
[options, [671.0, 672.0, 232.0, 36.0], QvJLjoDDgN, 6476083]
[options, [671.0, 708.0, 232.0, 36.0], QvJLjoDDgN, 6476083]
[options, [671.0, 744.0, 232.0, 36.0], QvJLjoDDgN, 6476083]
[options, [671.0, 780.0, 232.0, 36.0], QvJLjoDDgN, 6476083]
[options, [176.0, 697.0, 355.0, 36.0], GFa7ao4fSg, 6476083]
[options, [176.0, 733.0, 355.0, 36.0], GFa7ao4fSg, 6476083]
[options, [176.0, 769.0, 355.0, 36.0], GFa7ao4fSg, 6476083]
[options, [176.0, 805.0, 355.0, 36.0], GFa7ao4fSg, 6476083]
[options, [176.0, 841.0, 355.0, 36.0], GFa7ao4fSg, 6476083]
[options, [176.0, 877.0, 355.0, 36.0], GFa7ao4fSg, 6476083]
[options, [673.0, 995.0, 366.0, 36.0], Bve2w0pMfO, 6476083]
[options, [673.0, 1031.0, 366.0, 36.0], Bve2w0pMfO, 6476083]
[options, [673.0, 1067.0, 366.0, 36.0], Bve2w0pMfO, 6476083]
[options, [673.0, 1103.0, 366.0, 36.0], Bve2w0pMfO, 6476083]
[options, [673.0, 1139.0, 366.0, 36.0], Bve2w0pMfO, 6476083]
[options, [673.0, 1175.0, 366.0, 36.0], Bve2w0pMfO, 6476083]
[options, [673.0, 1211.0, 366.0, 36.0], Bve2w0pMfO, 6476083]
[options, [673.0, 1247.0, 366.0, 36.0], Bve2w0pMfO, 6476083]
[options, [673.0, 1283.0, 366.0, 36.0], Bve2w0pMfO, 6476083]
[options, [673.0, 1319.0, 366.0, 36.0], Bve2w0pMfO, 6476083]
[options, [176.0, 1144.0, 170.0, 36.0], gjQ5kJZsB5, 6476083]
[options, [176.0, 1180.0, 170.0, 36.0], gjQ5kJZsB5, 6476083]
[options, [176.0, 1216.0, 170.0, 36.0], gjQ5kJZsB5, 6476083]
[options, [176.0, 1252.0, 170.0, 36.0], gjQ5kJZsB5, 6476083]
[options, [176.0, 1288.0, 170.0, 36.0], gjQ5kJZsB5, 6476083]
[options, [176.0, 1324.0, 170.0, 36.0], gjQ5kJZsB5, 6476083]
