[1650, 1275]
[options, [129.0, 148.0, 218.0, 36.0], bZvKUMy1dE, 5747578]
[options, [129.0, 184.0, 218.0, 36.0], bZvKUMy1dE, 5747578]
[options, [129.0, 220.0, 218.0, 36.0], bZvKUMy1dE, 5747578]
[options, [129.0, 256.0, 218.0, 36.0], bZvKUMy1dE, 5747578]
[options, [129.0, 292.0, 218.0, 36.0], bZvKUMy1dE, 5747578]
[options, [129.0, 328.0, 218.0, 36.0], bZvKUMy1dE, 5747578]
[options, [78.0, 411.0, 173.0, 36.0], RV9iJjMs9J, 5747578]
[options, [78.0, 447.0, 173.0, 36.0], RV9iJjMs9J, 5747578]
[options, [78.0, 483.0, 173.0, 36.0], RV9iJjMs9J, 5747578]
[options, [78.0, 519.0, 173.0, 36.0], RV9iJjMs9J, 5747578]
[sidebar, [75.0, 598.0, 1132.0, 36.0], MKAynkOGrM, 5747578]
[sidebar, [75.0, 634.0, 1132.0, 36.0], MKAynkOGrM, 5747578]
[options, [135.0, 842.0, 191.0, 36.0], WTFsV8jRxf, 5747578]
[options, [135.0, 878.0, 191.0, 36.0], WTFsV8jRxf, 5747578]
[options, [135.0, 914.0, 191.0, 36.0], WTFsV8jRxf, 5747578]
[options, [135.0, 950.0, 191.0, 36.0], WTFsV8jRxf, 5747578]
[options, [135.0, 986.0, 191.0, 36.0], WTFsV8jRxf, 5747578]
[options, [135.0, 1022.0, 191.0, 36.0], WTFsV8jRxf, 5747578]
[options, [78.0, 1105.0, 178.0, 36.0], 8IXvYjX0YQ, 5747578]
[options, [78.0, 1141.0, 178.0, 36.0], 8IXvYjX0YQ, 5747578]
[options, [78.0, 1177.0, 178.0, 36.0], 8IXvYjX0YQ, 5747578]
[sidebar, [73.0, 1279.0, 1134.0, 36.0], Ow4BW3RaXa, 5747578]
[sidebar, [73.0, 1315.0, 1134.0, 36.0], Ow4BW3RaXa, 5747578]
