[1650, 1275]
[options, [132.0, 151.0, 199.0, 36.0], z-m_ThaV50, 5747913]
[options, [132.0, 187.0, 199.0, 36.0], z-m_ThaV50, 5747913]
[options, [132.0, 223.0, 199.0, 36.0], z-m_ThaV50, 5747913]
[options, [132.0, 259.0, 199.0, 36.0], z-m_ThaV50, 5747913]
[options, [132.0, 295.0, 199.0, 36.0], z-m_ThaV50, 5747913]
[options, [132.0, 331.0, 199.0, 36.0], z-m_ThaV50, 5747913]
[options, [79.0, 403.0, 164.0, 36.0], WdtAQhrrrB, 5747913]
[options, [79.0, 439.0, 164.0, 36.0], WdtAQhrrrB, 5747913]
[options, [79.0, 475.0, 164.0, 36.0], WdtAQhrrrB, 5747913]
[options, [79.0, 511.0, 164.0, 36.0], WdtAQhrrrB, 5747913]
[sidebar, [79.0, 582.0, 1112.0, 36.0], XtL3geUmga, 5747913]
[sidebar, [79.0, 618.0, 1112.0, 36.0], XtL3geUmga, 5747913]
[options, [130.0, 762.0, 189.0, 36.0], ECJG-u2W2h, 5747913]
[options, [130.0, 798.0, 189.0, 36.0], ECJG-u2W2h, 5747913]
[options, [130.0, 834.0, 189.0, 36.0], ECJG-u2W2h, 5747913]
[options, [130.0, 870.0, 189.0, 36.0], ECJG-u2W2h, 5747913]
[options, [130.0, 906.0, 189.0, 36.0], ECJG-u2W2h, 5747913]
[options, [130.0, 942.0, 189.0, 36.0], ECJG-u2W2h, 5747913]
[options, [87.0, 1016.0, 153.0, 36.0], ABcNiZNPEf, 5747913]
[options, [87.0, 1052.0, 153.0, 36.0], ABcNiZNPEf, 5747913]
[options, [87.0, 1088.0, 153.0, 36.0], ABcNiZNPEf, 5747913]
[options, [87.0, 1124.0, 153.0, 36.0], ABcNiZNPEf, 5747913]
[sidebar, [87.0, 1199.0, 1092.0, 36.0], shoonya_1sNSF0CEQCGYKH, 5747913]
[sidebar, [87.0, 1235.0, 1092.0, 36.0], shoonya_1sNSF0CEQCGYKH, 5747913]
