[1650, 1275]
[options, [133.0, 438.0, 516.0, 36.0], -TkCJeL9aa, 5747906]
[options, [133.0, 474.0, 516.0, 36.0], -TkCJeL9aa, 5747906]
[options, [133.0, 510.0, 516.0, 36.0], -TkCJeL9aa, 5747906]
[options, [133.0, 546.0, 516.0, 36.0], -TkCJeL9aa, 5747906]
[options, [133.0, 582.0, 516.0, 36.0], -TkCJeL9aa, 5747906]
[options, [133.0, 618.0, 516.0, 36.0], -TkCJeL9aa, 5747906]
[options, [92.0, 699.0, 162.0, 36.0], 4hdBDaB9kM, 5747906]
[options, [92.0, 735.0, 162.0, 36.0], 4hdBDaB9kM, 5747906]
[options, [92.0, 771.0, 162.0, 36.0], 4hdBDaB9kM, 5747906]
[options, [92.0, 807.0, 162.0, 36.0], 4hdBDaB9kM, 5747906]
[sidebar, [82.0, 873.0, 1104.0, 36.0], RJtHcfBvyc, 5747906]
[sidebar, [82.0, 909.0, 1104.0, 36.0], RJtHcfBvyc, 5747906]
[options, [140.0, 1243.0, 519.0, 36.0], xDrVpbXqQ2, 5747906]
[options, [140.0, 1279.0, 519.0, 36.0], xDrVpbXqQ2, 5747906]
[options, [140.0, 1315.0, 519.0, 36.0], xDrVpbXqQ2, 5747906]
[options, [140.0, 1351.0, 519.0, 36.0], xDrVpbXqQ2, 5747906]
[options, [140.0, 1387.0, 519.0, 36.0], xDrVpbXqQ2, 5747906]
[options, [140.0, 1423.0, 519.0, 36.0], xDrVpbXqQ2, 5747906]
[options, [82.0, 1498.0, 175.0, 36.0], H1NpN5opeU, 5747906]
[options, [82.0, 1534.0, 175.0, 36.0], H1NpN5opeU, 5747906]
