[1650, 1275]
[options, [129.0, 467.0, 175.0, 36.0], XhoiHiEgKc, 5747956]
[options, [129.0, 503.0, 175.0, 36.0], XhoiHiEgKc, 5747956]
[options, [129.0, 539.0, 175.0, 36.0], XhoiHiEgKc, 5747956]
[options, [129.0, 575.0, 175.0, 36.0], XhoiHiEgKc, 5747956]
[options, [129.0, 611.0, 175.0, 36.0], XhoiHiEgKc, 5747956]
[options, [81.0, 684.0, 185.0, 36.0], m0-BnONy8b, 5747956]
[options, [81.0, 720.0, 185.0, 36.0], m0-BnONy8b, 5747956]
[options, [81.0, 756.0, 185.0, 36.0], m0-BnONy8b, 5747956]
[options, [81.0, 792.0, 185.0, 36.0], m0-BnONy8b, 5747956]
[sidebar, [76.0, 861.0, 1118.0, 36.0], uiWsF7ImKX, 5747956]
[sidebar, [76.0, 897.0, 1118.0, 36.0], uiWsF7ImKX, 5747956]
[options, [135.0, 1353.0, 172.0, 36.0], EfqGpwbJPb, 5747956]
[options, [135.0, 1389.0, 172.0, 36.0], EfqGpwbJPb, 5747956]
[options, [135.0, 1425.0, 172.0, 36.0], EfqGpwbJPb, 5747956]
[options, [135.0, 1461.0, 172.0, 36.0], EfqGpwbJPb, 5747956]
[options, [135.0, 1497.0, 172.0, 36.0], EfqGpwbJPb, 5747956]
