[1650, 1275]
[options, [132.0, 156.0, 183.0, 36.0], CtFyjPn_dU, 5747775]
[options, [132.0, 192.0, 183.0, 36.0], CtFyjPn_dU, 5747775]
[options, [132.0, 228.0, 183.0, 36.0], CtFyjPn_dU, 5747775]
[options, [132.0, 264.0, 183.0, 36.0], CtFyjPn_dU, 5747775]
[options, [132.0, 300.0, 183.0, 36.0], CtFyjPn_dU, 5747775]
[options, [132.0, 336.0, 183.0, 36.0], CtFyjPn_dU, 5747775]
[options, [84.0, 406.0, 188.0, 36.0], Y7IYBXfvfQ, 5747775]
[options, [84.0, 442.0, 188.0, 36.0], Y7IYBXfvfQ, 5747775]
[options, [84.0, 478.0, 188.0, 36.0], Y7IYBXfvfQ, 5747775]
[options, [84.0, 514.0, 188.0, 36.0], Y7IYBXfvfQ, 5747775]
[sidebar, [79.0, 588.0, 1117.0, 36.0], m8mXR1IJi7, 5747775]
[sidebar, [79.0, 624.0, 1117.0, 36.0], m8mXR1IJi7, 5747775]
[options, [133.0, 762.0, 180.0, 36.0], wpk1F3jY4k, 5747775]
[options, [133.0, 798.0, 180.0, 36.0], wpk1F3jY4k, 5747775]
[options, [133.0, 834.0, 180.0, 36.0], wpk1F3jY4k, 5747775]
[options, [133.0, 870.0, 180.0, 36.0], wpk1F3jY4k, 5747775]
[options, [133.0, 906.0, 180.0, 36.0], wpk1F3jY4k, 5747775]
[options, [133.0, 942.0, 180.0, 36.0], wpk1F3jY4k, 5747775]
[options, [81.0, 1028.0, 180.0, 36.0], GNGsm6VnfF, 5747775]
[options, [81.0, 1064.0, 180.0, 36.0], GNGsm6VnfF, 5747775]
[options, [81.0, 1100.0, 180.0, 36.0], GNGsm6VnfF, 5747775]
[sidebar, [81.0, 1203.0, 1122.0, 36.0], 2KKpe0gKmj, 5747775]
[sidebar, [81.0, 1239.0, 1122.0, 36.0], 2KKpe0gKmj, 5747775]
