[1650, 1275]
[sidebar, [56.0, 54.0, 1151.0, 36.0], B1UW8kgz61, 5747732]
[sidebar, [56.0, 90.0, 1151.0, 36.0], B1UW8kgz61, 5747732]
[options, [120.0, 221.0, 1104.0, 36.0], rJWDZhB1t-, 5747732]
[options, [120.0, 257.0, 1104.0, 36.0], rJWDZhB1t-, 5747732]
[options, [120.0, 293.0, 1104.0, 36.0], rJWDZhB1t-, 5747732]
[options, [120.0, 329.0, 1104.0, 36.0], rJWDZhB1t-, 5747732]
[options, [120.0, 365.0, 1104.0, 36.0], rJWDZhB1t-, 5747732]
[options, [120.0, 401.0, 1104.0, 36.0], rJWDZhB1t-, 5747732]
[options, [69.0, 492.0, 205.0, 36.0], TEiu8jzISn, 5747732]
[options, [69.0, 528.0, 205.0, 36.0], TEiu8jzISn, 5747732]
[options, [69.0, 564.0, 205.0, 36.0], TEiu8jzISn, 5747732]
[options, [69.0, 600.0, 205.0, 36.0], TEiu8jzISn, 5747732]
[sidebar, [65.0, 664.0, 1131.0, 36.0], uKqWWGfY7M, 5747732]
[sidebar, [65.0, 700.0, 1131.0, 36.0], uKqWWGfY7M, 5747732]
[options, [125.0, 1022.0, 593.0, 36.0], X8O6h3Kbbb, 5747732]
[options, [125.0, 1058.0, 593.0, 36.0], X8O6h3Kbbb, 5747732]
[options, [125.0, 1094.0, 593.0, 36.0], X8O6h3Kbbb, 5747732]
[options, [125.0, 1130.0, 593.0, 36.0], X8O6h3Kbbb, 5747732]
[options, [125.0, 1166.0, 593.0, 36.0], X8O6h3Kbbb, 5747732]
[options, [125.0, 1202.0, 593.0, 36.0], X8O6h3Kbbb, 5747732]
[options, [78.0, 1286.0, 183.0, 36.0], VVHDdc_f0p, 5747732]
[options, [78.0, 1322.0, 183.0, 36.0], VVHDdc_f0p, 5747732]
[options, [78.0, 1358.0, 183.0, 36.0], VVHDdc_f0p, 5747732]
[options, [78.0, 1394.0, 183.0, 36.0], VVHDdc_f0p, 5747732]
[sidebar, [81.0, 1466.0, 1101.0, 36.0], lyyXSVdmbL, 5747732]
[sidebar, [81.0, 1502.0, 1101.0, 36.0], lyyXSVdmbL, 5747732]
