[1650, 1275]
[paragraph, [114.0, 137.0, 969.0, 36.0], WvLPKSgNit, 5747465]
[paragraph, [109.0, 216.0, 981.0, 36.0], l4rOUEC52X, 5747465]
[paragraph, [111.0, 275.0, 1059.0, 36.0], H45DY4w1Bt, 5747465]
[paragraph, [111.0, 358.0, 1061.0, 36.0], EQoirrijM4, 5747465]
[paragraph, [109.0, 441.0, 1055.0, 36.0], 96MlHzv-Tz, 5747465]
[paragraph, [116.0, 526.0, 1029.0, 36.0], 4fFRQg4y4I, 5747465]
[paragraph, [113.0, 605.0, 1024.0, 36.0], mcaTDQUCt2, 5747465]
[paragraph, [114.0, 666.0, 1031.0, 36.0], xATNFouagZ, 5747465]
[paragraph, [113.0, 718.0, 1066.0, 36.0], DMb0QNbMAO, 5747465]
[paragraph, [113.0, 805.0, 1019.0, 36.0], u3tbpzVa6I, 5747465]
[sidebar, [82.0, 945.0, 1098.0, 36.0], fGVKD_SSrZ, 5747465]
[sidebar, [82.0, 981.0, 1098.0, 36.0], fGVKD_SSrZ, 5747465]
[options, [140.0, 1114.0, 1040.0, 36.0], nZJxk7jY5w, 5747465]
[options, [140.0, 1150.0, 1040.0, 36.0], nZJxk7jY5w, 5747465]
[options, [140.0, 1186.0, 1040.0, 36.0], nZJxk7jY5w, 5747465]
[options, [140.0, 1222.0, 1040.0, 36.0], nZJxk7jY5w, 5747465]
[options, [140.0, 1258.0, 1040.0, 36.0], nZJxk7jY5w, 5747465]
[options, [140.0, 1294.0, 1040.0, 36.0], nZJxk7jY5w, 5747465]
[options, [140.0, 1330.0, 1040.0, 36.0], nZJxk7jY5w, 5747465]
[options, [140.0, 1366.0, 1040.0, 36.0], nZJxk7jY5w, 5747465]
[options, [86.0, 1422.0, 156.0, 36.0], kLbYSG-VoP, 5747465]
[options, [86.0, 1458.0, 156.0, 36.0], kLbYSG-VoP, 5747465]
[options, [86.0, 1494.0, 156.0, 36.0], kLbYSG-VoP, 5747465]
[options, [86.0, 1530.0, 156.0, 36.0], kLbYSG-VoP, 5747465]
