[908, 594]
[folio, [275.0, 48.0, 120.0, 18.0], ebWfVKpsp3, 5748040]
[options, [56.0, 76.0, 102.0, 18.0], MxY5Vu0v_N, 5748040]
[options, [56.0, 94.0, 102.0, 18.0], MxY5Vu0v_N, 5748040]
[options, [56.0, 112.0, 102.0, 18.0], MxY5Vu0v_N, 5748040]
[options, [56.0, 130.0, 102.0, 18.0], MxY5Vu0v_N, 5748040]
[options, [56.0, 148.0, 102.0, 18.0], MxY5Vu0v_N, 5748040]
[options, [56.0, 166.0, 102.0, 18.0], MxY5Vu0v_N, 5748040]
[options, [56.0, 184.0, 102.0, 18.0], MxY5Vu0v_N, 5748040]
[answer, [58.0, 223.0, 177.0, 18.0], n93Lf013RL, 5748040]
[answer, [58.0, 241.0, 177.0, 18.0], n93Lf013RL, 5748040]
[answer, [57.0, 266.0, 187.0, 18.0], sKgpQ5_62M, 5748040]
[options, [61.0, 408.0, 101.0, 18.0], 7eItpqG9Di, 5748040]
[options, [61.0, 426.0, 101.0, 18.0], 7eItpqG9Di, 5748040]
[options, [61.0, 444.0, 101.0, 18.0], 7eItpqG9Di, 5748040]
[options, [61.0, 462.0, 101.0, 18.0], 7eItpqG9Di, 5748040]
[options, [61.0, 480.0, 101.0, 18.0], 7eItpqG9Di, 5748040]
[options, [61.0, 498.0, 101.0, 18.0], 7eItpqG9Di, 5748040]
[options, [61.0, 516.0, 101.0, 18.0], 7eItpqG9Di, 5748040]
[answer, [60.0, 560.0, 203.0, 18.0], 323xw8xkRE, 5748040]
[answer, [56.0, 599.0, 198.0, 18.0], yz-DF6qZ6C, 5748040]
[answer, [56.0, 617.0, 198.0, 18.0], yz-DF6qZ6C, 5748040]
