[1650, 1275]
[sidebar, [81.0, 56.0, 1114.0, 36.0], shoonya_0sVE1YK0WLNMFW, 5747460]
[sidebar, [81.0, 92.0, 1114.0, 36.0], shoonya_0sVE1YK0WLNMFW, 5747460]
[options, [132.0, 229.0, 151.0, 36.0], wYYD3lAPRY, 5747460]
[options, [132.0, 265.0, 151.0, 36.0], wYYD3lAPRY, 5747460]
[options, [132.0, 301.0, 151.0, 36.0], wYYD3lAPRY, 5747460]
[options, [132.0, 337.0, 151.0, 36.0], wYYD3lAPRY, 5747460]
[options, [132.0, 373.0, 151.0, 36.0], wYYD3lAPRY, 5747460]
[options, [132.0, 409.0, 151.0, 36.0], wYYD3lAPRY, 5747460]
[options, [84.0, 489.0, 172.0, 36.0], 91pcV1kj3i, 5747460]
[options, [84.0, 525.0, 172.0, 36.0], 91pcV1kj3i, 5747460]
[options, [84.0, 561.0, 172.0, 36.0], 91pcV1kj3i, 5747460]
[options, [84.0, 597.0, 172.0, 36.0], 91pcV1kj3i, 5747460]
[sidebar, [71.0, 669.0, 1118.0, 36.0], LMpilMbiFA, 5747460]
[sidebar, [71.0, 705.0, 1118.0, 36.0], LMpilMbiFA, 5747460]
[options, [133.0, 840.0, 149.0, 36.0], sQYa2tA-_P, 5747460]
[options, [133.0, 876.0, 149.0, 36.0], sQYa2tA-_P, 5747460]
[options, [133.0, 912.0, 149.0, 36.0], sQYa2tA-_P, 5747460]
[options, [133.0, 948.0, 149.0, 36.0], sQYa2tA-_P, 5747460]
[options, [133.0, 984.0, 149.0, 36.0], sQYa2tA-_P, 5747460]
[options, [133.0, 1020.0, 149.0, 36.0], sQYa2tA-_P, 5747460]
[options, [81.0, 1106.0, 175.0, 36.0], mt1NofaH-f, 5747460]
[options, [81.0, 1142.0, 175.0, 36.0], mt1NofaH-f, 5747460]
[options, [81.0, 1178.0, 175.0, 36.0], mt1NofaH-f, 5747460]
[options, [81.0, 1214.0, 175.0, 36.0], mt1NofaH-f, 5747460]
[sidebar, [79.0, 1286.0, 1115.0, 36.0], ADYBnDldS6, 5747460]
[sidebar, [79.0, 1322.0, 1115.0, 36.0], ADYBnDldS6, 5747460]
