[1650, 1275]
[options, [137.0, 146.0, 721.0, 36.0], J6Qa73ZiUV, 5747609]
[options, [137.0, 182.0, 721.0, 36.0], J6Qa73ZiUV, 5747609]
[options, [137.0, 218.0, 721.0, 36.0], J6Qa73ZiUV, 5747609]
[options, [137.0, 254.0, 721.0, 36.0], J6Qa73ZiUV, 5747609]
[options, [137.0, 290.0, 721.0, 36.0], J6Qa73ZiUV, 5747609]
[options, [137.0, 326.0, 721.0, 36.0], J6Qa73ZiUV, 5747609]
[options, [89.0, 408.0, 151.0, 36.0], zgPxPVzPyv, 5747609]
[options, [89.0, 444.0, 151.0, 36.0], zgPxPVzPyv, 5747609]
[options, [89.0, 480.0, 151.0, 36.0], zgPxPVzPyv, 5747609]
[options, [89.0, 516.0, 151.0, 36.0], zgPxPVzPyv, 5747609]
[sidebar, [81.0, 581.0, 1099.0, 36.0], m_w_WdHsrx, 5747609]
[sidebar, [81.0, 617.0, 1099.0, 36.0], m_w_WdHsrx, 5747609]
[options, [140.0, 763.0, 720.0, 36.0], -2EjNKHi9G, 5747609]
[options, [140.0, 799.0, 720.0, 36.0], -2EjNKHi9G, 5747609]
[options, [140.0, 835.0, 720.0, 36.0], -2EjNKHi9G, 5747609]
[options, [140.0, 871.0, 720.0, 36.0], -2EjNKHi9G, 5747609]
[options, [140.0, 907.0, 720.0, 36.0], -2EjNKHi9G, 5747609]
[options, [140.0, 943.0, 720.0, 36.0], -2EjNKHi9G, 5747609]
[options, [82.0, 1023.0, 164.0, 36.0], bmvvU6xIlI, 5747609]
[options, [82.0, 1059.0, 164.0, 36.0], bmvvU6xIlI, 5747609]
[options, [82.0, 1095.0, 164.0, 36.0], bmvvU6xIlI, 5747609]
[options, [82.0, 1131.0, 164.0, 36.0], bmvvU6xIlI, 5747609]
[sidebar, [84.0, 1200.0, 1101.0, 36.0], HvnIux2STB, 5747609]
[sidebar, [84.0, 1236.0, 1101.0, 36.0], HvnIux2STB, 5747609]
