[1650, 1275]
[options, [134.0, 150.0, 209.0, 36.0], rPOe2wCldY, 5747889]
[options, [134.0, 186.0, 209.0, 36.0], rPOe2wCldY, 5747889]
[options, [134.0, 222.0, 209.0, 36.0], rPOe2wCldY, 5747889]
[options, [134.0, 258.0, 209.0, 36.0], rPOe2wCldY, 5747889]
[options, [134.0, 294.0, 209.0, 36.0], rPOe2wCldY, 5747889]
[options, [134.0, 330.0, 209.0, 36.0], rPOe2wCldY, 5747889]
[options, [76.0, 398.0, 193.0, 36.0], RL558Vz46s, 5747889]
[options, [76.0, 434.0, 193.0, 36.0], RL558Vz46s, 5747889]
[options, [76.0, 470.0, 193.0, 36.0], RL558Vz46s, 5747889]
[options, [76.0, 506.0, 193.0, 36.0], RL558Vz46s, 5747889]
[sidebar, [81.0, 582.0, 1115.0, 36.0], q4LCCaa-wP, 5747889]
[sidebar, [81.0, 618.0, 1115.0, 36.0], q4LCCaa-wP, 5747889]
[options, [135.0, 757.0, 196.0, 36.0], 5iBUY_Cutm, 5747889]
[options, [135.0, 793.0, 196.0, 36.0], 5iBUY_Cutm, 5747889]
[options, [135.0, 829.0, 196.0, 36.0], 5iBUY_Cutm, 5747889]
[options, [135.0, 865.0, 196.0, 36.0], 5iBUY_Cutm, 5747889]
[options, [135.0, 901.0, 196.0, 36.0], 5iBUY_Cutm, 5747889]
[options, [135.0, 937.0, 196.0, 36.0], 5iBUY_Cutm, 5747889]
[options, [84.0, 1013.0, 162.0, 36.0], OJmZGpNxhI, 5747889]
[options, [84.0, 1049.0, 162.0, 36.0], OJmZGpNxhI, 5747889]
[options, [84.0, 1085.0, 162.0, 36.0], OJmZGpNxhI, 5747889]
[options, [84.0, 1121.0, 162.0, 36.0], OJmZGpNxhI, 5747889]
[sidebar, [86.0, 1193.0, 1118.0, 36.0], 08KhGg5SZZ, 5747889]
[sidebar, [86.0, 1229.0, 1118.0, 36.0], 08KhGg5SZZ, 5747889]
[sidebar, [86.0, 1265.0, 1118.0, 36.0], 08KhGg5SZZ, 5747889]
