[1650, 1275]
[options, [137.0, 621.0, 153.0, 36.0], t3sPs2RtOM, 5747503]
[options, [137.0, 657.0, 153.0, 36.0], t3sPs2RtOM, 5747503]
[options, [137.0, 693.0, 153.0, 36.0], t3sPs2RtOM, 5747503]
[options, [137.0, 729.0, 153.0, 36.0], t3sPs2RtOM, 5747503]
[options, [137.0, 765.0, 153.0, 36.0], t3sPs2RtOM, 5747503]
[options, [81.0, 846.0, 168.0, 36.0], W4ealA9b5F, 5747503]
[options, [81.0, 882.0, 168.0, 36.0], W4ealA9b5F, 5747503]
[options, [81.0, 918.0, 168.0, 36.0], W4ealA9b5F, 5747503]
[options, [81.0, 954.0, 168.0, 36.0], W4ealA9b5F, 5747503]
[sidebar, [71.0, 1028.0, 1120.0, 36.0], vbZWtlTLf_, 5747503]
[sidebar, [71.0, 1064.0, 1120.0, 36.0], vbZWtlTLf_, 5747503]
