[1650, 1275]
[options, [141.0, 189.0, 352.0, 36.0], QqVB--9NWq, 5747584]
[options, [141.0, 225.0, 352.0, 36.0], QqVB--9NWq, 5747584]
[options, [141.0, 261.0, 352.0, 36.0], QqVB--9NWq, 5747584]
[options, [141.0, 297.0, 352.0, 36.0], QqVB--9NWq, 5747584]
[options, [141.0, 333.0, 352.0, 36.0], QqVB--9NWq, 5747584]
[options, [141.0, 369.0, 352.0, 36.0], QqVB--9NWq, 5747584]
[options, [87.0, 455.0, 175.0, 36.0], mPX9RvQPbh, 5747584]
[options, [87.0, 491.0, 175.0, 36.0], mPX9RvQPbh, 5747584]
[options, [87.0, 527.0, 175.0, 36.0], mPX9RvQPbh, 5747584]
[sidebar, [86.0, 628.0, 1129.0, 36.0], 1qqjSi9XHq, 5747584]
[sidebar, [86.0, 664.0, 1129.0, 36.0], 1qqjSi9XHq, 5747584]
[options, [135.0, 841.0, 454.0, 36.0], ylq11LAl8s, 5747584]
[options, [135.0, 877.0, 454.0, 36.0], ylq11LAl8s, 5747584]
[options, [135.0, 913.0, 454.0, 36.0], ylq11LAl8s, 5747584]
[options, [135.0, 949.0, 454.0, 36.0], ylq11LAl8s, 5747584]
[options, [127.0, 1117.0, 197.0, 36.0], vwPo61Rqu9, 5747584]
[options, [127.0, 1153.0, 197.0, 36.0], vwPo61Rqu9, 5747584]
[options, [127.0, 1189.0, 197.0, 36.0], vwPo61Rqu9, 5747584]
[options, [127.0, 1225.0, 197.0, 36.0], vwPo61Rqu9, 5747584]
[options, [127.0, 1261.0, 197.0, 36.0], vwPo61Rqu9, 5747584]
[options, [127.0, 1297.0, 197.0, 36.0], vwPo61Rqu9, 5747584]
[options, [127.0, 1333.0, 197.0, 36.0], vwPo61Rqu9, 5747584]
[options, [90.0, 1398.0, 168.0, 36.0], BcSlzcFpYf, 5747584]
[options, [90.0, 1434.0, 168.0, 36.0], BcSlzcFpYf, 5747584]
[options, [90.0, 1470.0, 168.0, 36.0], BcSlzcFpYf, 5747584]
[options, [90.0, 1506.0, 168.0, 36.0], BcSlzcFpYf, 5747584]
