[2726, 1786]
[options, [286.0, 458.0, 1140.0, 46.5], tH311gSdKx, 5747882]
[options, [286.0, 504.5, 1140.0, 46.5], tH311gSdKx, 5747882]
[options, [286.0, 551.0, 1140.0, 46.5], tH311gSdKx, 5747882]
[options, [286.0, 597.5, 1140.0, 46.5], tH311gSdKx, 5747882]
[options, [286.0, 644.0, 1140.0, 46.5], tH311gSdKx, 5747882]
[options, [286.0, 690.5, 1140.0, 46.5], tH311gSdKx, 5747882]
[options, [286.0, 737.0, 1140.0, 46.5], tH311gSdKx, 5747882]
[options, [286.0, 783.5, 1140.0, 46.5], tH311gSdKx, 5747882]
[options, [286.0, 1112.0, 1370.0, 46.5], KDzZabwWqf, 5747882]
[options, [286.0, 1158.5, 1370.0, 46.5], KDzZabwWqf, 5747882]
[options, [286.0, 1205.0, 1370.0, 46.5], KDzZabwWqf, 5747882]
[options, [286.0, 1251.5, 1370.0, 46.5], KDzZabwWqf, 5747882]
[options, [286.0, 1298.0, 1370.0, 46.5], KDzZabwWqf, 5747882]
[options, [286.0, 1344.5, 1370.0, 46.5], KDzZabwWqf, 5747882]
[options, [286.0, 1391.0, 1370.0, 46.5], KDzZabwWqf, 5747882]
[options, [286.0, 1437.5, 1370.0, 46.5], KDzZabwWqf, 5747882]
[options, [286.0, 1484.0, 1370.0, 46.5], KDzZabwWqf, 5747882]
[options, [286.0, 1530.5, 1370.0, 46.5], KDzZabwWqf, 5747882]
[options, [286.0, 1577.0, 1370.0, 46.5], KDzZabwWqf, 5747882]
[options, [279.0, 1930.0, 476.0, 46.5], j9PJDZ1D9R, 5747882]
[options, [279.0, 1976.5, 476.0, 46.5], j9PJDZ1D9R, 5747882]
[options, [279.0, 2023.0, 476.0, 46.5], j9PJDZ1D9R, 5747882]
[options, [279.0, 2069.5, 476.0, 46.5], j9PJDZ1D9R, 5747882]
[options, [279.0, 2116.0, 476.0, 46.5], j9PJDZ1D9R, 5747882]
[options, [279.0, 2162.5, 476.0, 46.5], j9PJDZ1D9R, 5747882]
[options, [279.0, 2209.0, 476.0, 46.5], j9PJDZ1D9R, 5747882]
[options, [279.0, 2255.5, 476.0, 46.5], j9PJDZ1D9R, 5747882]
