[842, 596]
[sidebar, [457.0, 57.0, 73.0, 18.0], kugwQ1O5-y, 5747897]
[folio, [55.0, 59.0, 71.0, 18.0], 5SAAFrsKs3, 5747897]
[options, [83.0, 160.0, 93.0, 18.0], kyEO6ySrzK, 5747897]
[options, [83.0, 178.0, 93.0, 18.0], kyEO6ySrzK, 5747897]
[options, [83.0, 196.0, 93.0, 18.0], kyEO6ySrzK, 5747897]
[options, [83.0, 214.0, 93.0, 18.0], kyEO6ySrzK, 5747897]
[options, [83.0, 232.0, 93.0, 18.0], kyEO6ySrzK, 5747897]
[options, [83.0, 250.0, 93.0, 18.0], kyEO6ySrzK, 5747897]
[options, [340.0, 185.0, 193.0, 18.0], SmY_vrZRqf, 5747897]
[options, [340.0, 203.0, 193.0, 18.0], SmY_vrZRqf, 5747897]
[options, [340.0, 221.0, 193.0, 18.0], SmY_vrZRqf, 5747897]
[options, [340.0, 239.0, 193.0, 18.0], SmY_vrZRqf, 5747897]
[options, [340.0, 257.0, 193.0, 18.0], SmY_vrZRqf, 5747897]
[options, [340.0, 275.0, 193.0, 18.0], SmY_vrZRqf, 5747897]
[placeholder-text, [153.0, 335.0, 46.0, 18.0], 4tq33rEG_f, 5747897]
[options, [80.0, 362.0, 116.0, 18.0], rCgb44BfnO, 5747897]
[options, [80.0, 380.0, 116.0, 18.0], rCgb44BfnO, 5747897]
[options, [80.0, 398.0, 116.0, 18.0], rCgb44BfnO, 5747897]
[options, [80.0, 416.0, 116.0, 18.0], rCgb44BfnO, 5747897]
[options, [80.0, 434.0, 116.0, 18.0], rCgb44BfnO, 5747897]
[options, [80.0, 452.0, 116.0, 18.0], rCgb44BfnO, 5747897]
[options, [338.0, 397.0, 117.0, 18.0], k4ZuZ9Qc2T, 5747897]
[options, [338.0, 415.0, 117.0, 18.0], k4ZuZ9Qc2T, 5747897]
[options, [338.0, 433.0, 117.0, 18.0], k4ZuZ9Qc2T, 5747897]
[options, [338.0, 451.0, 117.0, 18.0], k4ZuZ9Qc2T, 5747897]
[options, [335.0, 568.0, 195.0, 18.0], pWYQGtHKvC, 5747897]
[options, [335.0, 586.0, 195.0, 18.0], pWYQGtHKvC, 5747897]
[options, [335.0, 604.0, 195.0, 18.0], pWYQGtHKvC, 5747897]
[options, [335.0, 622.0, 195.0, 18.0], pWYQGtHKvC, 5747897]
[options, [335.0, 640.0, 195.0, 18.0], pWYQGtHKvC, 5747897]
[options, [335.0, 658.0, 195.0, 18.0], pWYQGtHKvC, 5747897]
[options, [335.0, 676.0, 195.0, 18.0], pWYQGtHKvC, 5747897]
[options, [335.0, 694.0, 195.0, 18.0], pWYQGtHKvC, 5747897]
[options, [81.0, 589.0, 96.0, 18.0], w5Aax66V4T, 5747897]
[options, [81.0, 607.0, 96.0, 18.0], w5Aax66V4T, 5747897]
[options, [81.0, 625.0, 96.0, 18.0], w5Aax66V4T, 5747897]
[options, [81.0, 643.0, 96.0, 18.0], w5Aax66V4T, 5747897]
[options, [81.0, 661.0, 96.0, 18.0], w5Aax66V4T, 5747897]
[options, [81.0, 679.0, 96.0, 18.0], w5Aax66V4T, 5747897]
