[1650, 1275]
[paragraph, [114.0, 124.0, 1078.0, 36.0], dJmKlupYQT, 5747902]
[paragraph, [114.0, 160.0, 1078.0, 36.0], dJmKlupYQT, 5747902]
[paragraph, [114.0, 196.0, 1078.0, 36.0], dJmKlupYQT, 5747902]
[paragraph, [114.0, 232.0, 1078.0, 36.0], dJmKlupYQT, 5747902]
[paragraph, [114.0, 268.0, 1078.0, 36.0], dJmKlupYQT, 5747902]
[paragraph, [111.0, 318.0, 1088.0, 36.0], mK26g6Es2i, 5747902]
[paragraph, [111.0, 354.0, 1088.0, 36.0], mK26g6Es2i, 5747902]
[paragraph, [111.0, 390.0, 1088.0, 36.0], mK26g6Es2i, 5747902]
[paragraph, [111.0, 426.0, 1088.0, 36.0], mK26g6Es2i, 5747902]
[paragraph, [111.0, 462.0, 1088.0, 36.0], mK26g6Es2i, 5747902]
[paragraph, [111.0, 498.0, 1088.0, 36.0], mK26g6Es2i, 5747902]
[paragraph, [111.0, 534.0, 1088.0, 36.0], mK26g6Es2i, 5747902]
[paragraph, [111.0, 570.0, 1088.0, 36.0], mK26g6Es2i, 5747902]
[paragraph, [111.0, 606.0, 1088.0, 36.0], mK26g6Es2i, 5747902]
[paragraph, [111.0, 642.0, 1088.0, 36.0], mK26g6Es2i, 5747902]
[paragraph, [111.0, 678.0, 1088.0, 36.0], mK26g6Es2i, 5747902]
[paragraph, [111.0, 714.0, 1088.0, 36.0], mK26g6Es2i, 5747902]
[paragraph, [111.0, 750.0, 1088.0, 36.0], mK26g6Es2i, 5747902]
[paragraph, [111.0, 786.0, 1088.0, 36.0], mK26g6Es2i, 5747902]
[paragraph, [111.0, 822.0, 1088.0, 36.0], mK26g6Es2i, 5747902]
[paragraph, [111.0, 858.0, 1088.0, 36.0], mK26g6Es2i, 5747902]
[sidebar, [81.0, 975.0, 1117.0, 36.0], AlgqAO6Vai, 5747902]
[sidebar, [81.0, 1011.0, 1117.0, 36.0], AlgqAO6Vai, 5747902]
[options, [135.0, 1146.0, 476.0, 36.0], cDRE7VhxRk, 5747902]
[options, [135.0, 1182.0, 476.0, 36.0], cDRE7VhxRk, 5747902]
[options, [135.0, 1218.0, 476.0, 36.0], cDRE7VhxRk, 5747902]
[options, [135.0, 1254.0, 476.0, 36.0], cDRE7VhxRk, 5747902]
[options, [135.0, 1290.0, 476.0, 36.0], cDRE7VhxRk, 5747902]
[options, [135.0, 1326.0, 476.0, 36.0], cDRE7VhxRk, 5747902]
[options, [82.0, 1415.0, 176.0, 36.0], DyJdh9XZMJ, 5747902]
[options, [82.0, 1451.0, 176.0, 36.0], DyJdh9XZMJ, 5747902]
[options, [82.0, 1487.0, 176.0, 36.0], DyJdh9XZMJ, 5747902]
