[1650, 1275]
[options, [89.0, 58.0, 165.0, 36.0], kBh-jq7Con, 5747871]
[sidebar, [84.0, 153.0, 1115.0, 36.0], FgeN98O51-, 5747871]
[sidebar, [84.0, 189.0, 1115.0, 36.0], FgeN98O51-, 5747871]
[options, [129.0, 483.0, 615.0, 36.0], PhJ7HiuBkx, 5747871]
[options, [129.0, 519.0, 615.0, 36.0], PhJ7HiuBkx, 5747871]
[options, [129.0, 555.0, 615.0, 36.0], PhJ7HiuBkx, 5747871]
[options, [129.0, 591.0, 615.0, 36.0], PhJ7HiuBkx, 5747871]
[options, [129.0, 627.0, 615.0, 36.0], PhJ7HiuBkx, 5747871]
[options, [129.0, 663.0, 615.0, 36.0], PhJ7HiuBkx, 5747871]
[options, [84.0, 746.0, 184.0, 36.0], UhbpKJBa7j, 5747871]
[options, [84.0, 782.0, 184.0, 36.0], UhbpKJBa7j, 5747871]
[options, [84.0, 818.0, 184.0, 36.0], UhbpKJBa7j, 5747871]
[sidebar, [84.0, 921.0, 1122.0, 36.0], 4eQWJh6i-Q, 5747871]
[sidebar, [84.0, 957.0, 1122.0, 36.0], 4eQWJh6i-Q, 5747871]
[options, [132.0, 1253.0, 597.0, 36.0], 9hV6TfbDII, 5747871]
[options, [132.0, 1289.0, 597.0, 36.0], 9hV6TfbDII, 5747871]
[options, [132.0, 1325.0, 597.0, 36.0], 9hV6TfbDII, 5747871]
[options, [132.0, 1361.0, 597.0, 36.0], 9hV6TfbDII, 5747871]
[options, [132.0, 1397.0, 597.0, 36.0], 9hV6TfbDII, 5747871]
[options, [132.0, 1433.0, 597.0, 36.0], 9hV6TfbDII, 5747871]
[options, [86.0, 1516.0, 167.0, 36.0], -vak9OGC9a, 5747871]
