[908, 594]
[options, [65.0, 78.0, 92.0, 18.0], amSgbAuWsC, 5747600]
[options, [65.0, 96.0, 92.0, 18.0], amSgbAuWsC, 5747600]
[options, [65.0, 114.0, 92.0, 18.0], amSgbAuWsC, 5747600]
[options, [65.0, 132.0, 92.0, 18.0], amSgbAuWsC, 5747600]
[options, [65.0, 150.0, 92.0, 18.0], amSgbAuWsC, 5747600]
[options, [65.0, 168.0, 92.0, 18.0], amSgbAuWsC, 5747600]
[options, [65.0, 186.0, 92.0, 18.0], amSgbAuWsC, 5747600]
[answer, [65.0, 225.0, 152.0, 18.0], nqMrx6H8No, 5747600]
[answer, [66.0, 269.0, 164.0, 18.0], s0a7SVnr6w, 5747600]
[options, [66.0, 371.0, 111.0, 18.0], zgqn7QVqN-, 5747600]
[options, [66.0, 389.0, 111.0, 18.0], zgqn7QVqN-, 5747600]
[options, [66.0, 407.0, 111.0, 18.0], zgqn7QVqN-, 5747600]
[options, [66.0, 425.0, 111.0, 18.0], zgqn7QVqN-, 5747600]
[answer, [66.0, 466.0, 200.0, 18.0], YpSF6XzKol, 5747600]
[answer, [60.0, 495.0, 196.0, 18.0], f2M-lSKa9E, 5747600]
[options, [62.0, 585.0, 154.0, 18.0], KFe1ZGk35g, 5747600]
[options, [62.0, 603.0, 154.0, 18.0], KFe1ZGk35g, 5747600]
[options, [62.0, 621.0, 154.0, 18.0], KFe1ZGk35g, 5747600]
[options, [62.0, 639.0, 154.0, 18.0], KFe1ZGk35g, 5747600]
[answer, [69.0, 678.0, 198.0, 18.0], lTAbMloiaY, 5747600]
[answer, [66.0, 708.0, 250.0, 18.0], ATK4ayqnZE, 5747600]
