[1650, 1275]
[options, [138.0, 618.0, 154.0, 36.0], Ei43kpKOaN, 5747482]
[options, [138.0, 654.0, 154.0, 36.0], Ei43kpKOaN, 5747482]
[options, [138.0, 690.0, 154.0, 36.0], Ei43kpKOaN, 5747482]
[options, [138.0, 726.0, 154.0, 36.0], Ei43kpKOaN, 5747482]
[options, [138.0, 762.0, 154.0, 36.0], Ei43kpKOaN, 5747482]
[options, [89.0, 844.0, 156.0, 36.0], GwPh-Ka8IS, 5747482]
[options, [89.0, 880.0, 156.0, 36.0], GwPh-Ka8IS, 5747482]
[options, [89.0, 916.0, 156.0, 36.0], GwPh-Ka8IS, 5747482]
[options, [89.0, 952.0, 156.0, 36.0], GwPh-Ka8IS, 5747482]
[sidebar, [84.0, 1017.0, 1098.0, 36.0], 3VQFmet2zO, 5747482]
[sidebar, [84.0, 1053.0, 1098.0, 36.0], 3VQFmet2zO, 5747482]
