[1650, 1275]
[options, [143.0, 149.0, 109.0, 36.0], _Cjf0JpqPW, 5747747]
[options, [143.0, 185.0, 109.0, 36.0], _Cjf0JpqPW, 5747747]
[options, [143.0, 221.0, 109.0, 36.0], _Cjf0JpqPW, 5747747]
[options, [143.0, 257.0, 109.0, 36.0], _Cjf0JpqPW, 5747747]
[options, [143.0, 293.0, 109.0, 36.0], _Cjf0JpqPW, 5747747]
[options, [143.0, 329.0, 109.0, 36.0], _Cjf0JpqPW, 5747747]
[options, [79.0, 405.0, 174.0, 36.0], shoonya_2sNIKYGAIF8R9D, 5747747]
[options, [79.0, 441.0, 174.0, 36.0], shoonya_2sNIKYGAIF8R9D, 5747747]
[options, [79.0, 477.0, 174.0, 36.0], shoonya_2sNIKYGAIF8R9D, 5747747]
[options, [79.0, 513.0, 174.0, 36.0], shoonya_2sNIKYGAIF8R9D, 5747747]
[sidebar, [89.0, 586.0, 1098.0, 36.0], lFxb7hsE-v, 5747747]
[sidebar, [89.0, 622.0, 1098.0, 36.0], lFxb7hsE-v, 5747747]
[options, [135.0, 765.0, 133.0, 36.0], 6uKOKmXfP2, 5747747]
[options, [135.0, 801.0, 133.0, 36.0], 6uKOKmXfP2, 5747747]
[options, [135.0, 837.0, 133.0, 36.0], 6uKOKmXfP2, 5747747]
[options, [135.0, 873.0, 133.0, 36.0], 6uKOKmXfP2, 5747747]
[options, [135.0, 909.0, 133.0, 36.0], 6uKOKmXfP2, 5747747]
[options, [135.0, 945.0, 133.0, 36.0], 6uKOKmXfP2, 5747747]
[options, [87.0, 1021.0, 153.0, 36.0], 6LIcOn2FRG, 5747747]
[options, [87.0, 1057.0, 153.0, 36.0], 6LIcOn2FRG, 5747747]
[options, [87.0, 1093.0, 153.0, 36.0], 6LIcOn2FRG, 5747747]
[options, [87.0, 1129.0, 153.0, 36.0], 6LIcOn2FRG, 5747747]
[sidebar, [74.0, 1202.0, 1102.0, 36.0], JjKm33Js1_, 5747747]
[sidebar, [74.0, 1238.0, 1102.0, 36.0], JjKm33Js1_, 5747747]
