[1650, 1275]
[options, [146.0, 146.0, 227.0, 36.0], shoonya_1sS1B0ZFPO06DD, 5747441]
[options, [146.0, 182.0, 227.0, 36.0], shoonya_1sS1B0ZFPO06DD, 5747441]
[options, [146.0, 218.0, 227.0, 36.0], shoonya_1sS1B0ZFPO06DD, 5747441]
[options, [146.0, 254.0, 227.0, 36.0], shoonya_1sS1B0ZFPO06DD, 5747441]
[options, [146.0, 290.0, 227.0, 36.0], shoonya_1sS1B0ZFPO06DD, 5747441]
[options, [146.0, 326.0, 227.0, 36.0], shoonya_1sS1B0ZFPO06DD, 5747441]
[options, [82.0, 408.0, 169.0, 36.0], ArHfmU3u-i, 5747441]
[options, [82.0, 444.0, 169.0, 36.0], ArHfmU3u-i, 5747441]
[options, [82.0, 480.0, 169.0, 36.0], ArHfmU3u-i, 5747441]
[sidebar, [79.0, 560.0, 1112.0, 36.0], HmQZLknwB6, 5747441]
[sidebar, [79.0, 596.0, 1112.0, 36.0], HmQZLknwB6, 5747441]
[options, [130.0, 765.0, 247.0, 36.0], WhZ93CI8g8, 5747441]
[options, [130.0, 801.0, 247.0, 36.0], WhZ93CI8g8, 5747441]
[options, [130.0, 837.0, 247.0, 36.0], WhZ93CI8g8, 5747441]
[options, [130.0, 873.0, 247.0, 36.0], WhZ93CI8g8, 5747441]
[options, [130.0, 909.0, 247.0, 36.0], WhZ93CI8g8, 5747441]
[options, [130.0, 945.0, 247.0, 36.0], WhZ93CI8g8, 5747441]
[options, [79.0, 1018.0, 193.0, 36.0], 75uGzs8ODa, 5747441]
[options, [79.0, 1054.0, 193.0, 36.0], 75uGzs8ODa, 5747441]
[options, [79.0, 1090.0, 193.0, 36.0], 75uGzs8ODa, 5747441]
[options, [79.0, 1126.0, 193.0, 36.0], 75uGzs8ODa, 5747441]
[sidebar, [79.0, 1201.0, 1099.0, 36.0], jByp5s5aJq, 5747441]
[sidebar, [79.0, 1237.0, 1099.0, 36.0], jByp5s5aJq, 5747441]
