[1650, 1275]
[options, [135.0, 145.0, 151.0, 36.0], jYSoRgVCKS, 5747957]
[options, [135.0, 181.0, 151.0, 36.0], jYSoRgVCKS, 5747957]
[options, [135.0, 217.0, 151.0, 36.0], jYSoRgVCKS, 5747957]
[options, [135.0, 253.0, 151.0, 36.0], jYSoRgVCKS, 5747957]
[options, [135.0, 289.0, 151.0, 36.0], jYSoRgVCKS, 5747957]
[options, [135.0, 325.0, 151.0, 36.0], jYSoRgVCKS, 5747957]
[options, [82.0, 413.0, 193.0, 36.0], mn5kVAI8Qw, 5747957]
[options, [82.0, 449.0, 193.0, 36.0], mn5kVAI8Qw, 5747957]
[options, [82.0, 485.0, 193.0, 36.0], mn5kVAI8Qw, 5747957]
[sidebar, [71.0, 587.0, 1128.0, 36.0], kJqJMrhPtH, 5747957]
[sidebar, [71.0, 623.0, 1128.0, 36.0], kJqJMrhPtH, 5747957]
[options, [135.0, 772.0, 239.0, 36.0], WjLdO-CFBO, 5747957]
[options, [135.0, 808.0, 239.0, 36.0], WjLdO-CFBO, 5747957]
[options, [135.0, 844.0, 239.0, 36.0], WjLdO-CFBO, 5747957]
[options, [135.0, 880.0, 239.0, 36.0], WjLdO-CFBO, 5747957]
[options, [135.0, 916.0, 239.0, 36.0], WjLdO-CFBO, 5747957]
[options, [135.0, 952.0, 239.0, 36.0], WjLdO-CFBO, 5747957]
[options, [71.0, 1027.0, 201.0, 36.0], 7402m8seTk, 5747957]
[options, [71.0, 1063.0, 201.0, 36.0], 7402m8seTk, 5747957]
[options, [71.0, 1099.0, 201.0, 36.0], 7402m8seTk, 5747957]
[options, [71.0, 1135.0, 201.0, 36.0], 7402m8seTk, 5747957]
[sidebar, [82.0, 1201.0, 1128.0, 36.0], l4w6x4MaIs, 5747957]
[sidebar, [82.0, 1237.0, 1128.0, 36.0], l4w6x4MaIs, 5747957]
