[842, 576]
[folio, [227.0, 0.0, 120.0, 18.0], -ShNMcr3ib, 5757422]
[options, [101.0, 67.0, 435.0, 18.0], 3GSd2it3pw, 5757422]
[options, [101.0, 152.0, 373.0, 18.0], Ffe2k8oRMJ, 5757422]
[options, [101.0, 170.0, 373.0, 18.0], Ffe2k8oRMJ, 5757422]
[options, [106.0, 240.0, 417.0, 18.0], ndaDUj7FNB, 5757422]
[options, [104.0, 306.0, 347.0, 18.0], C1e4ORdKzU, 5757422]
[options, [104.0, 324.0, 347.0, 18.0], C1e4ORdKzU, 5757422]
[options, [100.0, 391.0, 271.0, 18.0], s-nsyxLzAb, 5757422]
[options, [100.0, 409.0, 271.0, 18.0], s-nsyxLzAb, 5757422]
[options, [100.0, 427.0, 271.0, 18.0], s-nsyxLzAb, 5757422]
[options, [102.0, 489.0, 409.0, 18.0], 8l4UmRvyeo, 5757422]
[options, [98.0, 541.0, 308.0, 18.0], 0kb3FuDY4u, 5757422]
[options, [97.0, 609.0, 401.0, 18.0], b-QcpwfWFl, 5757422]
[options, [93.0, 657.0, 413.0, 18.0], _Y-qE4ZejF, 5757422]
[options, [90.0, 706.0, 385.0, 18.0], 4f0Fz2-omx, 5757422]
[options, [90.0, 724.0, 385.0, 18.0], 4f0Fz2-omx, 5757422]
[folio, [59.0, 757.0, 51.0, 18.0], gL6BdFjhW6, 5757422]
[folio, [343.0, 801.0, 209.0, 18.0], N2jLlkCQpM, 5757422]
[folio, [343.0, 819.0, 209.0, 18.0], N2jLlkCQpM, 5757422]
[folio, [5.0, 808.0, 258.0, 18.0], re_7JbgWRI, 5757422]
