[792, 612]
[options, [55.0, 61.0, 369.0, 18.0], 0-C1ebisI9, 5757332]
[options, [55.0, 79.0, 369.0, 18.0], 0-C1ebisI9, 5757332]
[options, [55.0, 97.0, 369.0, 18.0], 0-C1ebisI9, 5757332]
[options, [58.0, 185.0, 444.0, 18.0], 1cmz1lp-E2, 5757332]
[options, [59.0, 285.0, 439.0, 18.0], cQmJdZgDTo, 5757332]
[options, [53.0, 395.0, 431.0, 18.0], 36Gylz3ruS, 5757332]
[options, [53.0, 413.0, 431.0, 18.0], 36Gylz3ruS, 5757332]
[options, [53.0, 431.0, 431.0, 18.0], 36Gylz3ruS, 5757332]
[options, [53.0, 449.0, 431.0, 18.0], 36Gylz3ruS, 5757332]
[options, [53.0, 467.0, 431.0, 18.0], 36Gylz3ruS, 5757332]
[options, [53.0, 485.0, 431.0, 18.0], 36Gylz3ruS, 5757332]
[options, [53.0, 503.0, 431.0, 18.0], 36Gylz3ruS, 5757332]
[options, [53.0, 521.0, 431.0, 18.0], 36Gylz3ruS, 5757332]
[options, [53.0, 539.0, 431.0, 18.0], 36Gylz3ruS, 5757332]
[options, [53.0, 557.0, 431.0, 18.0], 36Gylz3ruS, 5757332]
[options, [53.0, 575.0, 431.0, 18.0], 36Gylz3ruS, 5757332]
[options, [55.0, 676.0, 523.0, 18.0], UTcnLJvd37, 5757332]
[options, [55.0, 694.0, 523.0, 18.0], UTcnLJvd37, 5757332]
[options, [55.0, 712.0, 523.0, 18.0], UTcnLJvd37, 5757332]
[folio, [29.0, 744.0, 49.0, 18.0], RJFfuUOW6s, 5757332]
[folio, [414.0, 755.0, 171.0, 18.0], iPnE4VV6mr, 5757332]
[folio, [414.0, 773.0, 171.0, 18.0], iPnE4VV6mr, 5757332]
