[842, 595]
[options, [102.0, 80.0, 423.0, 18.0], shoonya_12s6TI5LBVPFE3, 5757290]
[options, [94.0, 126.0, 420.0, 18.0], 3zEI2GH446, 5757290]
[options, [94.0, 175.0, 437.0, 18.0], 5GGdo29hcx, 5757290]
[options, [98.0, 247.0, 318.0, 18.0], shoonya_6sG6OQ5EWDJ26V, 5757290]
[options, [98.0, 265.0, 318.0, 18.0], shoonya_6sG6OQ5EWDJ26V, 5757290]
[options, [101.0, 314.0, 411.0, 18.0], i6OzzdsGZo, 5757290]
[options, [103.0, 357.0, 389.0, 18.0], 6RU41_FJhb, 5757290]
[options, [102.0, 411.0, 410.0, 18.0], coK46jL4IM, 5757290]
[options, [97.0, 461.0, 439.0, 18.0], VCk4TA8_gG, 5757290]
[options, [93.0, 511.0, 416.0, 18.0], RQVwVS33V8, 5757290]
[options, [94.0, 554.0, 420.0, 18.0], LbAJ5BVIZC, 5757290]
[options, [94.0, 572.0, 420.0, 18.0], LbAJ5BVIZC, 5757290]
[options, [91.0, 615.0, 420.0, 18.0], eoTeDaV0qx, 5757290]
[options, [85.0, 658.0, 423.0, 18.0], TLE3kKzhPd, 5757290]
[options, [85.0, 676.0, 423.0, 18.0], TLE3kKzhPd, 5757290]
[footnote, [25.0, 790.0, 219.0, 18.0], SirtDD-zw9, 5757290]
[footnote, [25.0, 808.0, 219.0, 18.0], SirtDD-zw9, 5757290]
[folio, [347.0, 804.0, 192.0, 18.0], cHPQT_tleh, 5757290]
