[2200, 1700]
[ordered-list, [156.0, 125.0, 243.0, 36.0], shoonya_0sJ3OIYANUTJHZ, 5757432]
[ordered-list, [156.0, 161.0, 243.0, 36.0], shoonya_0sJ3OIYANUTJHZ, 5757432]
[ordered-list, [156.0, 197.0, 243.0, 36.0], shoonya_0sJ3OIYANUTJHZ, 5757432]
[ordered-list, [156.0, 233.0, 243.0, 36.0], shoonya_0sJ3OIYANUTJHZ, 5757432]
[ordered-list, [156.0, 269.0, 243.0, 36.0], shoonya_0sJ3OIYANUTJHZ, 5757432]
[options, [151.0, 453.0, 502.0, 36.0], fx0n4YxN7o, 5757432]
[options, [151.0, 489.0, 502.0, 36.0], fx0n4YxN7o, 5757432]
[options, [151.0, 525.0, 502.0, 36.0], fx0n4YxN7o, 5757432]
[options, [151.0, 561.0, 502.0, 36.0], fx0n4YxN7o, 5757432]
[options, [151.0, 597.0, 502.0, 36.0], fx0n4YxN7o, 5757432]
[options, [151.0, 633.0, 502.0, 36.0], fx0n4YxN7o, 5757432]
[options, [151.0, 669.0, 502.0, 36.0], fx0n4YxN7o, 5757432]
[options, [151.0, 705.0, 502.0, 36.0], fx0n4YxN7o, 5757432]
[options, [151.0, 741.0, 502.0, 36.0], fx0n4YxN7o, 5757432]
[options, [149.0, 928.0, 223.0, 36.0], 55znl0e9eg, 5757432]
[options, [149.0, 964.0, 223.0, 36.0], 55znl0e9eg, 5757432]
[options, [149.0, 1000.0, 223.0, 36.0], 55znl0e9eg, 5757432]
[options, [149.0, 1036.0, 223.0, 36.0], 55znl0e9eg, 5757432]
[options, [149.0, 1072.0, 223.0, 36.0], 55znl0e9eg, 5757432]
[options, [149.0, 1108.0, 223.0, 36.0], 55znl0e9eg, 5757432]
[options, [149.0, 1144.0, 223.0, 36.0], 55znl0e9eg, 5757432]
[options, [149.0, 1180.0, 223.0, 36.0], 55znl0e9eg, 5757432]
[options, [149.0, 1216.0, 223.0, 36.0], 55znl0e9eg, 5757432]
[options, [157.0, 1375.0, 223.0, 36.0], Uakg307Hqe, 5757432]
[options, [157.0, 1411.0, 223.0, 36.0], Uakg307Hqe, 5757432]
[options, [157.0, 1447.0, 223.0, 36.0], Uakg307Hqe, 5757432]
[options, [157.0, 1483.0, 223.0, 36.0], Uakg307Hqe, 5757432]
[options, [157.0, 1519.0, 223.0, 36.0], Uakg307Hqe, 5757432]
[options, [157.0, 1555.0, 223.0, 36.0], Uakg307Hqe, 5757432]
[options, [157.0, 1591.0, 223.0, 36.0], Uakg307Hqe, 5757432]
[options, [157.0, 1627.0, 223.0, 36.0], Uakg307Hqe, 5757432]
[options, [157.0, 1663.0, 223.0, 36.0], Uakg307Hqe, 5757432]
[options, [155.0, 1842.0, 219.0, 36.0], 6S8pzi5xiZ, 5757432]
[options, [155.0, 1878.0, 219.0, 36.0], 6S8pzi5xiZ, 5757432]
[options, [155.0, 1914.0, 219.0, 36.0], 6S8pzi5xiZ, 5757432]
[options, [155.0, 1950.0, 219.0, 36.0], 6S8pzi5xiZ, 5757432]
[options, [155.0, 1986.0, 219.0, 36.0], 6S8pzi5xiZ, 5757432]
[options, [155.0, 2022.0, 219.0, 36.0], 6S8pzi5xiZ, 5757432]
