[842, 595]
[options, [111.0, 65.0, 180.0, 18.0], MdUcXe13Au, 5757598]
[options, [111.0, 83.0, 180.0, 18.0], MdUcXe13Au, 5757598]
[options, [111.0, 101.0, 180.0, 18.0], MdUcXe13Au, 5757598]
[options, [111.0, 119.0, 180.0, 18.0], MdUcXe13Au, 5757598]
[options, [111.0, 137.0, 180.0, 18.0], MdUcXe13Au, 5757598]
[options, [111.0, 155.0, 180.0, 18.0], MdUcXe13Au, 5757598]
[options, [111.0, 173.0, 180.0, 18.0], MdUcXe13Au, 5757598]
[options, [111.0, 191.0, 180.0, 18.0], MdUcXe13Au, 5757598]
[options, [111.0, 209.0, 180.0, 18.0], MdUcXe13Au, 5757598]
[options, [111.0, 227.0, 180.0, 18.0], MdUcXe13Au, 5757598]
[options, [111.0, 245.0, 180.0, 18.0], MdUcXe13Au, 5757598]
[options, [111.0, 263.0, 180.0, 18.0], MdUcXe13Au, 5757598]
[options, [111.0, 281.0, 180.0, 18.0], MdUcXe13Au, 5757598]
[options, [111.0, 299.0, 180.0, 18.0], MdUcXe13Au, 5757598]
[options, [111.0, 317.0, 180.0, 18.0], MdUcXe13Au, 5757598]
[options, [358.0, 65.0, 115.0, 18.0], vRPnabWgG9, 5757598]
[options, [358.0, 145.0, 142.0, 18.0], n4-c-UhDEI, 5757598]
[options, [358.0, 163.0, 142.0, 18.0], n4-c-UhDEI, 5757598]
[options, [358.0, 181.0, 142.0, 18.0], n4-c-UhDEI, 5757598]
[options, [358.0, 199.0, 142.0, 18.0], n4-c-UhDEI, 5757598]
[options, [358.0, 217.0, 142.0, 18.0], n4-c-UhDEI, 5757598]
[options, [355.0, 298.0, 172.0, 18.0], EAOQ_KWdYV, 5757598]
[options, [355.0, 316.0, 172.0, 18.0], EAOQ_KWdYV, 5757598]
[options, [355.0, 334.0, 172.0, 18.0], EAOQ_KWdYV, 5757598]
[options, [355.0, 352.0, 172.0, 18.0], EAOQ_KWdYV, 5757598]
[options, [355.0, 370.0, 172.0, 18.0], EAOQ_KWdYV, 5757598]
[options, [355.0, 388.0, 172.0, 18.0], EAOQ_KWdYV, 5757598]
[options, [355.0, 406.0, 172.0, 18.0], EAOQ_KWdYV, 5757598]
[options, [355.0, 424.0, 172.0, 18.0], EAOQ_KWdYV, 5757598]
[options, [355.0, 442.0, 172.0, 18.0], EAOQ_KWdYV, 5757598]
[options, [355.0, 460.0, 172.0, 18.0], EAOQ_KWdYV, 5757598]
[options, [355.0, 478.0, 172.0, 18.0], EAOQ_KWdYV, 5757598]
[options, [355.0, 496.0, 172.0, 18.0], EAOQ_KWdYV, 5757598]
[options, [355.0, 514.0, 172.0, 18.0], EAOQ_KWdYV, 5757598]
[options, [355.0, 532.0, 172.0, 18.0], EAOQ_KWdYV, 5757598]
[options, [119.0, 380.0, 143.0, 18.0], U2TlBnifkb, 5757598]
[options, [119.0, 398.0, 143.0, 18.0], U2TlBnifkb, 5757598]
[options, [119.0, 416.0, 143.0, 18.0], U2TlBnifkb, 5757598]
[options, [119.0, 434.0, 143.0, 18.0], U2TlBnifkb, 5757598]
[options, [119.0, 452.0, 143.0, 18.0], U2TlBnifkb, 5757598]
[options, [115.0, 538.0, 95.0, 18.0], StQ7gTbr-6, 5757598]
[options, [115.0, 556.0, 95.0, 18.0], StQ7gTbr-6, 5757598]
[options, [115.0, 574.0, 95.0, 18.0], StQ7gTbr-6, 5757598]
[options, [115.0, 592.0, 95.0, 18.0], StQ7gTbr-6, 5757598]
[options, [359.0, 622.0, 68.0, 18.0], -fN9at7MS7, 5757598]
[options, [359.0, 640.0, 68.0, 18.0], -fN9at7MS7, 5757598]
[options, [359.0, 658.0, 68.0, 18.0], -fN9at7MS7, 5757598]
[options, [359.0, 676.0, 68.0, 18.0], -fN9at7MS7, 5757598]
[options, [359.0, 694.0, 68.0, 18.0], -fN9at7MS7, 5757598]
[options, [107.0, 699.0, 120.0, 18.0], shoonya_1s0CEAT0DUGIO0, 5757598]
[options, [107.0, 717.0, 120.0, 18.0], shoonya_1s0CEAT0DUGIO0, 5757598]
[options, [107.0, 735.0, 120.0, 18.0], shoonya_1s0CEAT0DUGIO0, 5757598]
[options, [107.0, 753.0, 120.0, 18.0], shoonya_1s0CEAT0DUGIO0, 5757598]
[footnote, [115.0, 784.0, 361.0, 18.0], O3-NKxYAQT, 5757598]
