[842, 595]
[folio, [119.0, 18.0, 360.0, 18.0], shoonya_1s0NKCJNESZIEF, 5757335]
[folio, [119.0, 36.0, 360.0, 18.0], shoonya_1s0NKCJNESZIEF, 5757335]
[ordered-list, [116.0, 65.0, 134.0, 18.0], shoonya_0sS74ZWJDYZX48, 5757335]
[ordered-list, [116.0, 83.0, 134.0, 18.0], shoonya_0sS74ZWJDYZX48, 5757335]
[ordered-list, [116.0, 101.0, 134.0, 18.0], shoonya_0sS74ZWJDYZX48, 5757335]
[ordered-list, [116.0, 119.0, 134.0, 18.0], shoonya_0sS74ZWJDYZX48, 5757335]
[ordered-list, [116.0, 137.0, 134.0, 18.0], shoonya_0sS74ZWJDYZX48, 5757335]
[options, [354.0, 67.0, 90.0, 18.0], BKBcLjiqNm, 5757335]
[options, [354.0, 85.0, 90.0, 18.0], BKBcLjiqNm, 5757335]
[options, [116.0, 249.0, 166.0, 18.0], 5_WqwHbOeL, 5757335]
[options, [116.0, 267.0, 166.0, 18.0], 5_WqwHbOeL, 5757335]
[options, [116.0, 285.0, 166.0, 18.0], 5_WqwHbOeL, 5757335]
[options, [116.0, 303.0, 166.0, 18.0], 5_WqwHbOeL, 5757335]
[options, [116.0, 321.0, 166.0, 18.0], 5_WqwHbOeL, 5757335]
[options, [116.0, 339.0, 166.0, 18.0], 5_WqwHbOeL, 5757335]
[options, [116.0, 357.0, 166.0, 18.0], 5_WqwHbOeL, 5757335]
[options, [116.0, 375.0, 166.0, 18.0], 5_WqwHbOeL, 5757335]
[options, [116.0, 393.0, 166.0, 18.0], 5_WqwHbOeL, 5757335]
[options, [116.0, 411.0, 166.0, 18.0], 5_WqwHbOeL, 5757335]
[options, [116.0, 429.0, 166.0, 18.0], 5_WqwHbOeL, 5757335]
[options, [116.0, 447.0, 166.0, 18.0], 5_WqwHbOeL, 5757335]
[options, [116.0, 465.0, 166.0, 18.0], 5_WqwHbOeL, 5757335]
[options, [116.0, 483.0, 166.0, 18.0], 5_WqwHbOeL, 5757335]
[options, [360.0, 249.0, 168.0, 18.0], KBSy335_jd, 5757335]
[options, [360.0, 267.0, 168.0, 18.0], KBSy335_jd, 5757335]
[options, [360.0, 285.0, 168.0, 18.0], KBSy335_jd, 5757335]
[options, [360.0, 303.0, 168.0, 18.0], KBSy335_jd, 5757335]
[options, [360.0, 321.0, 168.0, 18.0], KBSy335_jd, 5757335]
[options, [360.0, 339.0, 168.0, 18.0], KBSy335_jd, 5757335]
[options, [360.0, 357.0, 168.0, 18.0], KBSy335_jd, 5757335]
[options, [360.0, 375.0, 168.0, 18.0], KBSy335_jd, 5757335]
[options, [360.0, 393.0, 168.0, 18.0], KBSy335_jd, 5757335]
[options, [360.0, 411.0, 168.0, 18.0], KBSy335_jd, 5757335]
[options, [360.0, 429.0, 168.0, 18.0], KBSy335_jd, 5757335]
[options, [360.0, 447.0, 168.0, 18.0], KBSy335_jd, 5757335]
[options, [360.0, 465.0, 168.0, 18.0], KBSy335_jd, 5757335]
[options, [360.0, 483.0, 168.0, 18.0], KBSy335_jd, 5757335]
[options, [360.0, 501.0, 168.0, 18.0], KBSy335_jd, 5757335]
[options, [360.0, 519.0, 168.0, 18.0], KBSy335_jd, 5757335]
[options, [360.0, 537.0, 168.0, 18.0], KBSy335_jd, 5757335]
[options, [360.0, 555.0, 168.0, 18.0], KBSy335_jd, 5757335]
[options, [360.0, 573.0, 168.0, 18.0], KBSy335_jd, 5757335]
[options, [360.0, 591.0, 168.0, 18.0], KBSy335_jd, 5757335]
[options, [360.0, 609.0, 168.0, 18.0], KBSy335_jd, 5757335]
[options, [360.0, 627.0, 168.0, 18.0], KBSy335_jd, 5757335]
[options, [360.0, 645.0, 168.0, 18.0], KBSy335_jd, 5757335]
[options, [360.0, 663.0, 168.0, 18.0], KBSy335_jd, 5757335]
[options, [360.0, 681.0, 168.0, 18.0], KBSy335_jd, 5757335]
[options, [360.0, 699.0, 168.0, 18.0], KBSy335_jd, 5757335]
[options, [360.0, 717.0, 168.0, 18.0], KBSy335_jd, 5757335]
[options, [360.0, 735.0, 168.0, 18.0], KBSy335_jd, 5757335]
[options, [360.0, 753.0, 168.0, 18.0], KBSy335_jd, 5757335]
[options, [117.0, 574.0, 156.0, 18.0], L1oMmARFb1, 5757335]
[options, [117.0, 592.0, 156.0, 18.0], L1oMmARFb1, 5757335]
[options, [117.0, 610.0, 156.0, 18.0], L1oMmARFb1, 5757335]
[options, [117.0, 628.0, 156.0, 18.0], L1oMmARFb1, 5757335]
[options, [117.0, 646.0, 156.0, 18.0], L1oMmARFb1, 5757335]
[options, [121.0, 734.0, 97.0, 18.0], gHA_apYDj4, 5757335]
[options, [121.0, 752.0, 97.0, 18.0], gHA_apYDj4, 5757335]
[footnote, [118.0, 785.0, 354.0, 18.0], niUvPSxGg6, 5757335]
