[842, 595]
[options, [53.0, 89.0, 427.0, 18.0], Uqs_HCq_6M, 5757569]
[options, [55.0, 157.0, 439.0, 18.0], GBtKhaUhm_, 5757569]
[options, [59.0, 227.0, 463.0, 18.0], qSJYIGj6Ka, 5757569]
[options, [58.0, 278.0, 439.0, 18.0], OnNb1bHt8U, 5757569]
[options, [67.0, 344.0, 357.0, 18.0], vTxg8CFqvB, 5757569]
[options, [67.0, 362.0, 357.0, 18.0], vTxg8CFqvB, 5757569]
[options, [65.0, 427.0, 368.0, 18.0], go4Y3-YBBo, 5757569]
[options, [65.0, 445.0, 368.0, 18.0], go4Y3-YBBo, 5757569]
[options, [65.0, 463.0, 368.0, 18.0], go4Y3-YBBo, 5757569]
[options, [65.0, 481.0, 368.0, 18.0], go4Y3-YBBo, 5757569]
[options, [63.0, 537.0, 445.0, 18.0], gHC8xAa37W, 5757569]
[options, [63.0, 555.0, 445.0, 18.0], gHC8xAa37W, 5757569]
[options, [67.0, 616.0, 451.0, 18.0], FtEWMDhG9J, 5757569]
[options, [67.0, 634.0, 451.0, 18.0], FtEWMDhG9J, 5757569]
[options, [65.0, 677.0, 369.0, 18.0], knMRVUBIce, 5757569]
[options, [65.0, 695.0, 369.0, 18.0], knMRVUBIce, 5757569]
[options, [65.0, 713.0, 369.0, 18.0], knMRVUBIce, 5757569]
[options, [65.0, 731.0, 369.0, 18.0], knMRVUBIce, 5757569]
[folio, [39.0, 724.0, 44.0, 18.0], iU4vr6RMaq, 5757569]
[folio, [347.0, 805.0, 189.0, 18.0], lqLd1H8ick, 5757569]
