[842, 596]
[options, [64.0, 150.0, 226.0, 18.0], idWvTfGi-Z, 6465008]
[options, [64.0, 168.0, 226.0, 18.0], idWvTfGi-Z, 6465008]
[options, [64.0, 186.0, 226.0, 18.0], idWvTfGi-Z, 6465008]
[options, [64.0, 204.0, 226.0, 18.0], idWvTfGi-Z, 6465008]
[options, [64.0, 222.0, 226.0, 18.0], idWvTfGi-Z, 6465008]
[options, [64.0, 240.0, 226.0, 18.0], idWvTfGi-Z, 6465008]
[options, [320.0, 154.0, 228.0, 18.0], bhGAYbaEoH, 6465008]
[options, [320.0, 172.0, 228.0, 18.0], bhGAYbaEoH, 6465008]
[options, [320.0, 190.0, 228.0, 18.0], bhGAYbaEoH, 6465008]
[options, [320.0, 208.0, 228.0, 18.0], bhGAYbaEoH, 6465008]
[options, [320.0, 226.0, 228.0, 18.0], bhGAYbaEoH, 6465008]
[options, [320.0, 244.0, 228.0, 18.0], bhGAYbaEoH, 6465008]
[options, [52.0, 308.0, 170.0, 18.0], -UrMRJXrE3, 6465008]
[options, [312.0, 313.0, 171.0, 18.0], BaRTtYDkUN, 6465008]
[options, [320.0, 447.0, 140.0, 18.0], O-oNpSIJyW, 6465008]
[options, [320.0, 465.0, 140.0, 18.0], O-oNpSIJyW, 6465008]
[options, [320.0, 483.0, 140.0, 18.0], O-oNpSIJyW, 6465008]
[options, [320.0, 501.0, 140.0, 18.0], O-oNpSIJyW, 6465008]
[options, [320.0, 519.0, 140.0, 18.0], O-oNpSIJyW, 6465008]
[options, [59.0, 455.0, 135.0, 18.0], wCpQbWo8qf, 6465008]
[options, [59.0, 473.0, 135.0, 18.0], wCpQbWo8qf, 6465008]
[options, [59.0, 491.0, 135.0, 18.0], wCpQbWo8qf, 6465008]
[options, [59.0, 509.0, 135.0, 18.0], wCpQbWo8qf, 6465008]
[options, [59.0, 527.0, 135.0, 18.0], wCpQbWo8qf, 6465008]
[options, [318.0, 591.0, 182.0, 18.0], r_4_uzYKHU, 6465008]
[options, [318.0, 609.0, 182.0, 18.0], r_4_uzYKHU, 6465008]
[options, [318.0, 627.0, 182.0, 18.0], r_4_uzYKHU, 6465008]
[options, [318.0, 645.0, 182.0, 18.0], r_4_uzYKHU, 6465008]
[options, [53.0, 601.0, 219.0, 18.0], LsV8mAgmd1, 6465008]
[options, [53.0, 619.0, 219.0, 18.0], LsV8mAgmd1, 6465008]
[options, [53.0, 637.0, 219.0, 18.0], LsV8mAgmd1, 6465008]
[options, [61.0, 728.0, 149.0, 18.0], -568iLn9HO, 6465008]
[options, [61.0, 746.0, 149.0, 18.0], -568iLn9HO, 6465008]
[options, [310.0, 738.0, 152.0, 18.0], 8a54989UyJ, 6465008]
