[842, 596]
[options, [51.0, 65.0, 234.0, 18.0], -J-gkhz2AO, 6466475]
[options, [51.0, 83.0, 234.0, 18.0], -J-gkhz2AO, 6466475]
[options, [51.0, 101.0, 234.0, 18.0], -J-gkhz2AO, 6466475]
[options, [51.0, 119.0, 234.0, 18.0], -J-gkhz2AO, 6466475]
[options, [51.0, 137.0, 234.0, 18.0], -J-gkhz2AO, 6466475]
[options, [313.0, 67.0, 227.0, 18.0], Dw4_gadmxE, 6466475]
[options, [313.0, 85.0, 227.0, 18.0], Dw4_gadmxE, 6466475]
[options, [313.0, 103.0, 227.0, 18.0], Dw4_gadmxE, 6466475]
[options, [313.0, 121.0, 227.0, 18.0], Dw4_gadmxE, 6466475]
[options, [313.0, 139.0, 227.0, 18.0], Dw4_gadmxE, 6466475]
[options, [55.0, 178.0, 182.0, 18.0], aCzi9CurbX, 6466475]
[options, [55.0, 196.0, 182.0, 18.0], aCzi9CurbX, 6466475]
[options, [55.0, 214.0, 182.0, 18.0], aCzi9CurbX, 6466475]
[options, [309.0, 182.0, 172.0, 18.0], 3HUCeFGKWs, 6466475]
[options, [309.0, 200.0, 172.0, 18.0], 3HUCeFGKWs, 6466475]
[options, [309.0, 218.0, 172.0, 18.0], 3HUCeFGKWs, 6466475]
[options, [53.0, 281.0, 119.0, 18.0], iOuNIp1rhL, 6466475]
[options, [53.0, 299.0, 119.0, 18.0], iOuNIp1rhL, 6466475]
[options, [53.0, 317.0, 119.0, 18.0], iOuNIp1rhL, 6466475]
[options, [53.0, 335.0, 119.0, 18.0], iOuNIp1rhL, 6466475]
[options, [53.0, 353.0, 119.0, 18.0], iOuNIp1rhL, 6466475]
[options, [53.0, 371.0, 119.0, 18.0], iOuNIp1rhL, 6466475]
[options, [53.0, 389.0, 119.0, 18.0], iOuNIp1rhL, 6466475]
[options, [53.0, 407.0, 119.0, 18.0], iOuNIp1rhL, 6466475]
[options, [314.0, 282.0, 90.0, 18.0], fYIl6oeQ1h, 6466475]
[options, [314.0, 300.0, 90.0, 18.0], fYIl6oeQ1h, 6466475]
[options, [314.0, 318.0, 90.0, 18.0], fYIl6oeQ1h, 6466475]
[options, [314.0, 336.0, 90.0, 18.0], fYIl6oeQ1h, 6466475]
[options, [314.0, 354.0, 90.0, 18.0], fYIl6oeQ1h, 6466475]
[options, [314.0, 372.0, 90.0, 18.0], fYIl6oeQ1h, 6466475]
[options, [314.0, 390.0, 90.0, 18.0], fYIl6oeQ1h, 6466475]
[options, [314.0, 408.0, 90.0, 18.0], fYIl6oeQ1h, 6466475]
[options, [314.0, 426.0, 90.0, 18.0], fYIl6oeQ1h, 6466475]
[options, [52.0, 438.0, 131.0, 18.0], Xg-hSO-wSd, 6466475]
[options, [52.0, 456.0, 131.0, 18.0], Xg-hSO-wSd, 6466475]
[options, [52.0, 474.0, 131.0, 18.0], Xg-hSO-wSd, 6466475]
[options, [52.0, 492.0, 131.0, 18.0], Xg-hSO-wSd, 6466475]
[options, [311.0, 445.0, 128.0, 18.0], JYXY72AObQ, 6466475]
[options, [311.0, 463.0, 128.0, 18.0], JYXY72AObQ, 6466475]
[options, [311.0, 481.0, 128.0, 18.0], JYXY72AObQ, 6466475]
[options, [311.0, 499.0, 128.0, 18.0], JYXY72AObQ, 6466475]
[options, [56.0, 557.0, 131.0, 18.0], u06GoVjA7l, 6466475]
[options, [56.0, 575.0, 131.0, 18.0], u06GoVjA7l, 6466475]
[options, [56.0, 593.0, 131.0, 18.0], u06GoVjA7l, 6466475]
[options, [313.0, 558.0, 113.0, 18.0], XLq29y77Dw, 6466475]
[options, [313.0, 576.0, 113.0, 18.0], XLq29y77Dw, 6466475]
[options, [313.0, 594.0, 113.0, 18.0], XLq29y77Dw, 6466475]
[options, [53.0, 612.0, 178.0, 18.0], Z8gaW74-CA, 6466475]
[options, [53.0, 630.0, 178.0, 18.0], Z8gaW74-CA, 6466475]
[options, [53.0, 648.0, 178.0, 18.0], Z8gaW74-CA, 6466475]
[options, [53.0, 666.0, 178.0, 18.0], Z8gaW74-CA, 6466475]
[options, [314.0, 631.0, 167.0, 18.0], W96JkUrejw, 6466475]
[options, [314.0, 649.0, 167.0, 18.0], W96JkUrejw, 6466475]
[options, [314.0, 667.0, 167.0, 18.0], W96JkUrejw, 6466475]
[folio, [34.0, 706.0, 56.0, 18.0], uyhsCbwIW6, 6466475]
