[842, 596]
[options, [327.0, 132.0, 231.0, 18.0], W6VS3fu9h2, 6466074]
[options, [327.0, 150.0, 231.0, 18.0], W6VS3fu9h2, 6466074]
[options, [327.0, 168.0, 231.0, 18.0], W6VS3fu9h2, 6466074]
[options, [327.0, 186.0, 231.0, 18.0], W6VS3fu9h2, 6466074]
[options, [327.0, 204.0, 231.0, 18.0], W6VS3fu9h2, 6466074]
[options, [327.0, 222.0, 231.0, 18.0], W6VS3fu9h2, 6466074]
[options, [65.0, 133.0, 234.0, 18.0], z1n-AHhFGz, 6466074]
[options, [65.0, 151.0, 234.0, 18.0], z1n-AHhFGz, 6466074]
[options, [65.0, 169.0, 234.0, 18.0], z1n-AHhFGz, 6466074]
[options, [65.0, 187.0, 234.0, 18.0], z1n-AHhFGz, 6466074]
[options, [65.0, 205.0, 234.0, 18.0], z1n-AHhFGz, 6466074]
[options, [65.0, 223.0, 234.0, 18.0], z1n-AHhFGz, 6466074]
[options, [324.0, 289.0, 181.0, 18.0], qYpSskdlbh, 6466074]
[options, [64.0, 296.0, 190.0, 18.0], Umgw0Jl84X, 6466074]
[options, [55.0, 364.0, 171.0, 18.0], Z4w6JayNeL, 6466074]
[options, [314.0, 367.0, 159.0, 18.0], OEEV-K8eMK, 6466074]
[options, [315.0, 446.0, 160.0, 18.0], ntDVloplOj, 6466074]
[options, [315.0, 464.0, 160.0, 18.0], ntDVloplOj, 6466074]
[options, [315.0, 482.0, 160.0, 18.0], ntDVloplOj, 6466074]
[options, [64.0, 450.0, 234.0, 18.0], -m-HHlSYcc, 6466074]
[options, [64.0, 468.0, 234.0, 18.0], -m-HHlSYcc, 6466074]
[options, [64.0, 486.0, 234.0, 18.0], -m-HHlSYcc, 6466074]
[options, [56.0, 550.0, 238.0, 18.0], HKZvpEFdJQ, 6466074]
[options, [322.0, 554.0, 218.0, 18.0], B_-YC31FSY, 6466074]
[options, [57.0, 627.0, 175.0, 18.0], 2PXF9ickSU, 6466074]
[options, [313.0, 627.0, 179.0, 18.0], RGphhyZ6x3, 6466074]
[options, [313.0, 645.0, 179.0, 18.0], RGphhyZ6x3, 6466074]
[options, [59.0, 698.0, 237.0, 18.0], ZXTvzK789_, 6466074]
[options, [59.0, 716.0, 237.0, 18.0], ZXTvzK789_, 6466074]
[options, [59.0, 734.0, 237.0, 18.0], ZXTvzK789_, 6466074]
[options, [59.0, 752.0, 237.0, 18.0], ZXTvzK789_, 6466074]
[options, [315.0, 712.0, 185.0, 18.0], QYaeyvUvbp, 6466074]
[options, [315.0, 730.0, 185.0, 18.0], QYaeyvUvbp, 6466074]
[options, [315.0, 748.0, 185.0, 18.0], QYaeyvUvbp, 6466074]
[folio, [45.0, 779.0, 53.0, 18.0], zq2R-CARis, 6466074]
