[842, 596]
[options, [62.0, 154.0, 215.0, 18.0], u_sofR7Von, 6465100]
[options, [312.0, 157.0, 242.0, 18.0], ogzkItzyLe, 6465100]
[options, [317.0, 205.0, 192.0, 18.0], l6FlnApfVD, 6465100]
[options, [59.0, 206.0, 192.0, 18.0], -60PJRGk78, 6465100]
[options, [316.0, 252.0, 215.0, 18.0], f6xQM5e_eG, 6465100]
[options, [316.0, 270.0, 215.0, 18.0], f6xQM5e_eG, 6465100]
[options, [316.0, 288.0, 215.0, 18.0], f6xQM5e_eG, 6465100]
[options, [59.0, 254.0, 227.0, 18.0], MAKhkIo7zq, 6465100]
[options, [59.0, 272.0, 227.0, 18.0], MAKhkIo7zq, 6465100]
[options, [59.0, 290.0, 227.0, 18.0], MAKhkIo7zq, 6465100]
[options, [57.0, 330.0, 146.0, 18.0], ZN84LhCXsK, 6465100]
[options, [57.0, 348.0, 146.0, 18.0], ZN84LhCXsK, 6465100]
[options, [57.0, 366.0, 146.0, 18.0], ZN84LhCXsK, 6465100]
[options, [317.0, 332.0, 142.0, 18.0], mdpIJo9N_S, 6465100]
[options, [317.0, 350.0, 142.0, 18.0], mdpIJo9N_S, 6465100]
[options, [317.0, 368.0, 142.0, 18.0], mdpIJo9N_S, 6465100]
[options, [58.0, 420.0, 208.0, 18.0], _3ZsUlu8Em, 6465100]
[options, [313.0, 420.0, 260.0, 18.0], mOJAHmkWGj, 6465100]
[options, [56.0, 465.0, 185.0, 18.0], 2SYNerNC0s, 6465100]
[options, [317.0, 469.0, 184.0, 18.0], rh-J_1Hlfq, 6465100]
[options, [51.0, 511.0, 199.0, 18.0], -S-YQ56Bir, 6465100]
[options, [310.0, 514.0, 190.0, 18.0], LaaW3hWJ9l, 6465100]
[options, [316.0, 571.0, 177.0, 18.0], e8cp8XGlxI, 6465100]
[options, [49.0, 572.0, 192.0, 18.0], LSHZIfN65d, 6465100]
[options, [316.0, 639.0, 208.0, 18.0], NiGq1TWg4X, 6465100]
[options, [54.0, 646.0, 175.0, 18.0], csrbgFUnI0, 6465100]
[options, [58.0, 693.0, 230.0, 18.0], rv93IWzgK0, 6465100]
[options, [58.0, 711.0, 230.0, 18.0], rv93IWzgK0, 6465100]
[options, [58.0, 729.0, 230.0, 18.0], rv93IWzgK0, 6465100]
[options, [313.0, 694.0, 240.0, 18.0], C6-4453ris, 6465100]
[options, [313.0, 712.0, 240.0, 18.0], C6-4453ris, 6465100]
[options, [313.0, 730.0, 240.0, 18.0], C6-4453ris, 6465100]
[options, [313.0, 748.0, 240.0, 18.0], C6-4453ris, 6465100]
