[776, 576]
[options, [53.0, 61.0, 327.0, 18.0], tctE6A1UKF, 5765124]
[options, [53.0, 79.0, 327.0, 18.0], tctE6A1UKF, 5765124]
[options, [56.0, 129.0, 323.0, 18.0], luYJlcqmgv, 5765124]
[options, [56.0, 147.0, 323.0, 18.0], luYJlcqmgv, 5765124]
[options, [51.0, 241.0, 187.0, 18.0], zs6JQkGY5l, 5765124]
[options, [51.0, 259.0, 187.0, 18.0], zs6JQkGY5l, 5765124]
[options, [51.0, 277.0, 187.0, 18.0], zs6JQkGY5l, 5765124]
[options, [51.0, 295.0, 187.0, 18.0], zs6JQkGY5l, 5765124]
[options, [52.0, 359.0, 160.0, 18.0], Cwohv_GtMp, 5765124]
[options, [52.0, 377.0, 160.0, 18.0], Cwohv_GtMp, 5765124]
[options, [52.0, 395.0, 160.0, 18.0], Cwohv_GtMp, 5765124]
[options, [52.0, 413.0, 160.0, 18.0], Cwohv_GtMp, 5765124]
[options, [52.0, 431.0, 160.0, 18.0], Cwohv_GtMp, 5765124]
[options, [45.0, 501.0, 480.0, 18.0], TPLF-lQQvf, 5765124]
[options, [45.0, 519.0, 480.0, 18.0], TPLF-lQQvf, 5765124]
[options, [45.0, 537.0, 480.0, 18.0], TPLF-lQQvf, 5765124]
[options, [45.0, 555.0, 480.0, 18.0], TPLF-lQQvf, 5765124]
[options, [50.0, 607.0, 405.0, 18.0], PBXpB_aZpf, 5765124]
[options, [50.0, 625.0, 405.0, 18.0], PBXpB_aZpf, 5765124]
[options, [50.0, 643.0, 405.0, 18.0], PBXpB_aZpf, 5765124]
[options, [50.0, 661.0, 405.0, 18.0], PBXpB_aZpf, 5765124]
[folio, [16.0, 705.0, 85.0, 18.0], Tipp70v33B, 5765124]
