[775, 575]
[options, [36.0, 92.0, 372.0, 18.0], NHyi7BqpfO, 5764593]
[options, [36.0, 110.0, 372.0, 18.0], NHyi7BqpfO, 5764593]
[options, [36.0, 128.0, 372.0, 18.0], NHyi7BqpfO, 5764593]
[options, [36.0, 146.0, 372.0, 18.0], NHyi7BqpfO, 5764593]
[options, [36.0, 164.0, 372.0, 18.0], NHyi7BqpfO, 5764593]
[options, [46.0, 279.0, 342.0, 18.0], 8jtcnaWPyx, 5764593]
[options, [46.0, 297.0, 342.0, 18.0], 8jtcnaWPyx, 5764593]
[options, [46.0, 315.0, 342.0, 18.0], 8jtcnaWPyx, 5764593]
[options, [46.0, 333.0, 342.0, 18.0], 8jtcnaWPyx, 5764593]
[options, [46.0, 351.0, 342.0, 18.0], 8jtcnaWPyx, 5764593]
[options, [37.0, 445.0, 181.0, 18.0], aoPiOdP_nx, 5764593]
[options, [37.0, 463.0, 181.0, 18.0], aoPiOdP_nx, 5764593]
[options, [37.0, 481.0, 181.0, 18.0], aoPiOdP_nx, 5764593]
[options, [37.0, 499.0, 181.0, 18.0], aoPiOdP_nx, 5764593]
[options, [37.0, 517.0, 181.0, 18.0], aoPiOdP_nx, 5764593]
[options, [48.0, 593.0, 153.0, 18.0], 52QRg27fzN, 5764593]
[options, [48.0, 611.0, 153.0, 18.0], 52QRg27fzN, 5764593]
[options, [48.0, 629.0, 153.0, 18.0], 52QRg27fzN, 5764593]
[options, [48.0, 647.0, 153.0, 18.0], 52QRg27fzN, 5764593]
[options, [48.0, 665.0, 153.0, 18.0], 52QRg27fzN, 5764593]
[folio, [444.0, 712.0, 101.0, 18.0], ouCOsP-zfp, 5764593]
[folio, [444.0, 730.0, 101.0, 18.0], ouCOsP-zfp, 5764593]
