[775, 582]
[options, [54.0, 66.0, 147.0, 18.0], Ddd6agNrN9, 5764584]
[options, [54.0, 84.0, 147.0, 18.0], Ddd6agNrN9, 5764584]
[options, [54.0, 102.0, 147.0, 18.0], Ddd6agNrN9, 5764584]
[options, [54.0, 120.0, 147.0, 18.0], Ddd6agNrN9, 5764584]
[options, [54.0, 138.0, 147.0, 18.0], Ddd6agNrN9, 5764584]
[options, [56.0, 214.0, 210.0, 18.0], eW99yTdN9u, 5764584]
[options, [56.0, 232.0, 210.0, 18.0], eW99yTdN9u, 5764584]
[options, [56.0, 250.0, 210.0, 18.0], eW99yTdN9u, 5764584]
[options, [56.0, 268.0, 210.0, 18.0], eW99yTdN9u, 5764584]
[options, [56.0, 286.0, 210.0, 18.0], eW99yTdN9u, 5764584]
[options, [56.0, 304.0, 210.0, 18.0], eW99yTdN9u, 5764584]
[options, [49.0, 386.0, 434.0, 18.0], r5qLgHOmO8, 5764584]
[options, [49.0, 404.0, 434.0, 18.0], r5qLgHOmO8, 5764584]
[options, [49.0, 422.0, 434.0, 18.0], r5qLgHOmO8, 5764584]
[options, [49.0, 440.0, 434.0, 18.0], r5qLgHOmO8, 5764584]
[options, [49.0, 458.0, 434.0, 18.0], r5qLgHOmO8, 5764584]
[options, [54.0, 533.0, 501.0, 18.0], ICRHCADrxN, 5764584]
[options, [54.0, 551.0, 501.0, 18.0], ICRHCADrxN, 5764584]
[options, [54.0, 569.0, 501.0, 18.0], ICRHCADrxN, 5764584]
[options, [54.0, 587.0, 501.0, 18.0], ICRHCADrxN, 5764584]
[options, [54.0, 605.0, 501.0, 18.0], ICRHCADrxN, 5764584]
[options, [54.0, 623.0, 501.0, 18.0], ICRHCADrxN, 5764584]
[options, [54.0, 641.0, 501.0, 18.0], ICRHCADrxN, 5764584]
[folio, [23.0, 702.0, 73.0, 18.0], k0_6I2eDbF, 5764584]
