[1624, 1198]
[options, [127.0, 161.0, 359.0, 36.0], P9z9I8yDPe, 5764613]
[options, [127.0, 197.0, 359.0, 36.0], P9z9I8yDPe, 5764613]
[options, [127.0, 233.0, 359.0, 36.0], P9z9I8yDPe, 5764613]
[options, [127.0, 269.0, 359.0, 36.0], P9z9I8yDPe, 5764613]
[options, [127.0, 305.0, 359.0, 36.0], P9z9I8yDPe, 5764613]
[options, [127.0, 341.0, 359.0, 36.0], P9z9I8yDPe, 5764613]
[options, [121.0, 478.0, 363.0, 36.0], shoonya_0sZ48IGK42D23U, 5764613]
[options, [121.0, 514.0, 363.0, 36.0], shoonya_0sZ48IGK42D23U, 5764613]
[options, [121.0, 550.0, 363.0, 36.0], shoonya_0sZ48IGK42D23U, 5764613]
[options, [121.0, 586.0, 363.0, 36.0], shoonya_0sZ48IGK42D23U, 5764613]
[options, [121.0, 622.0, 363.0, 36.0], shoonya_0sZ48IGK42D23U, 5764613]
[options, [121.0, 658.0, 363.0, 36.0], shoonya_0sZ48IGK42D23U, 5764613]
[options, [124.0, 803.0, 1018.0, 36.0], UyTHIiQReO, 5764613]
[options, [124.0, 839.0, 1018.0, 36.0], UyTHIiQReO, 5764613]
[options, [124.0, 875.0, 1018.0, 36.0], UyTHIiQReO, 5764613]
[options, [124.0, 911.0, 1018.0, 36.0], UyTHIiQReO, 5764613]
[options, [124.0, 947.0, 1018.0, 36.0], UyTHIiQReO, 5764613]
[options, [124.0, 983.0, 1018.0, 36.0], UyTHIiQReO, 5764613]
[options, [124.0, 1019.0, 1018.0, 36.0], UyTHIiQReO, 5764613]
[options, [124.0, 1055.0, 1018.0, 36.0], UyTHIiQReO, 5764613]
[options, [128.0, 1149.0, 1030.0, 36.0], cMmcc-uIlZ, 5764613]
[options, [128.0, 1185.0, 1030.0, 36.0], cMmcc-uIlZ, 5764613]
[options, [128.0, 1221.0, 1030.0, 36.0], cMmcc-uIlZ, 5764613]
[options, [128.0, 1257.0, 1030.0, 36.0], cMmcc-uIlZ, 5764613]
[options, [128.0, 1293.0, 1030.0, 36.0], cMmcc-uIlZ, 5764613]
[options, [128.0, 1329.0, 1030.0, 36.0], cMmcc-uIlZ, 5764613]
[options, [128.0, 1365.0, 1030.0, 36.0], cMmcc-uIlZ, 5764613]
[options, [128.0, 1401.0, 1030.0, 36.0], cMmcc-uIlZ, 5764613]
[folio, [38.0, 1454.0, 181.0, 36.0], Mg0vgFgisI, 5764613]
