[792, 612]
[options, [111.0, 158.0, 147.0, 18.0], LLhmREnTa7, 5773354]
[options, [111.0, 176.0, 147.0, 18.0], LLhmREnTa7, 5773354]
[options, [111.0, 194.0, 147.0, 18.0], LLhmREnTa7, 5773354]
[options, [111.0, 212.0, 147.0, 18.0], LLhmREnTa7, 5773354]
[options, [111.0, 230.0, 147.0, 18.0], LLhmREnTa7, 5773354]
[options, [111.0, 248.0, 147.0, 18.0], LLhmREnTa7, 5773354]
[options, [97.0, 370.0, 159.0, 18.0], 1fR7BNDjhF, 5773354]
[options, [97.0, 388.0, 159.0, 18.0], 1fR7BNDjhF, 5773354]
[options, [97.0, 406.0, 159.0, 18.0], 1fR7BNDjhF, 5773354]
[options, [97.0, 424.0, 159.0, 18.0], 1fR7BNDjhF, 5773354]
[options, [97.0, 442.0, 159.0, 18.0], 1fR7BNDjhF, 5773354]
[options, [97.0, 460.0, 159.0, 18.0], 1fR7BNDjhF, 5773354]
[options, [103.0, 566.0, 149.0, 18.0], Mo_IutUyNT, 5773354]
[options, [103.0, 584.0, 149.0, 18.0], Mo_IutUyNT, 5773354]
[options, [103.0, 602.0, 149.0, 18.0], Mo_IutUyNT, 5773354]
[options, [103.0, 620.0, 149.0, 18.0], Mo_IutUyNT, 5773354]
[options, [103.0, 638.0, 149.0, 18.0], Mo_IutUyNT, 5773354]
[options, [103.0, 656.0, 149.0, 18.0], Mo_IutUyNT, 5773354]
[folio, [82.0, 697.0, 55.0, 18.0], we2xCI4XyN, 5773354]
[folio, [466.0, 701.0, 61.0, 18.0], tdjZF0Vjuw, 5773354]
