[1622, 1192]
[options, [130.0, 136.0, 367.0, 36.0], shoonya_3s1R5SOEOR65JV, 5764424]
[options, [130.0, 172.0, 367.0, 36.0], shoonya_3s1R5SOEOR65JV, 5764424]
[options, [130.0, 208.0, 367.0, 36.0], shoonya_3s1R5SOEOR65JV, 5764424]
[options, [130.0, 244.0, 367.0, 36.0], shoonya_3s1R5SOEOR65JV, 5764424]
[options, [130.0, 280.0, 367.0, 36.0], shoonya_3s1R5SOEOR65JV, 5764424]
[options, [130.0, 316.0, 367.0, 36.0], shoonya_3s1R5SOEOR65JV, 5764424]
[options, [116.0, 449.0, 432.0, 36.0], rRFLvi39NC, 5764424]
[options, [116.0, 485.0, 432.0, 36.0], rRFLvi39NC, 5764424]
[options, [116.0, 521.0, 432.0, 36.0], rRFLvi39NC, 5764424]
[options, [116.0, 557.0, 432.0, 36.0], rRFLvi39NC, 5764424]
[options, [116.0, 593.0, 432.0, 36.0], rRFLvi39NC, 5764424]
[options, [116.0, 629.0, 432.0, 36.0], rRFLvi39NC, 5764424]
[options, [116.0, 665.0, 432.0, 36.0], rRFLvi39NC, 5764424]
[options, [113.0, 814.0, 365.0, 36.0], _3AdoPvT5g, 5764424]
[options, [113.0, 850.0, 365.0, 36.0], _3AdoPvT5g, 5764424]
[options, [113.0, 886.0, 365.0, 36.0], _3AdoPvT5g, 5764424]
[options, [113.0, 922.0, 365.0, 36.0], _3AdoPvT5g, 5764424]
[options, [113.0, 958.0, 365.0, 36.0], _3AdoPvT5g, 5764424]
[options, [113.0, 994.0, 365.0, 36.0], _3AdoPvT5g, 5764424]
[options, [113.0, 1030.0, 365.0, 36.0], _3AdoPvT5g, 5764424]
[options, [126.0, 1148.0, 397.0, 36.0], OxBczMS_1M, 5764424]
[options, [126.0, 1184.0, 397.0, 36.0], OxBczMS_1M, 5764424]
[options, [126.0, 1220.0, 397.0, 36.0], OxBczMS_1M, 5764424]
[options, [126.0, 1256.0, 397.0, 36.0], OxBczMS_1M, 5764424]
[options, [126.0, 1292.0, 397.0, 36.0], OxBczMS_1M, 5764424]
[options, [126.0, 1328.0, 397.0, 36.0], OxBczMS_1M, 5764424]
[options, [126.0, 1364.0, 397.0, 36.0], OxBczMS_1M, 5764424]
[folio, [47.0, 1458.0, 159.0, 36.0], shoonya_4sOMZ4YD0YNIB5, 5764424]
