[1622, 1192]
[options, [117.0, 132.0, 366.0, 36.0], JCeDIgyxi_, 5763794]
[options, [117.0, 168.0, 366.0, 36.0], JCeDIgyxi_, 5763794]
[options, [117.0, 204.0, 366.0, 36.0], JCeDIgyxi_, 5763794]
[options, [117.0, 240.0, 366.0, 36.0], JCeDIgyxi_, 5763794]
[options, [117.0, 276.0, 366.0, 36.0], JCeDIgyxi_, 5763794]
[options, [117.0, 312.0, 366.0, 36.0], JCeDIgyxi_, 5763794]
[options, [117.0, 348.0, 366.0, 36.0], JCeDIgyxi_, 5763794]
[options, [119.0, 457.0, 360.0, 36.0], XgzbVMxLPw, 5763794]
[options, [119.0, 493.0, 360.0, 36.0], XgzbVMxLPw, 5763794]
[options, [119.0, 529.0, 360.0, 36.0], XgzbVMxLPw, 5763794]
[options, [119.0, 565.0, 360.0, 36.0], XgzbVMxLPw, 5763794]
[options, [119.0, 601.0, 360.0, 36.0], XgzbVMxLPw, 5763794]
[options, [119.0, 637.0, 360.0, 36.0], XgzbVMxLPw, 5763794]
[options, [119.0, 673.0, 360.0, 36.0], XgzbVMxLPw, 5763794]
[options, [120.0, 834.0, 360.0, 36.0], zv4vnCDz7r, 5763794]
[options, [120.0, 870.0, 360.0, 36.0], zv4vnCDz7r, 5763794]
[options, [120.0, 906.0, 360.0, 36.0], zv4vnCDz7r, 5763794]
[options, [120.0, 942.0, 360.0, 36.0], zv4vnCDz7r, 5763794]
[options, [120.0, 978.0, 360.0, 36.0], zv4vnCDz7r, 5763794]
[options, [120.0, 1014.0, 360.0, 36.0], zv4vnCDz7r, 5763794]
[options, [120.0, 1050.0, 360.0, 36.0], zv4vnCDz7r, 5763794]
[options, [122.0, 1173.0, 359.0, 36.0], r7617SMeUA, 5763794]
[options, [122.0, 1209.0, 359.0, 36.0], r7617SMeUA, 5763794]
[options, [122.0, 1245.0, 359.0, 36.0], r7617SMeUA, 5763794]
[options, [122.0, 1281.0, 359.0, 36.0], r7617SMeUA, 5763794]
[options, [122.0, 1317.0, 359.0, 36.0], r7617SMeUA, 5763794]
[options, [122.0, 1353.0, 359.0, 36.0], r7617SMeUA, 5763794]
[options, [122.0, 1389.0, 359.0, 36.0], r7617SMeUA, 5763794]
[folio, [46.0, 1460.0, 175.0, 36.0], shoonya_1sJL5KUE4IXRU8, 5763794]
