[842, 595]
[options, [71.0, 80.0, 214.0, 18.0], uD3FOlZ0Rn, 5763943]
[options, [71.0, 98.0, 214.0, 18.0], uD3FOlZ0Rn, 5763943]
[options, [71.0, 116.0, 214.0, 18.0], uD3FOlZ0Rn, 5763943]
[options, [71.0, 134.0, 214.0, 18.0], uD3FOlZ0Rn, 5763943]
[options, [71.0, 152.0, 214.0, 18.0], uD3FOlZ0Rn, 5763943]
[options, [71.0, 170.0, 214.0, 18.0], uD3FOlZ0Rn, 5763943]
[options, [73.0, 232.0, 323.0, 18.0], 7HF6CEpaCu, 5763943]
[options, [73.0, 250.0, 323.0, 18.0], 7HF6CEpaCu, 5763943]
[options, [73.0, 268.0, 323.0, 18.0], 7HF6CEpaCu, 5763943]
[options, [73.0, 286.0, 323.0, 18.0], 7HF6CEpaCu, 5763943]
[options, [73.0, 304.0, 323.0, 18.0], 7HF6CEpaCu, 5763943]
[options, [73.0, 322.0, 323.0, 18.0], 7HF6CEpaCu, 5763943]
[options, [73.0, 340.0, 323.0, 18.0], 7HF6CEpaCu, 5763943]
[options, [71.0, 417.0, 156.0, 18.0], HVM2N3jkyI, 5763943]
[options, [71.0, 435.0, 156.0, 18.0], HVM2N3jkyI, 5763943]
[options, [71.0, 453.0, 156.0, 18.0], HVM2N3jkyI, 5763943]
[options, [71.0, 471.0, 156.0, 18.0], HVM2N3jkyI, 5763943]
[options, [71.0, 489.0, 156.0, 18.0], HVM2N3jkyI, 5763943]
[options, [71.0, 507.0, 156.0, 18.0], HVM2N3jkyI, 5763943]
[options, [72.0, 572.0, 180.0, 18.0], E_ps23RTaP, 5763943]
[options, [72.0, 590.0, 180.0, 18.0], E_ps23RTaP, 5763943]
[options, [72.0, 608.0, 180.0, 18.0], E_ps23RTaP, 5763943]
[options, [72.0, 626.0, 180.0, 18.0], E_ps23RTaP, 5763943]
[options, [72.0, 644.0, 180.0, 18.0], E_ps23RTaP, 5763943]
[options, [72.0, 662.0, 180.0, 18.0], E_ps23RTaP, 5763943]
[folio, [39.0, 713.0, 87.0, 18.0], poqqVMkNAH, 5763943]
