[777, 577]
[options, [61.0, 64.0, 132.0, 18.0], PZUMk20nrv, 5764147]
[options, [61.0, 82.0, 132.0, 18.0], PZUMk20nrv, 5764147]
[options, [61.0, 100.0, 132.0, 18.0], PZUMk20nrv, 5764147]
[options, [61.0, 118.0, 132.0, 18.0], PZUMk20nrv, 5764147]
[options, [63.0, 176.0, 211.0, 18.0], MBJLd50vki, 5764147]
[options, [63.0, 194.0, 211.0, 18.0], MBJLd50vki, 5764147]
[options, [63.0, 212.0, 211.0, 18.0], MBJLd50vki, 5764147]
[options, [63.0, 230.0, 211.0, 18.0], MBJLd50vki, 5764147]
[options, [58.0, 322.0, 333.0, 18.0], V7oo5SoIWX, 5764147]
[options, [58.0, 340.0, 333.0, 18.0], V7oo5SoIWX, 5764147]
[options, [58.0, 358.0, 333.0, 18.0], V7oo5SoIWX, 5764147]
[options, [58.0, 376.0, 333.0, 18.0], V7oo5SoIWX, 5764147]
[options, [63.0, 435.0, 368.0, 18.0], rZS5B4VLwT, 5764147]
[options, [63.0, 453.0, 368.0, 18.0], rZS5B4VLwT, 5764147]
[options, [63.0, 471.0, 368.0, 18.0], rZS5B4VLwT, 5764147]
[options, [63.0, 489.0, 368.0, 18.0], rZS5B4VLwT, 5764147]
[options, [53.0, 578.0, 372.0, 18.0], TR0-WZPH12, 5764147]
[options, [53.0, 596.0, 372.0, 18.0], TR0-WZPH12, 5764147]
[options, [57.0, 651.0, 370.0, 18.0], IaRF8qwfw7, 5764147]
[options, [57.0, 669.0, 370.0, 18.0], IaRF8qwfw7, 5764147]
[folio, [460.0, 710.0, 87.0, 18.0], UcQgWl4tOt, 5764147]
[folio, [460.0, 728.0, 87.0, 18.0], UcQgWl4tOt, 5764147]
