[773, 557]
[options, [56.0, 92.0, 280.0, 18.0], 9pkfo0ruKQ, 5764265]
[options, [56.0, 110.0, 280.0, 18.0], 9pkfo0ruKQ, 5764265]
[options, [56.0, 128.0, 280.0, 18.0], 9pkfo0ruKQ, 5764265]
[options, [56.0, 146.0, 280.0, 18.0], 9pkfo0ruKQ, 5764265]
[options, [56.0, 164.0, 280.0, 18.0], 9pkfo0ruKQ, 5764265]
[options, [56.0, 231.0, 275.0, 18.0], qo7NS7WTqL, 5764265]
[options, [56.0, 249.0, 275.0, 18.0], qo7NS7WTqL, 5764265]
[options, [56.0, 267.0, 275.0, 18.0], qo7NS7WTqL, 5764265]
[options, [56.0, 285.0, 275.0, 18.0], qo7NS7WTqL, 5764265]
[options, [56.0, 303.0, 275.0, 18.0], qo7NS7WTqL, 5764265]
[options, [58.0, 365.0, 320.0, 18.0], shoonya_0s5AQW4GL4N3F4, 5764265]
[options, [58.0, 383.0, 320.0, 18.0], shoonya_0s5AQW4GL4N3F4, 5764265]
[options, [58.0, 401.0, 320.0, 18.0], shoonya_0s5AQW4GL4N3F4, 5764265]
[options, [58.0, 419.0, 320.0, 18.0], shoonya_0s5AQW4GL4N3F4, 5764265]
[options, [58.0, 502.0, 301.0, 18.0], rzysk5N8sJ, 5764265]
[options, [58.0, 520.0, 301.0, 18.0], rzysk5N8sJ, 5764265]
[options, [58.0, 538.0, 301.0, 18.0], rzysk5N8sJ, 5764265]
[options, [58.0, 556.0, 301.0, 18.0], rzysk5N8sJ, 5764265]
[options, [55.0, 636.0, 398.0, 18.0], Vx_EV1Ove6, 5764265]
[options, [55.0, 654.0, 398.0, 18.0], Vx_EV1Ove6, 5764265]
[options, [55.0, 672.0, 398.0, 18.0], Vx_EV1Ove6, 5764265]
[options, [55.0, 690.0, 398.0, 18.0], Vx_EV1Ove6, 5764265]
[folio, [33.0, 714.0, 52.0, 18.0], y88fZ__DAL, 5764265]
[folio, [453.0, 716.0, 62.0, 18.0], 2xJ0mlNS4i, 5764265]
