[842, 596]
[options, [60.0, 46.0, 147.0, 18.0], shoonya_3sPA8ZJ86BNKVQ, 5763885]
[options, [60.0, 64.0, 147.0, 18.0], shoonya_3sPA8ZJ86BNKVQ, 5763885]
[options, [60.0, 82.0, 147.0, 18.0], shoonya_3sPA8ZJ86BNKVQ, 5763885]
[options, [321.0, 75.0, 177.0, 18.0], opJFm2BEPC, 5763885]
[options, [321.0, 93.0, 177.0, 18.0], opJFm2BEPC, 5763885]
[options, [321.0, 111.0, 177.0, 18.0], opJFm2BEPC, 5763885]
[options, [60.0, 125.0, 155.0, 18.0], vclecVcrCb, 5763885]
[options, [60.0, 143.0, 155.0, 18.0], vclecVcrCb, 5763885]
[options, [60.0, 161.0, 155.0, 18.0], vclecVcrCb, 5763885]
[options, [319.0, 168.0, 184.0, 18.0], 3x4jq8yAq0, 5763885]
[options, [319.0, 186.0, 184.0, 18.0], 3x4jq8yAq0, 5763885]
[options, [319.0, 204.0, 184.0, 18.0], 3x4jq8yAq0, 5763885]
[options, [61.0, 214.0, 149.0, 18.0], Y8bh2yqFtw, 5763885]
[options, [61.0, 232.0, 149.0, 18.0], Y8bh2yqFtw, 5763885]
[options, [61.0, 250.0, 149.0, 18.0], Y8bh2yqFtw, 5763885]
[options, [318.0, 246.0, 230.0, 18.0], gnr8jV-XYR, 5763885]
[options, [318.0, 264.0, 230.0, 18.0], gnr8jV-XYR, 5763885]
[options, [318.0, 282.0, 230.0, 18.0], gnr8jV-XYR, 5763885]
[options, [318.0, 300.0, 230.0, 18.0], gnr8jV-XYR, 5763885]
[options, [61.0, 292.0, 179.0, 18.0], ZqvTt7PQfD, 5763885]
[options, [61.0, 310.0, 179.0, 18.0], ZqvTt7PQfD, 5763885]
[options, [61.0, 328.0, 179.0, 18.0], ZqvTt7PQfD, 5763885]
[options, [318.0, 338.0, 229.0, 18.0], HgI_jS7dwT, 5763885]
[options, [318.0, 356.0, 229.0, 18.0], HgI_jS7dwT, 5763885]
[options, [318.0, 374.0, 229.0, 18.0], HgI_jS7dwT, 5763885]
[options, [62.0, 367.0, 192.0, 18.0], MePMsM9Y3V, 5763885]
[options, [62.0, 385.0, 192.0, 18.0], MePMsM9Y3V, 5763885]
[options, [62.0, 403.0, 192.0, 18.0], MePMsM9Y3V, 5763885]
[options, [319.0, 429.0, 152.0, 18.0], 76RADRjrVI, 5763885]
[options, [319.0, 447.0, 152.0, 18.0], 76RADRjrVI, 5763885]
[options, [319.0, 465.0, 152.0, 18.0], 76RADRjrVI, 5763885]
[options, [61.0, 446.0, 191.0, 18.0], 85jxnIKyVk, 5763885]
[options, [61.0, 464.0, 191.0, 18.0], 85jxnIKyVk, 5763885]
[options, [61.0, 482.0, 191.0, 18.0], 85jxnIKyVk, 5763885]
[options, [319.0, 520.0, 157.0, 18.0], e0ckRYb5aM, 5763885]
[options, [319.0, 538.0, 157.0, 18.0], e0ckRYb5aM, 5763885]
[options, [319.0, 556.0, 157.0, 18.0], e0ckRYb5aM, 5763885]
[options, [61.0, 534.0, 152.0, 18.0], l3GmYDNDmx, 5763885]
[options, [61.0, 552.0, 152.0, 18.0], l3GmYDNDmx, 5763885]
[options, [61.0, 570.0, 152.0, 18.0], l3GmYDNDmx, 5763885]
[options, [319.0, 611.0, 203.0, 18.0], Cod0d5g3TN, 5763885]
[options, [319.0, 629.0, 203.0, 18.0], Cod0d5g3TN, 5763885]
[options, [319.0, 647.0, 203.0, 18.0], Cod0d5g3TN, 5763885]
[options, [319.0, 665.0, 203.0, 18.0], Cod0d5g3TN, 5763885]
[options, [62.0, 625.0, 153.0, 18.0], MFp_-GS4wq, 5763885]
[options, [62.0, 643.0, 153.0, 18.0], MFp_-GS4wq, 5763885]
[options, [62.0, 661.0, 153.0, 18.0], MFp_-GS4wq, 5763885]
[options, [319.0, 729.0, 183.0, 18.0], BUFPs1Ofbn, 5763885]
[options, [319.0, 747.0, 183.0, 18.0], BUFPs1Ofbn, 5763885]
[options, [60.0, 740.0, 169.0, 18.0], FmjoQvFG1u, 5763885]
