[1624, 1200]
[options, [103.0, 163.0, 374.0, 36.0], I9axvApJYl, 5765004]
[options, [103.0, 199.0, 374.0, 36.0], I9axvApJYl, 5765004]
[options, [103.0, 235.0, 374.0, 36.0], I9axvApJYl, 5765004]
[options, [103.0, 271.0, 374.0, 36.0], I9axvApJYl, 5765004]
[options, [103.0, 307.0, 374.0, 36.0], I9axvApJYl, 5765004]
[options, [103.0, 343.0, 374.0, 36.0], I9axvApJYl, 5765004]
[options, [112.0, 508.0, 367.0, 36.0], XWEvg6AAIJ, 5765004]
[options, [112.0, 544.0, 367.0, 36.0], XWEvg6AAIJ, 5765004]
[options, [112.0, 580.0, 367.0, 36.0], XWEvg6AAIJ, 5765004]
[options, [112.0, 616.0, 367.0, 36.0], XWEvg6AAIJ, 5765004]
[options, [112.0, 652.0, 367.0, 36.0], XWEvg6AAIJ, 5765004]
[options, [112.0, 688.0, 367.0, 36.0], XWEvg6AAIJ, 5765004]
[options, [111.0, 881.0, 373.0, 36.0], l9mXEAMRwY, 5765004]
[options, [111.0, 917.0, 373.0, 36.0], l9mXEAMRwY, 5765004]
[options, [111.0, 953.0, 373.0, 36.0], l9mXEAMRwY, 5765004]
[options, [111.0, 989.0, 373.0, 36.0], l9mXEAMRwY, 5765004]
[options, [111.0, 1025.0, 373.0, 36.0], l9mXEAMRwY, 5765004]
[options, [111.0, 1061.0, 373.0, 36.0], l9mXEAMRwY, 5765004]
[options, [124.0, 1229.0, 381.0, 36.0], 3os-_4C3Tv, 5765004]
[options, [124.0, 1265.0, 381.0, 36.0], 3os-_4C3Tv, 5765004]
[options, [124.0, 1301.0, 381.0, 36.0], 3os-_4C3Tv, 5765004]
[options, [124.0, 1337.0, 381.0, 36.0], 3os-_4C3Tv, 5765004]
[options, [124.0, 1373.0, 381.0, 36.0], 3os-_4C3Tv, 5765004]
[options, [124.0, 1409.0, 381.0, 36.0], 3os-_4C3Tv, 5765004]
[folio, [966.0, 1454.0, 178.0, 36.0], lFCQiylaMO, 5765004]
[folio, [966.0, 1490.0, 178.0, 36.0], lFCQiylaMO, 5765004]
