[842, 596]
[options, [317.0, 65.0, 184.0, 18.0], 8pa7ingGRW, 5764834]
[options, [59.0, 79.0, 230.0, 18.0], nlKfY0pcMR, 5764834]
[options, [59.0, 127.0, 140.0, 18.0], k6_ef_bZ2m, 5764834]
[options, [59.0, 145.0, 140.0, 18.0], k6_ef_bZ2m, 5764834]
[options, [59.0, 163.0, 140.0, 18.0], k6_ef_bZ2m, 5764834]
[options, [315.0, 127.0, 162.0, 18.0], ZJFx0wdMV2, 5764834]
[options, [316.0, 188.0, 162.0, 18.0], o-Nbju082M, 5764834]
[options, [58.0, 205.0, 208.0, 18.0], po-FEPCh6k, 5764834]
[options, [58.0, 223.0, 208.0, 18.0], po-FEPCh6k, 5764834]
[options, [58.0, 241.0, 208.0, 18.0], po-FEPCh6k, 5764834]
[options, [316.0, 267.0, 217.0, 18.0], hQLNttF8fo, 5764834]
[options, [320.0, 329.0, 170.0, 18.0], Zvm4QLxYsV, 5764834]
[options, [317.0, 390.0, 193.0, 18.0], Qo4A_bm2I8, 5764834]
[options, [314.0, 436.0, 207.0, 18.0], 3jSvqA2oUl, 5764834]
[options, [57.0, 456.0, 146.0, 18.0], __T_FenolR, 5764834]
[options, [57.0, 474.0, 146.0, 18.0], __T_FenolR, 5764834]
[options, [57.0, 492.0, 146.0, 18.0], __T_FenolR, 5764834]
[options, [314.0, 495.0, 195.0, 18.0], zwVEJpp8Wt, 5764834]
[options, [59.0, 549.0, 186.0, 18.0], y6oC4lzx05, 5764834]
[options, [316.0, 559.0, 184.0, 18.0], z4uVtrkHoG, 5764834]
[options, [58.0, 609.0, 148.0, 18.0], -AhELSxSBX, 5764834]
[options, [58.0, 627.0, 148.0, 18.0], -AhELSxSBX, 5764834]
[options, [58.0, 645.0, 148.0, 18.0], -AhELSxSBX, 5764834]
[options, [317.0, 620.0, 158.0, 18.0], 8n8FAdt-K2, 5764834]
[options, [317.0, 638.0, 158.0, 18.0], 8n8FAdt-K2, 5764834]
[options, [317.0, 656.0, 158.0, 18.0], 8n8FAdt-K2, 5764834]
[options, [60.0, 702.0, 221.0, 18.0], 2XRrbiGGX3, 5764834]
[options, [314.0, 717.0, 175.0, 18.0], 7sKPGk7gsb, 5764834]
[options, [314.0, 735.0, 175.0, 18.0], 7sKPGk7gsb, 5764834]
[options, [314.0, 753.0, 175.0, 18.0], 7sKPGk7gsb, 5764834]
[options, [61.0, 748.0, 182.0, 18.0], mX6f-Gu_rs, 5764834]
