[842, 596]
[options, [119.0, 123.0, 171.0, 18.0], C5mo6TmS8G, 5772931]
[options, [119.0, 141.0, 171.0, 18.0], C5mo6TmS8G, 5772931]
[options, [119.0, 159.0, 171.0, 18.0], C5mo6TmS8G, 5772931]
[options, [119.0, 177.0, 171.0, 18.0], C5mo6TmS8G, 5772931]
[options, [123.0, 255.0, 170.0, 18.0], GEpy6OAljp, 5772931]
[options, [123.0, 273.0, 170.0, 18.0], GEpy6OAljp, 5772931]
[options, [123.0, 291.0, 170.0, 18.0], GEpy6OAljp, 5772931]
[options, [123.0, 309.0, 170.0, 18.0], GEpy6OAljp, 5772931]
[options, [123.0, 392.0, 170.0, 18.0], yOun97zXat, 5772931]
[options, [123.0, 410.0, 170.0, 18.0], yOun97zXat, 5772931]
[options, [123.0, 428.0, 170.0, 18.0], yOun97zXat, 5772931]
[options, [123.0, 446.0, 170.0, 18.0], yOun97zXat, 5772931]
[options, [119.0, 521.0, 165.0, 18.0], GKgEEb1Oef, 5772931]
[options, [119.0, 539.0, 165.0, 18.0], GKgEEb1Oef, 5772931]
[options, [119.0, 557.0, 165.0, 18.0], GKgEEb1Oef, 5772931]
[options, [119.0, 575.0, 165.0, 18.0], GKgEEb1Oef, 5772931]
[options, [122.0, 657.0, 155.0, 18.0], shBHFfLOwn, 5772931]
[options, [122.0, 675.0, 155.0, 18.0], shBHFfLOwn, 5772931]
[options, [122.0, 693.0, 155.0, 18.0], shBHFfLOwn, 5772931]
[options, [122.0, 711.0, 155.0, 18.0], shBHFfLOwn, 5772931]
[folio, [477.0, 745.0, 53.0, 18.0], QjX-pbrMAH, 5772931]
[folio, [66.0, 746.0, 62.0, 18.0], zbk5-JT6qf, 5772931]
