[1650, 1275]
[paragraph, [125.0, 151.0, 1027.0, 36.0], shoonya_0sA3CK30JQIT95, 5778611]
[paragraph, [125.0, 187.0, 1027.0, 36.0], shoonya_0sA3CK30JQIT95, 5778611]
[paragraph, [125.0, 223.0, 1027.0, 36.0], shoonya_0sA3CK30JQIT95, 5778611]
[paragraph, [125.0, 259.0, 1027.0, 36.0], shoonya_0sA3CK30JQIT95, 5778611]
[paragraph, [125.0, 295.0, 1027.0, 36.0], shoonya_0sA3CK30JQIT95, 5778611]
[paragraph, [125.0, 331.0, 1027.0, 36.0], shoonya_0sA3CK30JQIT95, 5778611]
[paragraph, [125.0, 367.0, 1027.0, 36.0], shoonya_0sA3CK30JQIT95, 5778611]
[section-title, [491.0, 427.0, 265.0, 49.5], TebT07UcQn, 5778611]
[reference, [143.0, 565.0, 999.0, 36.0], To432gG6F7, 5778611]
[reference, [143.0, 601.0, 999.0, 36.0], To432gG6F7, 5778611]
[reference, [143.0, 637.0, 999.0, 36.0], To432gG6F7, 5778611]
[reference, [143.0, 673.0, 999.0, 36.0], To432gG6F7, 5778611]
[reference, [143.0, 709.0, 999.0, 36.0], To432gG6F7, 5778611]
[reference, [143.0, 745.0, 999.0, 36.0], To432gG6F7, 5778611]
[reference, [143.0, 781.0, 999.0, 36.0], To432gG6F7, 5778611]
[reference, [143.0, 817.0, 999.0, 36.0], To432gG6F7, 5778611]
[reference, [143.0, 853.0, 999.0, 36.0], To432gG6F7, 5778611]
[reference, [143.0, 889.0, 999.0, 36.0], To432gG6F7, 5778611]
[reference, [143.0, 925.0, 999.0, 36.0], To432gG6F7, 5778611]
[reference, [143.0, 961.0, 999.0, 36.0], To432gG6F7, 5778611]
[reference, [143.0, 997.0, 999.0, 36.0], To432gG6F7, 5778611]
[reference, [143.0, 1033.0, 999.0, 36.0], To432gG6F7, 5778611]
[reference, [143.0, 1069.0, 999.0, 36.0], To432gG6F7, 5778611]
[reference, [143.0, 1105.0, 999.0, 36.0], To432gG6F7, 5778611]
[reference, [143.0, 1141.0, 999.0, 36.0], To432gG6F7, 5778611]
[reference, [143.0, 1177.0, 999.0, 36.0], To432gG6F7, 5778611]
[reference, [143.0, 1213.0, 999.0, 36.0], To432gG6F7, 5778611]
[reference, [143.0, 1249.0, 999.0, 36.0], To432gG6F7, 5778611]
[reference, [143.0, 1285.0, 999.0, 36.0], To432gG6F7, 5778611]
[reference, [143.0, 1321.0, 999.0, 36.0], To432gG6F7, 5778611]
[reference, [143.0, 1357.0, 999.0, 36.0], To432gG6F7, 5778611]
[reference, [143.0, 1393.0, 999.0, 36.0], To432gG6F7, 5778611]
[reference, [143.0, 1429.0, 999.0, 36.0], To432gG6F7, 5778611]
