[3509, 2480]
[paragraph, [362.0, 393.0, 1767.0, 52.5], wKsLDMOw3B, 5723917]
[paragraph, [362.0, 445.5, 1767.0, 52.5], wKsLDMOw3B, 5723917]
[paragraph, [362.0, 498.0, 1767.0, 52.5], wKsLDMOw3B, 5723917]
[paragraph, [362.0, 550.5, 1767.0, 52.5], wKsLDMOw3B, 5723917]
[paragraph, [362.0, 603.0, 1767.0, 52.5], wKsLDMOw3B, 5723917]
[paragraph, [362.0, 655.5, 1767.0, 52.5], wKsLDMOw3B, 5723917]
[paragraph, [362.0, 708.0, 1767.0, 52.5], wKsLDMOw3B, 5723917]
[paragraph, [362.0, 760.5, 1767.0, 52.5], wKsLDMOw3B, 5723917]
[paragraph, [362.0, 813.0, 1767.0, 52.5], wKsLDMOw3B, 5723917]
[paragraph, [362.0, 865.5, 1767.0, 52.5], wKsLDMOw3B, 5723917]
[paragraph, [362.0, 918.0, 1767.0, 52.5], wKsLDMOw3B, 5723917]
[paragraph, [362.0, 970.5, 1767.0, 52.5], wKsLDMOw3B, 5723917]
[paragraph, [362.0, 1023.0, 1767.0, 52.5], wKsLDMOw3B, 5723917]
[paragraph, [362.0, 1075.5, 1767.0, 52.5], wKsLDMOw3B, 5723917]
[paragraph, [362.0, 1128.0, 1767.0, 52.5], wKsLDMOw3B, 5723917]
[paragraph, [362.0, 1180.5, 1767.0, 52.5], wKsLDMOw3B, 5723917]
[paragraph, [362.0, 1233.0, 1767.0, 52.5], wKsLDMOw3B, 5723917]
[paragraph, [362.0, 1285.5, 1767.0, 52.5], wKsLDMOw3B, 5723917]
[paragraph, [523.0, 1416.0, 806.0, 52.5], Lwb1CLs3jo, 5723917]
[paragraph, [523.0, 1468.5, 806.0, 52.5], Lwb1CLs3jo, 5723917]
[paragraph, [523.0, 1521.0, 806.0, 52.5], Lwb1CLs3jo, 5723917]
[paragraph, [523.0, 1573.5, 806.0, 52.5], Lwb1CLs3jo, 5723917]
[paragraph, [523.0, 1626.0, 806.0, 52.5], Lwb1CLs3jo, 5723917]
[paragraph, [523.0, 1678.5, 806.0, 52.5], Lwb1CLs3jo, 5723917]
[paragraph, [523.0, 1731.0, 806.0, 52.5], Lwb1CLs3jo, 5723917]
[folio, [1422.0, 1717.0, 269.0, 52.5], lasjEZuQcd, 5723917]
[paragraph, [362.0, 1816.0, 985.0, 52.5], 03EaDEVkqV, 5723917]
[paragraph, [362.0, 1868.5, 985.0, 52.5], 03EaDEVkqV, 5723917]
[paragraph, [362.0, 1921.0, 985.0, 52.5], 03EaDEVkqV, 5723917]
[paragraph, [362.0, 1973.5, 985.0, 52.5], 03EaDEVkqV, 5723917]
[paragraph, [362.0, 2026.0, 985.0, 52.5], 03EaDEVkqV, 5723917]
[paragraph, [362.0, 2078.5, 985.0, 52.5], 03EaDEVkqV, 5723917]
[paragraph, [362.0, 2131.0, 985.0, 52.5], 03EaDEVkqV, 5723917]
[folio, [1429.0, 2092.0, 610.0, 52.5], wtdMTEwVKr, 5723917]
[folio, [1429.0, 2144.5, 610.0, 52.5], wtdMTEwVKr, 5723917]
[paragraph, [362.0, 2244.0, 1766.0, 52.5], U93KvRL9ON, 5723917]
[paragraph, [362.0, 2296.5, 1766.0, 52.5], U93KvRL9ON, 5723917]
[paragraph, [362.0, 2349.0, 1766.0, 52.5], U93KvRL9ON, 5723917]
[paragraph, [362.0, 2401.5, 1766.0, 52.5], U93KvRL9ON, 5723917]
[paragraph, [362.0, 2454.0, 1766.0, 52.5], U93KvRL9ON, 5723917]
[paragraph, [362.0, 2506.5, 1766.0, 52.5], U93KvRL9ON, 5723917]
[paragraph, [362.0, 2559.0, 1766.0, 52.5], U93KvRL9ON, 5723917]
[paragraph, [362.0, 2611.5, 1766.0, 52.5], U93KvRL9ON, 5723917]
[paragraph, [362.0, 2664.0, 1766.0, 52.5], U93KvRL9ON, 5723917]
[paragraph, [362.0, 2716.5, 1766.0, 52.5], U93KvRL9ON, 5723917]
[paragraph, [362.0, 2769.0, 1766.0, 52.5], U93KvRL9ON, 5723917]
[paragraph, [362.0, 2821.5, 1766.0, 52.5], U93KvRL9ON, 5723917]
[paragraph, [362.0, 2874.0, 1766.0, 52.5], U93KvRL9ON, 5723917]
[paragraph, [362.0, 2926.5, 1766.0, 52.5], U93KvRL9ON, 5723917]
[paragraph, [362.0, 2979.0, 1766.0, 52.5], U93KvRL9ON, 5723917]
[paragraph, [362.0, 3031.5, 1766.0, 52.5], U93KvRL9ON, 5723917]
