[3509, 2480]
[paragraph, [365.0, 388.0, 1764.0, 52.5], XBpyS1eNpf, 5723625]
[paragraph, [365.0, 440.5, 1764.0, 52.5], XBpyS1eNpf, 5723625]
[paragraph, [365.0, 493.0, 1764.0, 52.5], XBpyS1eNpf, 5723625]
[paragraph, [365.0, 545.5, 1764.0, 52.5], XBpyS1eNpf, 5723625]
[paragraph, [365.0, 598.0, 1764.0, 52.5], XBpyS1eNpf, 5723625]
[paragraph, [365.0, 650.5, 1764.0, 52.5], XBpyS1eNpf, 5723625]
[paragraph, [365.0, 703.0, 1764.0, 52.5], XBpyS1eNpf, 5723625]
[paragraph, [365.0, 755.5, 1764.0, 52.5], XBpyS1eNpf, 5723625]
[paragraph, [365.0, 808.0, 1764.0, 52.5], XBpyS1eNpf, 5723625]
[paragraph, [365.0, 860.5, 1764.0, 52.5], XBpyS1eNpf, 5723625]
[paragraph, [365.0, 913.0, 1764.0, 52.5], XBpyS1eNpf, 5723625]
[paragraph, [365.0, 965.5, 1764.0, 52.5], XBpyS1eNpf, 5723625]
[paragraph, [365.0, 1018.0, 1764.0, 52.5], XBpyS1eNpf, 5723625]
[paragraph, [365.0, 1070.5, 1764.0, 52.5], XBpyS1eNpf, 5723625]
[paragraph, [359.0, 1319.0, 1774.0, 52.5], KiIaFsR8xN, 5723625]
[paragraph, [359.0, 1371.5, 1774.0, 52.5], KiIaFsR8xN, 5723625]
[paragraph, [359.0, 1424.0, 1774.0, 52.5], KiIaFsR8xN, 5723625]
[paragraph, [359.0, 1476.5, 1774.0, 52.5], KiIaFsR8xN, 5723625]
[paragraph, [359.0, 1529.0, 1774.0, 52.5], KiIaFsR8xN, 5723625]
[paragraph, [359.0, 1581.5, 1774.0, 52.5], KiIaFsR8xN, 5723625]
[paragraph, [359.0, 1634.0, 1774.0, 52.5], KiIaFsR8xN, 5723625]
[paragraph, [359.0, 1686.5, 1774.0, 52.5], KiIaFsR8xN, 5723625]
[paragraph, [352.0, 1954.0, 1783.0, 52.5], w9b3BDE-T3, 5723625]
[paragraph, [352.0, 2006.5, 1783.0, 52.5], w9b3BDE-T3, 5723625]
[paragraph, [352.0, 2059.0, 1783.0, 52.5], w9b3BDE-T3, 5723625]
[paragraph, [352.0, 2111.5, 1783.0, 52.5], w9b3BDE-T3, 5723625]
[paragraph, [352.0, 2164.0, 1783.0, 52.5], w9b3BDE-T3, 5723625]
[paragraph, [352.0, 2216.5, 1783.0, 52.5], w9b3BDE-T3, 5723625]
[paragraph, [352.0, 2269.0, 1783.0, 52.5], w9b3BDE-T3, 5723625]
[paragraph, [352.0, 2321.5, 1783.0, 52.5], w9b3BDE-T3, 5723625]
[paragraph, [352.0, 2374.0, 1783.0, 52.5], w9b3BDE-T3, 5723625]
[paragraph, [352.0, 2426.5, 1783.0, 52.5], w9b3BDE-T3, 5723625]
[paragraph, [352.0, 2479.0, 1783.0, 52.5], w9b3BDE-T3, 5723625]
[paragraph, [352.0, 2531.5, 1783.0, 52.5], w9b3BDE-T3, 5723625]
[paragraph, [352.0, 2584.0, 1783.0, 52.5], w9b3BDE-T3, 5723625]
[paragraph, [352.0, 2636.5, 1783.0, 52.5], w9b3BDE-T3, 5723625]
[paragraph, [352.0, 2689.0, 1783.0, 52.5], w9b3BDE-T3, 5723625]
[paragraph, [352.0, 2741.5, 1783.0, 52.5], w9b3BDE-T3, 5723625]
[paragraph, [352.0, 2794.0, 1783.0, 52.5], w9b3BDE-T3, 5723625]
[paragraph, [352.0, 2846.5, 1783.0, 52.5], w9b3BDE-T3, 5723625]
[paragraph, [352.0, 2899.0, 1783.0, 52.5], w9b3BDE-T3, 5723625]
[paragraph, [352.0, 2951.5, 1783.0, 52.5], w9b3BDE-T3, 5723625]
[paragraph, [352.0, 3004.0, 1783.0, 52.5], w9b3BDE-T3, 5723625]
