[842, 595]
[folio, [230.0, 127.0, 155.0, 18.0], eEOIMiJYuU, 6513577]
[paragraph, [142.0, 160.0, 325.0, 18.0], shoonya_1sRHH1J50KXCUW, 6513577]
[paragraph, [142.0, 178.0, 325.0, 18.0], shoonya_1sRHH1J50KXCUW, 6513577]
[paragraph, [142.0, 196.0, 325.0, 18.0], shoonya_1sRHH1J50KXCUW, 6513577]
[figure-caption, [222.0, 493.0, 227.0, 18.0], shoonya_4s4ZAVQPQEC2VQ, 6513577]
[paragraph, [144.0, 521.0, 325.0, 18.0], i3-5fG4s_-, 6513577]
[paragraph, [144.0, 539.0, 325.0, 18.0], i3-5fG4s_-, 6513577]
[paragraph, [144.0, 557.0, 325.0, 18.0], i3-5fG4s_-, 6513577]
[paragraph, [144.0, 575.0, 325.0, 18.0], i3-5fG4s_-, 6513577]
[paragraph, [144.0, 593.0, 325.0, 18.0], i3-5fG4s_-, 6513577]
[paragraph, [144.0, 611.0, 325.0, 18.0], i3-5fG4s_-, 6513577]
[paragraph, [144.0, 629.0, 325.0, 18.0], i3-5fG4s_-, 6513577]
