[842, 595]
[folio, [242.0, 127.0, 128.0, 18.0], Hgi1-OqVqK, 6513544]
[paragraph, [142.0, 160.0, 328.0, 18.0], shoonya_0sAYDCACXE3XLY, 6513544]
[paragraph, [141.0, 194.0, 327.0, 18.0], kzRCGod2_n, 6513544]
[paragraph, [141.0, 212.0, 327.0, 18.0], kzRCGod2_n, 6513544]
[paragraph, [141.0, 230.0, 327.0, 18.0], kzRCGod2_n, 6513544]
[paragraph, [141.0, 248.0, 327.0, 18.0], kzRCGod2_n, 6513544]
[paragraph, [141.0, 266.0, 327.0, 18.0], kzRCGod2_n, 6513544]
[paragraph, [141.0, 284.0, 327.0, 18.0], kzRCGod2_n, 6513544]
[paragraph, [141.0, 302.0, 327.0, 18.0], kzRCGod2_n, 6513544]
[paragraph, [141.0, 320.0, 327.0, 18.0], kzRCGod2_n, 6513544]
[paragraph, [141.0, 338.0, 327.0, 18.0], kzRCGod2_n, 6513544]
[paragraph, [141.0, 356.0, 327.0, 18.0], kzRCGod2_n, 6513544]
[paragraph, [141.0, 374.0, 327.0, 18.0], kzRCGod2_n, 6513544]
[paragraph, [141.0, 392.0, 327.0, 18.0], kzRCGod2_n, 6513544]
[paragraph, [141.0, 410.0, 327.0, 18.0], kzRCGod2_n, 6513544]
[paragraph, [141.0, 428.0, 327.0, 18.0], kzRCGod2_n, 6513544]
[paragraph, [141.0, 446.0, 327.0, 18.0], kzRCGod2_n, 6513544]
[paragraph, [141.0, 464.0, 327.0, 18.0], kzRCGod2_n, 6513544]
[paragraph, [141.0, 482.0, 327.0, 18.0], kzRCGod2_n, 6513544]
[paragraph, [141.0, 500.0, 327.0, 18.0], kzRCGod2_n, 6513544]
[paragraph, [141.0, 518.0, 327.0, 18.0], kzRCGod2_n, 6513544]
[paragraph, [141.0, 553.0, 327.0, 18.0], 82iS6_w3xt, 6513544]
[paragraph, [141.0, 571.0, 327.0, 18.0], 82iS6_w3xt, 6513544]
[paragraph, [141.0, 589.0, 327.0, 18.0], 82iS6_w3xt, 6513544]
[paragraph, [141.0, 607.0, 327.0, 18.0], 82iS6_w3xt, 6513544]
[paragraph, [141.0, 625.0, 327.0, 18.0], 82iS6_w3xt, 6513544]
[paragraph, [141.0, 643.0, 327.0, 18.0], 82iS6_w3xt, 6513544]
