[1754, 1241]
[paragraph, [678.0, 142.0, 418.0, 36.0], r24fAzGT2X, 6470517]
[paragraph, [218.0, 204.0, 884.0, 36.0], v1QLWXRO-T, 6470517]
[paragraph, [218.0, 240.0, 884.0, 36.0], v1QLWXRO-T, 6470517]
[paragraph, [218.0, 276.0, 884.0, 36.0], v1QLWXRO-T, 6470517]
[paragraph, [218.0, 312.0, 884.0, 36.0], v1QLWXRO-T, 6470517]
[paragraph, [218.0, 348.0, 884.0, 36.0], v1QLWXRO-T, 6470517]
[paragraph, [218.0, 384.0, 884.0, 36.0], v1QLWXRO-T, 6470517]
[paragraph, [218.0, 420.0, 884.0, 36.0], v1QLWXRO-T, 6470517]
[paragraph, [218.0, 456.0, 884.0, 36.0], v1QLWXRO-T, 6470517]
[paragraph, [218.0, 492.0, 884.0, 36.0], v1QLWXRO-T, 6470517]
[paragraph, [218.0, 528.0, 884.0, 36.0], v1QLWXRO-T, 6470517]
[paragraph, [218.0, 564.0, 884.0, 36.0], v1QLWXRO-T, 6470517]
[paragraph, [218.0, 600.0, 884.0, 36.0], v1QLWXRO-T, 6470517]
[paragraph, [218.0, 636.0, 884.0, 36.0], v1QLWXRO-T, 6470517]
[paragraph, [289.0, 712.0, 808.0, 36.0], Tucbm5c7gP, 6470517]
[paragraph, [289.0, 748.0, 808.0, 36.0], Tucbm5c7gP, 6470517]
[paragraph, [289.0, 784.0, 808.0, 36.0], Tucbm5c7gP, 6470517]
[paragraph, [289.0, 820.0, 808.0, 36.0], Tucbm5c7gP, 6470517]
[paragraph, [289.0, 856.0, 808.0, 36.0], Tucbm5c7gP, 6470517]
[paragraph, [289.0, 892.0, 808.0, 36.0], Tucbm5c7gP, 6470517]
[paragraph, [212.0, 960.0, 887.0, 36.0], 5V90kSTHi_, 6470517]
[paragraph, [212.0, 996.0, 887.0, 36.0], 5V90kSTHi_, 6470517]
[paragraph, [212.0, 1032.0, 887.0, 36.0], 5V90kSTHi_, 6470517]
[paragraph, [212.0, 1068.0, 887.0, 36.0], 5V90kSTHi_, 6470517]
[paragraph, [212.0, 1104.0, 887.0, 36.0], 5V90kSTHi_, 6470517]
[paragraph, [212.0, 1140.0, 887.0, 36.0], 5V90kSTHi_, 6470517]
[paragraph, [212.0, 1176.0, 887.0, 36.0], 5V90kSTHi_, 6470517]
[paragraph, [212.0, 1212.0, 887.0, 36.0], 5V90kSTHi_, 6470517]
[paragraph, [212.0, 1248.0, 887.0, 36.0], 5V90kSTHi_, 6470517]
[paragraph, [212.0, 1284.0, 887.0, 36.0], 5V90kSTHi_, 6470517]
[paragraph, [212.0, 1320.0, 887.0, 36.0], 5V90kSTHi_, 6470517]
[paragraph, [212.0, 1356.0, 887.0, 36.0], 5V90kSTHi_, 6470517]
[paragraph, [212.0, 1392.0, 887.0, 36.0], 5V90kSTHi_, 6470517]
[footnote, [210.0, 1561.0, 503.0, 36.0], -gMcjPsXu3, 6470517]
