[1754, 1241]
[paragraph, [213.0, 142.0, 891.0, 36.0], shoonya_0sZ11445WVU408, 6470590]
[paragraph, [213.0, 178.0, 891.0, 36.0], shoonya_0sZ11445WVU408, 6470590]
[paragraph, [213.0, 214.0, 891.0, 36.0], shoonya_0sZ11445WVU408, 6470590]
[paragraph, [213.0, 250.0, 891.0, 36.0], shoonya_0sZ11445WVU408, 6470590]
[paragraph, [213.0, 286.0, 891.0, 36.0], shoonya_0sZ11445WVU408, 6470590]
[paragraph, [213.0, 322.0, 891.0, 36.0], shoonya_0sZ11445WVU408, 6470590]
[paragraph, [213.0, 358.0, 891.0, 36.0], shoonya_0sZ11445WVU408, 6470590]
[paragraph, [213.0, 394.0, 891.0, 36.0], shoonya_0sZ11445WVU408, 6470590]
[paragraph, [213.0, 430.0, 891.0, 36.0], shoonya_0sZ11445WVU408, 6470590]
[paragraph, [213.0, 466.0, 891.0, 36.0], shoonya_0sZ11445WVU408, 6470590]
[paragraph, [213.0, 502.0, 891.0, 36.0], shoonya_0sZ11445WVU408, 6470590]
[paragraph, [213.0, 538.0, 891.0, 36.0], shoonya_0sZ11445WVU408, 6470590]
[paragraph, [213.0, 574.0, 891.0, 36.0], shoonya_0sZ11445WVU408, 6470590]
[paragraph, [213.0, 610.0, 891.0, 36.0], shoonya_0sZ11445WVU408, 6470590]
[paragraph, [218.0, 662.0, 880.0, 36.0], shoonya_3s3XU3HGUTY8DF, 6470590]
[paragraph, [218.0, 698.0, 880.0, 36.0], shoonya_3s3XU3HGUTY8DF, 6470590]
[paragraph, [220.0, 774.0, 175.0, 36.0], _UwRVPOHTM, 6470590]
[paragraph, [220.0, 810.0, 175.0, 36.0], _UwRVPOHTM, 6470590]
[folio, [895.0, 833.0, 190.0, 36.0], RTQ46I2RrM, 6470590]
[paragraph, [210.0, 891.0, 884.0, 36.0], Qv-d7z2lD5, 6470590]
[paragraph, [210.0, 927.0, 884.0, 36.0], Qv-d7z2lD5, 6470590]
[paragraph, [210.0, 963.0, 884.0, 36.0], Qv-d7z2lD5, 6470590]
[paragraph, [210.0, 999.0, 884.0, 36.0], Qv-d7z2lD5, 6470590]
[paragraph, [210.0, 1035.0, 884.0, 36.0], Qv-d7z2lD5, 6470590]
[paragraph, [210.0, 1071.0, 884.0, 36.0], Qv-d7z2lD5, 6470590]
[paragraph, [210.0, 1107.0, 884.0, 36.0], Qv-d7z2lD5, 6470590]
[paragraph, [210.0, 1143.0, 884.0, 36.0], Qv-d7z2lD5, 6470590]
[paragraph, [210.0, 1179.0, 884.0, 36.0], Qv-d7z2lD5, 6470590]
[paragraph, [210.0, 1215.0, 884.0, 36.0], Qv-d7z2lD5, 6470590]
[paragraph, [210.0, 1251.0, 884.0, 36.0], Qv-d7z2lD5, 6470590]
[paragraph, [210.0, 1287.0, 884.0, 36.0], Qv-d7z2lD5, 6470590]
[paragraph, [210.0, 1323.0, 884.0, 36.0], Qv-d7z2lD5, 6470590]
[paragraph, [210.0, 1359.0, 884.0, 36.0], Qv-d7z2lD5, 6470590]
[paragraph, [210.0, 1395.0, 884.0, 36.0], Qv-d7z2lD5, 6470590]
[paragraph, [210.0, 1431.0, 884.0, 36.0], Qv-d7z2lD5, 6470590]
[paragraph, [210.0, 1467.0, 884.0, 36.0], Qv-d7z2lD5, 6470590]
[footnote, [218.0, 1538.0, 881.0, 36.0], SILBPjVp34, 6470590]
