[1650, 1275]
[paragraph, [241.0, 135.0, 856.0, 36.0], shoonya_0s4GO680WWJ1W8, 6470772]
[paragraph, [241.0, 171.0, 856.0, 36.0], shoonya_0s4GO680WWJ1W8, 6470772]
[paragraph, [248.0, 241.0, 851.0, 36.0], 8P91g7SuS_, 6470772]
[paragraph, [248.0, 277.0, 851.0, 36.0], 8P91g7SuS_, 6470772]
[paragraph, [248.0, 313.0, 851.0, 36.0], 8P91g7SuS_, 6470772]
[paragraph, [248.0, 349.0, 851.0, 36.0], 8P91g7SuS_, 6470772]
[paragraph, [248.0, 385.0, 851.0, 36.0], 8P91g7SuS_, 6470772]
[paragraph, [251.0, 461.0, 851.0, 36.0], OGd2Bl_y4s, 6470772]
[paragraph, [251.0, 497.0, 851.0, 36.0], OGd2Bl_y4s, 6470772]
[paragraph, [251.0, 533.0, 851.0, 36.0], OGd2Bl_y4s, 6470772]
[paragraph, [251.0, 569.0, 851.0, 36.0], OGd2Bl_y4s, 6470772]
[paragraph, [251.0, 605.0, 851.0, 36.0], OGd2Bl_y4s, 6470772]
[paragraph, [251.0, 641.0, 851.0, 36.0], OGd2Bl_y4s, 6470772]
[paragraph, [251.0, 677.0, 851.0, 36.0], OGd2Bl_y4s, 6470772]
[paragraph, [251.0, 713.0, 851.0, 36.0], OGd2Bl_y4s, 6470772]
[paragraph, [251.0, 749.0, 851.0, 36.0], OGd2Bl_y4s, 6470772]
[paragraph, [251.0, 785.0, 851.0, 36.0], OGd2Bl_y4s, 6470772]
[paragraph, [255.0, 841.0, 849.0, 36.0], 5usl-wP8xc, 6470772]
[paragraph, [255.0, 877.0, 849.0, 36.0], 5usl-wP8xc, 6470772]
[paragraph, [255.0, 913.0, 849.0, 36.0], 5usl-wP8xc, 6470772]
[paragraph, [255.0, 949.0, 849.0, 36.0], 5usl-wP8xc, 6470772]
[paragraph, [255.0, 985.0, 849.0, 36.0], 5usl-wP8xc, 6470772]
[paragraph, [255.0, 1021.0, 849.0, 36.0], 5usl-wP8xc, 6470772]
[paragraph, [255.0, 1057.0, 849.0, 36.0], 5usl-wP8xc, 6470772]
[paragraph, [255.0, 1093.0, 849.0, 36.0], 5usl-wP8xc, 6470772]
[paragraph, [255.0, 1129.0, 849.0, 36.0], 5usl-wP8xc, 6470772]
[paragraph, [255.0, 1165.0, 849.0, 36.0], 5usl-wP8xc, 6470772]
[paragraph, [255.0, 1201.0, 849.0, 36.0], 5usl-wP8xc, 6470772]
[paragraph, [255.0, 1237.0, 849.0, 36.0], 5usl-wP8xc, 6470772]
[paragraph, [255.0, 1273.0, 849.0, 36.0], 5usl-wP8xc, 6470772]
[paragraph, [255.0, 1309.0, 849.0, 36.0], 5usl-wP8xc, 6470772]
