[1755, 1240]
[paragraph, [193.0, 206.0, 940.0, 36.0], r5ls74YE7-, 5743518]
[paragraph, [193.0, 242.0, 940.0, 36.0], r5ls74YE7-, 5743518]
[paragraph, [193.0, 278.0, 940.0, 36.0], r5ls74YE7-, 5743518]
[paragraph, [193.0, 314.0, 940.0, 36.0], r5ls74YE7-, 5743518]
[paragraph, [193.0, 350.0, 940.0, 36.0], r5ls74YE7-, 5743518]
[paragraph, [190.0, 410.0, 953.0, 36.0], 12H3DPvrO0, 5743518]
[paragraph, [190.0, 446.0, 953.0, 36.0], 12H3DPvrO0, 5743518]
[paragraph, [190.0, 482.0, 953.0, 36.0], 12H3DPvrO0, 5743518]
[paragraph, [190.0, 518.0, 953.0, 36.0], 12H3DPvrO0, 5743518]
[paragraph, [190.0, 554.0, 953.0, 36.0], 12H3DPvrO0, 5743518]
[paragraph, [190.0, 590.0, 953.0, 36.0], 12H3DPvrO0, 5743518]
[paragraph, [190.0, 626.0, 953.0, 36.0], 12H3DPvrO0, 5743518]
[paragraph, [190.0, 662.0, 953.0, 36.0], 12H3DPvrO0, 5743518]
[paragraph, [190.0, 698.0, 953.0, 36.0], 12H3DPvrO0, 5743518]
[paragraph, [190.0, 734.0, 953.0, 36.0], 12H3DPvrO0, 5743518]
[paragraph, [190.0, 770.0, 953.0, 36.0], 12H3DPvrO0, 5743518]
[paragraph, [190.0, 806.0, 953.0, 36.0], 12H3DPvrO0, 5743518]
[paragraph, [190.0, 842.0, 953.0, 36.0], 12H3DPvrO0, 5743518]
[paragraph, [190.0, 878.0, 953.0, 36.0], 12H3DPvrO0, 5743518]
[paragraph, [192.0, 933.0, 950.0, 36.0], 1UGCl894Kw, 5743518]
[paragraph, [192.0, 969.0, 950.0, 36.0], 1UGCl894Kw, 5743518]
[paragraph, [192.0, 1005.0, 950.0, 36.0], 1UGCl894Kw, 5743518]
[paragraph, [192.0, 1041.0, 950.0, 36.0], 1UGCl894Kw, 5743518]
[paragraph, [192.0, 1077.0, 950.0, 36.0], 1UGCl894Kw, 5743518]
[paragraph, [192.0, 1113.0, 950.0, 36.0], 1UGCl894Kw, 5743518]
[paragraph, [192.0, 1149.0, 950.0, 36.0], 1UGCl894Kw, 5743518]
[paragraph, [192.0, 1185.0, 950.0, 36.0], 1UGCl894Kw, 5743518]
[paragraph, [192.0, 1221.0, 950.0, 36.0], 1UGCl894Kw, 5743518]
[paragraph, [192.0, 1257.0, 950.0, 36.0], 1UGCl894Kw, 5743518]
[paragraph, [192.0, 1293.0, 950.0, 36.0], 1UGCl894Kw, 5743518]
[paragraph, [195.0, 1348.0, 940.0, 36.0], lpK3U3n_Ed, 5743518]
[paragraph, [195.0, 1384.0, 940.0, 36.0], lpK3U3n_Ed, 5743518]
[paragraph, [195.0, 1420.0, 940.0, 36.0], lpK3U3n_Ed, 5743518]
[paragraph, [195.0, 1456.0, 940.0, 36.0], lpK3U3n_Ed, 5743518]
[paragraph, [195.0, 1492.0, 940.0, 36.0], lpK3U3n_Ed, 5743518]
[paragraph, [195.0, 1528.0, 940.0, 36.0], lpK3U3n_Ed, 5743518]
[paragraph, [195.0, 1564.0, 940.0, 36.0], lpK3U3n_Ed, 5743518]
