[1839, 1268]
[paragraph, [172.0, 205.0, 934.0, 36.0], shoonya_0sCXTFUCIDGVP2, 5743836]
[paragraph, [172.0, 241.0, 934.0, 36.0], shoonya_0sCXTFUCIDGVP2, 5743836]
[paragraph, [172.0, 277.0, 934.0, 36.0], shoonya_0sCXTFUCIDGVP2, 5743836]
[paragraph, [172.0, 313.0, 934.0, 36.0], shoonya_0sCXTFUCIDGVP2, 5743836]
[paragraph, [172.0, 349.0, 934.0, 36.0], shoonya_0sCXTFUCIDGVP2, 5743836]
[paragraph, [174.0, 447.0, 939.0, 36.0], 8H2EX06Wrj, 5743836]
[paragraph, [174.0, 483.0, 939.0, 36.0], 8H2EX06Wrj, 5743836]
[paragraph, [174.0, 519.0, 939.0, 36.0], 8H2EX06Wrj, 5743836]
[paragraph, [174.0, 555.0, 939.0, 36.0], 8H2EX06Wrj, 5743836]
[paragraph, [174.0, 591.0, 939.0, 36.0], 8H2EX06Wrj, 5743836]
[paragraph, [174.0, 627.0, 939.0, 36.0], 8H2EX06Wrj, 5743836]
[paragraph, [174.0, 663.0, 939.0, 36.0], 8H2EX06Wrj, 5743836]
[paragraph, [174.0, 699.0, 939.0, 36.0], 8H2EX06Wrj, 5743836]
[paragraph, [174.0, 735.0, 939.0, 36.0], 8H2EX06Wrj, 5743836]
[paragraph, [174.0, 771.0, 939.0, 36.0], 8H2EX06Wrj, 5743836]
[paragraph, [174.0, 807.0, 939.0, 36.0], 8H2EX06Wrj, 5743836]
[paragraph, [174.0, 843.0, 939.0, 36.0], 8H2EX06Wrj, 5743836]
[paragraph, [174.0, 879.0, 939.0, 36.0], 8H2EX06Wrj, 5743836]
[paragraph, [174.0, 915.0, 939.0, 36.0], 8H2EX06Wrj, 5743836]
[paragraph, [174.0, 951.0, 939.0, 36.0], 8H2EX06Wrj, 5743836]
[paragraph, [174.0, 987.0, 939.0, 36.0], 8H2EX06Wrj, 5743836]
[paragraph, [174.0, 1023.0, 939.0, 36.0], 8H2EX06Wrj, 5743836]
[paragraph, [174.0, 1059.0, 939.0, 36.0], 8H2EX06Wrj, 5743836]
[paragraph, [174.0, 1095.0, 939.0, 36.0], 8H2EX06Wrj, 5743836]
[paragraph, [174.0, 1131.0, 939.0, 36.0], 8H2EX06Wrj, 5743836]
[paragraph, [174.0, 1167.0, 939.0, 36.0], 8H2EX06Wrj, 5743836]
[paragraph, [174.0, 1203.0, 939.0, 36.0], 8H2EX06Wrj, 5743836]
[paragraph, [174.0, 1239.0, 939.0, 36.0], 8H2EX06Wrj, 5743836]
[paragraph, [174.0, 1275.0, 939.0, 36.0], 8H2EX06Wrj, 5743836]
[paragraph, [174.0, 1311.0, 939.0, 36.0], 8H2EX06Wrj, 5743836]
[paragraph, [174.0, 1347.0, 939.0, 36.0], 8H2EX06Wrj, 5743836]
[paragraph, [174.0, 1383.0, 939.0, 36.0], 8H2EX06Wrj, 5743836]
[paragraph, [174.0, 1419.0, 939.0, 36.0], 8H2EX06Wrj, 5743836]
[paragraph, [174.0, 1455.0, 939.0, 36.0], 8H2EX06Wrj, 5743836]
[paragraph, [174.0, 1491.0, 939.0, 36.0], 8H2EX06Wrj, 5743836]
[paragraph, [174.0, 1527.0, 939.0, 36.0], 8H2EX06Wrj, 5743836]
[paragraph, [174.0, 1563.0, 939.0, 36.0], 8H2EX06Wrj, 5743836]
[paragraph, [174.0, 1599.0, 939.0, 36.0], 8H2EX06Wrj, 5743836]
