[1755, 1240]
[folio, [640.0, 74.0, 482.0, 36.0], 19dpe4vLxV, 5743691]
[paragraph, [200.0, 211.0, 942.0, 36.0], QOm6PP44G0, 5743691]
[paragraph, [200.0, 247.0, 942.0, 36.0], QOm6PP44G0, 5743691]
[paragraph, [200.0, 283.0, 942.0, 36.0], QOm6PP44G0, 5743691]
[paragraph, [200.0, 319.0, 942.0, 36.0], QOm6PP44G0, 5743691]
[paragraph, [200.0, 355.0, 942.0, 36.0], QOm6PP44G0, 5743691]
[paragraph, [200.0, 391.0, 942.0, 36.0], QOm6PP44G0, 5743691]
[paragraph, [200.0, 427.0, 942.0, 36.0], QOm6PP44G0, 5743691]
[paragraph, [200.0, 463.0, 942.0, 36.0], QOm6PP44G0, 5743691]
[paragraph, [200.0, 499.0, 942.0, 36.0], QOm6PP44G0, 5743691]
[paragraph, [200.0, 535.0, 942.0, 36.0], QOm6PP44G0, 5743691]
[paragraph, [200.0, 571.0, 942.0, 36.0], QOm6PP44G0, 5743691]
[paragraph, [200.0, 607.0, 942.0, 36.0], QOm6PP44G0, 5743691]
[paragraph, [200.0, 643.0, 942.0, 36.0], QOm6PP44G0, 5743691]
[paragraph, [200.0, 679.0, 942.0, 36.0], QOm6PP44G0, 5743691]
[paragraph, [200.0, 715.0, 942.0, 36.0], QOm6PP44G0, 5743691]
[paragraph, [200.0, 751.0, 942.0, 36.0], QOm6PP44G0, 5743691]
[paragraph, [200.0, 787.0, 942.0, 36.0], QOm6PP44G0, 5743691]
[paragraph, [200.0, 823.0, 942.0, 36.0], QOm6PP44G0, 5743691]
[paragraph, [200.0, 859.0, 942.0, 36.0], QOm6PP44G0, 5743691]
[paragraph, [200.0, 895.0, 942.0, 36.0], QOm6PP44G0, 5743691]
[paragraph, [200.0, 931.0, 942.0, 36.0], QOm6PP44G0, 5743691]
[paragraph, [200.0, 967.0, 942.0, 36.0], QOm6PP44G0, 5743691]
[paragraph, [200.0, 1003.0, 942.0, 36.0], QOm6PP44G0, 5743691]
[paragraph, [200.0, 1039.0, 942.0, 36.0], QOm6PP44G0, 5743691]
[paragraph, [200.0, 1075.0, 942.0, 36.0], QOm6PP44G0, 5743691]
[paragraph, [200.0, 1111.0, 942.0, 36.0], QOm6PP44G0, 5743691]
[paragraph, [200.0, 1147.0, 942.0, 36.0], QOm6PP44G0, 5743691]
[paragraph, [200.0, 1183.0, 942.0, 36.0], QOm6PP44G0, 5743691]
[paragraph, [200.0, 1219.0, 942.0, 36.0], QOm6PP44G0, 5743691]
[paragraph, [200.0, 1255.0, 942.0, 36.0], QOm6PP44G0, 5743691]
[paragraph, [200.0, 1291.0, 942.0, 36.0], QOm6PP44G0, 5743691]
[paragraph, [200.0, 1327.0, 942.0, 36.0], QOm6PP44G0, 5743691]
[paragraph, [200.0, 1363.0, 942.0, 36.0], QOm6PP44G0, 5743691]
[paragraph, [200.0, 1399.0, 942.0, 36.0], QOm6PP44G0, 5743691]
[paragraph, [200.0, 1435.0, 942.0, 36.0], QOm6PP44G0, 5743691]
[paragraph, [200.0, 1471.0, 942.0, 36.0], QOm6PP44G0, 5743691]
[paragraph, [200.0, 1507.0, 942.0, 36.0], QOm6PP44G0, 5743691]
[paragraph, [200.0, 1543.0, 942.0, 36.0], QOm6PP44G0, 5743691]
