[1755, 1240]
[paragraph, [221.0, 234.0, 795.0, 36.0], 21bVH-KKpJ, 5744195]
[paragraph, [221.0, 270.0, 795.0, 36.0], 21bVH-KKpJ, 5744195]
[paragraph, [221.0, 306.0, 795.0, 36.0], 21bVH-KKpJ, 5744195]
[paragraph, [221.0, 342.0, 795.0, 36.0], 21bVH-KKpJ, 5744195]
[paragraph, [221.0, 378.0, 795.0, 36.0], 21bVH-KKpJ, 5744195]
[paragraph, [221.0, 414.0, 795.0, 36.0], 21bVH-KKpJ, 5744195]
[paragraph, [221.0, 450.0, 795.0, 36.0], 21bVH-KKpJ, 5744195]
[paragraph, [221.0, 486.0, 795.0, 36.0], 21bVH-KKpJ, 5744195]
[paragraph, [221.0, 522.0, 795.0, 36.0], 21bVH-KKpJ, 5744195]
[paragraph, [221.0, 558.0, 795.0, 36.0], 21bVH-KKpJ, 5744195]
[paragraph, [221.0, 594.0, 795.0, 36.0], 21bVH-KKpJ, 5744195]
[paragraph, [221.0, 630.0, 795.0, 36.0], 21bVH-KKpJ, 5744195]
[paragraph, [221.0, 666.0, 795.0, 36.0], 21bVH-KKpJ, 5744195]
[paragraph, [221.0, 702.0, 795.0, 36.0], 21bVH-KKpJ, 5744195]
[paragraph, [221.0, 738.0, 795.0, 36.0], 21bVH-KKpJ, 5744195]
[paragraph, [221.0, 774.0, 795.0, 36.0], 21bVH-KKpJ, 5744195]
[paragraph, [221.0, 810.0, 795.0, 36.0], 21bVH-KKpJ, 5744195]
[paragraph, [221.0, 846.0, 795.0, 36.0], 21bVH-KKpJ, 5744195]
[paragraph, [221.0, 882.0, 795.0, 36.0], 21bVH-KKpJ, 5744195]
[paragraph, [221.0, 918.0, 795.0, 36.0], 21bVH-KKpJ, 5744195]
[paragraph, [221.0, 954.0, 795.0, 36.0], 21bVH-KKpJ, 5744195]
[paragraph, [221.0, 990.0, 795.0, 36.0], 21bVH-KKpJ, 5744195]
[paragraph, [221.0, 1026.0, 795.0, 36.0], 21bVH-KKpJ, 5744195]
[paragraph, [221.0, 1062.0, 795.0, 36.0], 21bVH-KKpJ, 5744195]
[paragraph, [221.0, 1098.0, 795.0, 36.0], 21bVH-KKpJ, 5744195]
[paragraph, [221.0, 1134.0, 795.0, 36.0], 21bVH-KKpJ, 5744195]
[paragraph, [221.0, 1170.0, 795.0, 36.0], 21bVH-KKpJ, 5744195]
[paragraph, [221.0, 1206.0, 795.0, 36.0], 21bVH-KKpJ, 5744195]
[paragraph, [221.0, 1242.0, 795.0, 36.0], 21bVH-KKpJ, 5744195]
[paragraph, [221.0, 1278.0, 795.0, 36.0], 21bVH-KKpJ, 5744195]
[paragraph, [221.0, 1314.0, 795.0, 36.0], 21bVH-KKpJ, 5744195]
[paragraph, [221.0, 1350.0, 795.0, 36.0], 21bVH-KKpJ, 5744195]
[paragraph, [221.0, 1386.0, 795.0, 36.0], 21bVH-KKpJ, 5744195]
[paragraph, [221.0, 1422.0, 795.0, 36.0], 21bVH-KKpJ, 5744195]
