[1755, 1240]
[folio, [633.0, 76.0, 504.0, 36.0], EbI1UPUtoP, 5743686]
[contact-info, [434.0, 253.0, 459.0, 36.0], lytA1dXC2Y, 5743686]
[answer, [206.0, 340.0, 383.0, 36.0], n8owgoCFks, 5743686]
[answer, [203.0, 520.0, 716.0, 36.0], 3IT-CYhynP, 5743686]
[answer, [200.0, 663.0, 493.0, 36.0], f3jNa1O8q-, 5743686]
[answer, [200.0, 750.0, 928.0, 36.0], HKIq_eN80i, 5743686]
[answer, [200.0, 786.0, 928.0, 36.0], HKIq_eN80i, 5743686]
[answer, [200.0, 822.0, 928.0, 36.0], HKIq_eN80i, 5743686]
[answer, [200.0, 858.0, 928.0, 36.0], HKIq_eN80i, 5743686]
[answer, [203.0, 980.0, 934.0, 36.0], DxCgQZaVBR, 5743686]
[answer, [203.0, 1016.0, 934.0, 36.0], DxCgQZaVBR, 5743686]
[answer, [203.0, 1052.0, 934.0, 36.0], DxCgQZaVBR, 5743686]
[answer, [198.0, 1205.0, 943.0, 36.0], zHIpdiOGkO, 5743686]
[answer, [198.0, 1241.0, 943.0, 36.0], zHIpdiOGkO, 5743686]
[answer, [198.0, 1277.0, 943.0, 36.0], zHIpdiOGkO, 5743686]
[answer, [198.0, 1313.0, 943.0, 36.0], zHIpdiOGkO, 5743686]
[answer, [198.0, 1349.0, 943.0, 36.0], zHIpdiOGkO, 5743686]
[answer, [198.0, 1385.0, 943.0, 36.0], zHIpdiOGkO, 5743686]
[answer, [197.0, 1523.0, 934.0, 36.0], f-jFDh-av_, 5743686]
