[792, 612]
[paragraph, [112.0, 69.0, 419.0, 18.0], shoonya_0sLDDRH8U69DY0, 5744212]
[paragraph, [112.0, 87.0, 419.0, 18.0], shoonya_0sLDDRH8U69DY0, 5744212]
[paragraph, [113.0, 123.0, 421.0, 18.0], hZTH-AUJPM, 5744212]
[paragraph, [113.0, 141.0, 421.0, 18.0], hZTH-AUJPM, 5744212]
[paragraph, [113.0, 159.0, 421.0, 18.0], hZTH-AUJPM, 5744212]
[paragraph, [113.0, 177.0, 421.0, 18.0], hZTH-AUJPM, 5744212]
[paragraph, [113.0, 195.0, 421.0, 18.0], hZTH-AUJPM, 5744212]
[paragraph, [113.0, 213.0, 421.0, 18.0], hZTH-AUJPM, 5744212]
[paragraph, [113.0, 231.0, 421.0, 18.0], hZTH-AUJPM, 5744212]
[paragraph, [113.0, 249.0, 421.0, 18.0], hZTH-AUJPM, 5744212]
[paragraph, [113.0, 267.0, 421.0, 18.0], hZTH-AUJPM, 5744212]
[paragraph, [113.0, 285.0, 421.0, 18.0], hZTH-AUJPM, 5744212]
[paragraph, [113.0, 303.0, 421.0, 18.0], hZTH-AUJPM, 5744212]
[paragraph, [113.0, 321.0, 421.0, 18.0], hZTH-AUJPM, 5744212]
[paragraph, [113.0, 339.0, 421.0, 18.0], hZTH-AUJPM, 5744212]
[paragraph, [113.0, 357.0, 421.0, 18.0], hZTH-AUJPM, 5744212]
[paragraph, [113.0, 387.0, 422.0, 18.0], T--_Kq78Dx, 5744212]
[paragraph, [113.0, 405.0, 422.0, 18.0], T--_Kq78Dx, 5744212]
[paragraph, [113.0, 423.0, 422.0, 18.0], T--_Kq78Dx, 5744212]
[paragraph, [113.0, 441.0, 422.0, 18.0], T--_Kq78Dx, 5744212]
[paragraph, [113.0, 459.0, 422.0, 18.0], T--_Kq78Dx, 5744212]
[paragraph, [113.0, 477.0, 422.0, 18.0], T--_Kq78Dx, 5744212]
[paragraph, [113.0, 495.0, 422.0, 18.0], T--_Kq78Dx, 5744212]
[paragraph, [113.0, 513.0, 422.0, 18.0], T--_Kq78Dx, 5744212]
[paragraph, [113.0, 531.0, 422.0, 18.0], T--_Kq78Dx, 5744212]
[paragraph, [113.0, 549.0, 422.0, 18.0], T--_Kq78Dx, 5744212]
[paragraph, [113.0, 567.0, 422.0, 18.0], T--_Kq78Dx, 5744212]
[paragraph, [113.0, 585.0, 422.0, 18.0], T--_Kq78Dx, 5744212]
[paragraph, [113.0, 603.0, 422.0, 18.0], T--_Kq78Dx, 5744212]
[paragraph, [110.0, 671.0, 420.0, 18.0], nf9hsWzKyd, 5744212]
[paragraph, [110.0, 689.0, 420.0, 18.0], nf9hsWzKyd, 5744212]
