[792, 612]
[paragraph, [113.0, 70.0, 422.0, 18.0], gx7fsx4stT, 5744274]
[paragraph, [113.0, 88.0, 422.0, 18.0], gx7fsx4stT, 5744274]
[paragraph, [113.0, 106.0, 422.0, 18.0], gx7fsx4stT, 5744274]
[paragraph, [113.0, 124.0, 422.0, 18.0], gx7fsx4stT, 5744274]
[paragraph, [113.0, 142.0, 422.0, 18.0], gx7fsx4stT, 5744274]
[paragraph, [113.0, 160.0, 422.0, 18.0], gx7fsx4stT, 5744274]
[paragraph, [113.0, 178.0, 422.0, 18.0], gx7fsx4stT, 5744274]
[paragraph, [113.0, 196.0, 422.0, 18.0], gx7fsx4stT, 5744274]
[paragraph, [113.0, 214.0, 422.0, 18.0], gx7fsx4stT, 5744274]
[paragraph, [113.0, 232.0, 422.0, 18.0], gx7fsx4stT, 5744274]
[paragraph, [113.0, 250.0, 422.0, 18.0], gx7fsx4stT, 5744274]
[paragraph, [113.0, 268.0, 422.0, 18.0], gx7fsx4stT, 5744274]
[paragraph, [113.0, 286.0, 422.0, 18.0], gx7fsx4stT, 5744274]
[paragraph, [111.0, 309.0, 425.0, 18.0], 5Q07zRwj3H, 5744274]
[paragraph, [111.0, 327.0, 425.0, 18.0], 5Q07zRwj3H, 5744274]
[paragraph, [111.0, 345.0, 425.0, 18.0], 5Q07zRwj3H, 5744274]
[paragraph, [111.0, 363.0, 425.0, 18.0], 5Q07zRwj3H, 5744274]
[paragraph, [111.0, 381.0, 425.0, 18.0], 5Q07zRwj3H, 5744274]
[paragraph, [111.0, 399.0, 425.0, 18.0], 5Q07zRwj3H, 5744274]
[paragraph, [111.0, 417.0, 425.0, 18.0], 5Q07zRwj3H, 5744274]
[paragraph, [111.0, 435.0, 425.0, 18.0], 5Q07zRwj3H, 5744274]
[paragraph, [111.0, 453.0, 425.0, 18.0], 5Q07zRwj3H, 5744274]
[paragraph, [111.0, 471.0, 425.0, 18.0], 5Q07zRwj3H, 5744274]
[paragraph, [111.0, 489.0, 425.0, 18.0], 5Q07zRwj3H, 5744274]
[paragraph, [111.0, 507.0, 425.0, 18.0], 5Q07zRwj3H, 5744274]
[paragraph, [111.0, 525.0, 425.0, 18.0], 5Q07zRwj3H, 5744274]
[paragraph, [111.0, 543.0, 425.0, 18.0], 5Q07zRwj3H, 5744274]
[paragraph, [111.0, 561.0, 425.0, 18.0], 5Q07zRwj3H, 5744274]
[paragraph, [111.0, 579.0, 425.0, 18.0], 5Q07zRwj3H, 5744274]
[paragraph, [111.0, 597.0, 425.0, 18.0], 5Q07zRwj3H, 5744274]
[paragraph, [111.0, 615.0, 425.0, 18.0], 5Q07zRwj3H, 5744274]
[paragraph, [111.0, 633.0, 425.0, 18.0], 5Q07zRwj3H, 5744274]
[paragraph, [111.0, 651.0, 425.0, 18.0], 5Q07zRwj3H, 5744274]
[paragraph, [111.0, 669.0, 425.0, 18.0], 5Q07zRwj3H, 5744274]
[paragraph, [111.0, 687.0, 425.0, 18.0], 5Q07zRwj3H, 5744274]
