[792, 612]
[answer, [109.0, 98.0, 382.0, 18.0], 5jqzYndYUR, 5743504]
[answer, [109.0, 116.0, 382.0, 18.0], 5jqzYndYUR, 5743504]
[answer, [113.0, 198.0, 422.0, 18.0], 6oeQKWPIch, 5743504]
[answer, [113.0, 216.0, 422.0, 18.0], 6oeQKWPIch, 5743504]
[answer, [113.0, 234.0, 422.0, 18.0], 6oeQKWPIch, 5743504]
[answer, [113.0, 252.0, 422.0, 18.0], 6oeQKWPIch, 5743504]
[answer, [104.0, 334.0, 405.0, 18.0], Nm4In2g7Hp, 5743504]
[answer, [113.0, 407.0, 81.0, 18.0], shoonya_1s979L3BMWVRXW, 5743504]
[author, [113.0, 477.0, 385.0, 18.0], shoonya_5s38TZ44O1UO26, 5743504]
[author, [113.0, 495.0, 385.0, 18.0], shoonya_5s38TZ44O1UO26, 5743504]
[author, [113.0, 513.0, 385.0, 18.0], shoonya_5s38TZ44O1UO26, 5743504]
[author, [113.0, 531.0, 385.0, 18.0], shoonya_5s38TZ44O1UO26, 5743504]
[answer, [111.0, 613.0, 416.0, 18.0], shoonya_2s4GA5INC47R9F, 5743504]
[answer, [111.0, 631.0, 416.0, 18.0], shoonya_2s4GA5INC47R9F, 5743504]
