[792, 612]
[paragraph, [112.0, 69.0, 416.0, 18.0], shoonya_0sHDJGCLSOTP9Q, 5744370]
[paragraph, [112.0, 87.0, 416.0, 18.0], shoonya_0sHDJGCLSOTP9Q, 5744370]
[paragraph, [112.0, 105.0, 416.0, 18.0], shoonya_0sHDJGCLSOTP9Q, 5744370]
[paragraph, [114.0, 175.0, 419.0, 18.0], 11bajVVGht, 5744370]
[paragraph, [114.0, 193.0, 419.0, 18.0], 11bajVVGht, 5744370]
[paragraph, [114.0, 211.0, 419.0, 18.0], 11bajVVGht, 5744370]
[paragraph, [114.0, 229.0, 419.0, 18.0], 11bajVVGht, 5744370]
[paragraph, [114.0, 247.0, 419.0, 18.0], 11bajVVGht, 5744370]
[paragraph, [113.0, 302.0, 418.0, 18.0], _AQL0ss_y4, 5744370]
[paragraph, [113.0, 320.0, 418.0, 18.0], _AQL0ss_y4, 5744370]
[paragraph, [113.0, 338.0, 418.0, 18.0], _AQL0ss_y4, 5744370]
[paragraph, [113.0, 356.0, 418.0, 18.0], _AQL0ss_y4, 5744370]
[paragraph, [113.0, 374.0, 418.0, 18.0], _AQL0ss_y4, 5744370]
[paragraph, [113.0, 392.0, 418.0, 18.0], _AQL0ss_y4, 5744370]
[paragraph, [113.0, 410.0, 418.0, 18.0], _AQL0ss_y4, 5744370]
[paragraph, [113.0, 428.0, 418.0, 18.0], _AQL0ss_y4, 5744370]
[paragraph, [113.0, 446.0, 418.0, 18.0], _AQL0ss_y4, 5744370]
[paragraph, [113.0, 464.0, 418.0, 18.0], _AQL0ss_y4, 5744370]
[paragraph, [113.0, 482.0, 418.0, 18.0], _AQL0ss_y4, 5744370]
[paragraph, [113.0, 500.0, 418.0, 18.0], _AQL0ss_y4, 5744370]
[paragraph, [113.0, 518.0, 418.0, 18.0], _AQL0ss_y4, 5744370]
[paragraph, [111.0, 542.0, 422.0, 18.0], 1_W59HzCab, 5744370]
[paragraph, [111.0, 560.0, 422.0, 18.0], 1_W59HzCab, 5744370]
[paragraph, [111.0, 578.0, 422.0, 18.0], 1_W59HzCab, 5744370]
[paragraph, [111.0, 596.0, 422.0, 18.0], 1_W59HzCab, 5744370]
[paragraph, [111.0, 614.0, 422.0, 18.0], 1_W59HzCab, 5744370]
[paragraph, [111.0, 632.0, 422.0, 18.0], 1_W59HzCab, 5744370]
[paragraph, [111.0, 650.0, 422.0, 18.0], 1_W59HzCab, 5744370]
[paragraph, [111.0, 668.0, 422.0, 18.0], 1_W59HzCab, 5744370]
[paragraph, [111.0, 686.0, 422.0, 18.0], 1_W59HzCab, 5744370]
