[644, 393]
[folio, [165.0, 31.0, 81.0, 18.0], Hx7-o-16du, 6458957]
[paragraph, [26.0, 57.0, 333.0, 18.0], 20yLmb4r8i, 6458957]
[paragraph, [26.0, 75.0, 333.0, 18.0], 20yLmb4r8i, 6458957]
[paragraph, [26.0, 93.0, 333.0, 18.0], 20yLmb4r8i, 6458957]
[paragraph, [26.0, 111.0, 333.0, 18.0], 20yLmb4r8i, 6458957]
[paragraph, [26.0, 129.0, 333.0, 18.0], 20yLmb4r8i, 6458957]
[paragraph, [26.0, 147.0, 333.0, 18.0], 20yLmb4r8i, 6458957]
[paragraph, [26.0, 165.0, 333.0, 18.0], 20yLmb4r8i, 6458957]
[paragraph, [26.0, 183.0, 333.0, 18.0], 20yLmb4r8i, 6458957]
[paragraph, [26.0, 201.0, 333.0, 18.0], 20yLmb4r8i, 6458957]
[paragraph, [26.0, 219.0, 333.0, 18.0], 20yLmb4r8i, 6458957]
[paragraph, [26.0, 237.0, 333.0, 18.0], 20yLmb4r8i, 6458957]
[paragraph, [26.0, 255.0, 333.0, 18.0], 20yLmb4r8i, 6458957]
[paragraph, [26.0, 273.0, 333.0, 18.0], 20yLmb4r8i, 6458957]
[paragraph, [26.0, 291.0, 333.0, 18.0], 20yLmb4r8i, 6458957]
[paragraph, [26.0, 309.0, 333.0, 18.0], 20yLmb4r8i, 6458957]
[paragraph, [26.0, 327.0, 333.0, 18.0], 20yLmb4r8i, 6458957]
[paragraph, [26.0, 345.0, 333.0, 18.0], 20yLmb4r8i, 6458957]
[paragraph, [26.0, 363.0, 333.0, 18.0], 20yLmb4r8i, 6458957]
[paragraph, [26.0, 381.0, 333.0, 18.0], 20yLmb4r8i, 6458957]
[paragraph, [33.0, 408.0, 330.0, 18.0], VKKFafLScW, 6458957]
[paragraph, [33.0, 426.0, 330.0, 18.0], VKKFafLScW, 6458957]
[paragraph, [33.0, 444.0, 330.0, 18.0], VKKFafLScW, 6458957]
[paragraph, [33.0, 462.0, 330.0, 18.0], VKKFafLScW, 6458957]
[paragraph, [33.0, 480.0, 330.0, 18.0], VKKFafLScW, 6458957]
[paragraph, [33.0, 498.0, 330.0, 18.0], VKKFafLScW, 6458957]
[paragraph, [35.0, 552.0, 328.0, 18.0], BVWavTzbnp, 6458957]
[paragraph, [35.0, 570.0, 328.0, 18.0], BVWavTzbnp, 6458957]
[paragraph, [35.0, 588.0, 328.0, 18.0], BVWavTzbnp, 6458957]
