[644, 393]
[folio, [159.0, 33.0, 66.0, 18.0], Lyl7wGS71T, 6458845]
[paragraph, [28.0, 56.0, 335.0, 18.0], Zj3cR1vZiC, 6458845]
[paragraph, [28.0, 74.0, 335.0, 18.0], Zj3cR1vZiC, 6458845]
[paragraph, [28.0, 92.0, 335.0, 18.0], Zj3cR1vZiC, 6458845]
[paragraph, [28.0, 110.0, 335.0, 18.0], Zj3cR1vZiC, 6458845]
[paragraph, [28.0, 128.0, 335.0, 18.0], Zj3cR1vZiC, 6458845]
[paragraph, [28.0, 146.0, 335.0, 18.0], Zj3cR1vZiC, 6458845]
[paragraph, [28.0, 164.0, 335.0, 18.0], Zj3cR1vZiC, 6458845]
[paragraph, [28.0, 182.0, 335.0, 18.0], Zj3cR1vZiC, 6458845]
[paragraph, [28.0, 200.0, 335.0, 18.0], Zj3cR1vZiC, 6458845]
[paragraph, [81.0, 223.0, 223.0, 18.0], CsoacFwA6e, 6458845]
[paragraph, [29.0, 250.0, 331.0, 18.0], 1e1mT1Lol_, 6458845]
[paragraph, [29.0, 268.0, 331.0, 18.0], 1e1mT1Lol_, 6458845]
[paragraph, [29.0, 286.0, 331.0, 18.0], 1e1mT1Lol_, 6458845]
[paragraph, [29.0, 304.0, 331.0, 18.0], 1e1mT1Lol_, 6458845]
[paragraph, [29.0, 322.0, 331.0, 18.0], 1e1mT1Lol_, 6458845]
[paragraph, [30.0, 383.0, 334.0, 18.0], gyyC12_XvR, 6458845]
[paragraph, [30.0, 401.0, 334.0, 18.0], gyyC12_XvR, 6458845]
[paragraph, [30.0, 419.0, 334.0, 18.0], gyyC12_XvR, 6458845]
[paragraph, [30.0, 437.0, 334.0, 18.0], gyyC12_XvR, 6458845]
[paragraph, [30.0, 455.0, 334.0, 18.0], gyyC12_XvR, 6458845]
[paragraph, [30.0, 473.0, 334.0, 18.0], gyyC12_XvR, 6458845]
[paragraph, [30.0, 491.0, 334.0, 18.0], gyyC12_XvR, 6458845]
[paragraph, [30.0, 509.0, 334.0, 18.0], gyyC12_XvR, 6458845]
[paragraph, [30.0, 527.0, 334.0, 18.0], gyyC12_XvR, 6458845]
[paragraph, [30.0, 545.0, 334.0, 18.0], gyyC12_XvR, 6458845]
[paragraph, [30.0, 563.0, 334.0, 18.0], gyyC12_XvR, 6458845]
[paragraph, [30.0, 581.0, 334.0, 18.0], gyyC12_XvR, 6458845]
