[1468, 909]
[headline, [364.0, 67.0, 275.0, 25.5], Y_kmHLDsdk, 5770150]
[headline, [364.0, 92.5, 275.0, 25.5], Y_kmHLDsdk, 5770150]
[paragraph, [63.0, 134.0, 388.0, 18.0], wED4macdfr, 5770150]
[paragraph, [63.0, 152.0, 388.0, 18.0], wED4macdfr, 5770150]
[paragraph, [63.0, 170.0, 388.0, 18.0], wED4macdfr, 5770150]
[paragraph, [63.0, 188.0, 388.0, 18.0], wED4macdfr, 5770150]
[paragraph, [63.0, 206.0, 388.0, 18.0], wED4macdfr, 5770150]
[paragraph, [63.0, 224.0, 388.0, 18.0], wED4macdfr, 5770150]
[paragraph, [63.0, 242.0, 388.0, 18.0], wED4macdfr, 5770150]
[paragraph, [459.0, 141.0, 377.0, 18.0], tz3VY79wJM, 5770150]
[paragraph, [459.0, 159.0, 377.0, 18.0], tz3VY79wJM, 5770150]
[paragraph, [459.0, 177.0, 377.0, 18.0], tz3VY79wJM, 5770150]
[paragraph, [459.0, 195.0, 377.0, 18.0], tz3VY79wJM, 5770150]
[paragraph, [459.0, 213.0, 377.0, 18.0], tz3VY79wJM, 5770150]
[paragraph, [459.0, 231.0, 377.0, 18.0], tz3VY79wJM, 5770150]
[paragraph, [459.0, 249.0, 377.0, 18.0], tz3VY79wJM, 5770150]
[paragraph, [459.0, 267.0, 377.0, 18.0], tz3VY79wJM, 5770150]
[paragraph, [459.0, 285.0, 377.0, 18.0], tz3VY79wJM, 5770150]
[paragraph, [459.0, 303.0, 377.0, 18.0], tz3VY79wJM, 5770150]
[paragraph, [459.0, 321.0, 377.0, 18.0], tz3VY79wJM, 5770150]
[paragraph, [459.0, 339.0, 377.0, 18.0], tz3VY79wJM, 5770150]
[paragraph, [459.0, 357.0, 377.0, 18.0], tz3VY79wJM, 5770150]
[paragraph, [459.0, 375.0, 377.0, 18.0], tz3VY79wJM, 5770150]
[paragraph, [459.0, 393.0, 377.0, 18.0], tz3VY79wJM, 5770150]
[paragraph, [459.0, 411.0, 377.0, 18.0], tz3VY79wJM, 5770150]
[paragraph, [459.0, 429.0, 377.0, 18.0], tz3VY79wJM, 5770150]
[paragraph, [459.0, 447.0, 377.0, 18.0], tz3VY79wJM, 5770150]
[paragraph, [459.0, 465.0, 377.0, 18.0], tz3VY79wJM, 5770150]
[paragraph, [459.0, 483.0, 377.0, 18.0], tz3VY79wJM, 5770150]
[paragraph, [459.0, 501.0, 377.0, 18.0], tz3VY79wJM, 5770150]
[paragraph, [459.0, 519.0, 377.0, 18.0], tz3VY79wJM, 5770150]
[paragraph, [459.0, 537.0, 377.0, 18.0], tz3VY79wJM, 5770150]
[paragraph, [459.0, 555.0, 377.0, 18.0], tz3VY79wJM, 5770150]
[paragraph, [459.0, 573.0, 377.0, 18.0], tz3VY79wJM, 5770150]
[paragraph, [459.0, 591.0, 377.0, 18.0], tz3VY79wJM, 5770150]
[paragraph, [459.0, 609.0, 377.0, 18.0], tz3VY79wJM, 5770150]
[paragraph, [459.0, 627.0, 377.0, 18.0], tz3VY79wJM, 5770150]
[paragraph, [459.0, 645.0, 377.0, 18.0], tz3VY79wJM, 5770150]
[paragraph, [459.0, 663.0, 377.0, 18.0], tz3VY79wJM, 5770150]
[paragraph, [459.0, 681.0, 377.0, 18.0], tz3VY79wJM, 5770150]
[paragraph, [459.0, 699.0, 377.0, 18.0], tz3VY79wJM, 5770150]
[paragraph, [459.0, 717.0, 377.0, 18.0], tz3VY79wJM, 5770150]
[paragraph, [459.0, 735.0, 377.0, 18.0], tz3VY79wJM, 5770150]
[paragraph, [459.0, 753.0, 377.0, 18.0], tz3VY79wJM, 5770150]
[paragraph, [459.0, 771.0, 377.0, 18.0], tz3VY79wJM, 5770150]
[paragraph, [459.0, 789.0, 377.0, 18.0], tz3VY79wJM, 5770150]
[paragraph, [459.0, 807.0, 377.0, 18.0], tz3VY79wJM, 5770150]
[paragraph, [459.0, 825.0, 377.0, 18.0], tz3VY79wJM, 5770150]
[paragraph, [459.0, 843.0, 377.0, 18.0], tz3VY79wJM, 5770150]
[paragraph, [459.0, 861.0, 377.0, 18.0], tz3VY79wJM, 5770150]
[paragraph, [459.0, 879.0, 377.0, 18.0], tz3VY79wJM, 5770150]
[paragraph, [459.0, 897.0, 377.0, 18.0], tz3VY79wJM, 5770150]
[paragraph, [459.0, 915.0, 377.0, 18.0], tz3VY79wJM, 5770150]
[paragraph, [459.0, 933.0, 377.0, 18.0], tz3VY79wJM, 5770150]
[paragraph, [459.0, 951.0, 377.0, 18.0], tz3VY79wJM, 5770150]
[paragraph, [459.0, 969.0, 377.0, 18.0], tz3VY79wJM, 5770150]
[paragraph, [459.0, 987.0, 377.0, 18.0], tz3VY79wJM, 5770150]
[paragraph, [459.0, 1005.0, 377.0, 18.0], tz3VY79wJM, 5770150]
[paragraph, [459.0, 1023.0, 377.0, 18.0], tz3VY79wJM, 5770150]
[paragraph, [459.0, 1041.0, 377.0, 18.0], tz3VY79wJM, 5770150]
[paragraph, [79.0, 260.0, 370.0, 18.0], 8dCB0T0RT1, 5770150]
[paragraph, [79.0, 278.0, 370.0, 18.0], 8dCB0T0RT1, 5770150]
[paragraph, [79.0, 296.0, 370.0, 18.0], 8dCB0T0RT1, 5770150]
[paragraph, [79.0, 314.0, 370.0, 18.0], 8dCB0T0RT1, 5770150]
[paragraph, [69.0, 342.0, 382.0, 18.0], Pc-LqGfE4w, 5770150]
[paragraph, [69.0, 360.0, 382.0, 18.0], Pc-LqGfE4w, 5770150]
[paragraph, [69.0, 378.0, 382.0, 18.0], Pc-LqGfE4w, 5770150]
[paragraph, [69.0, 396.0, 382.0, 18.0], Pc-LqGfE4w, 5770150]
[paragraph, [69.0, 414.0, 382.0, 18.0], Pc-LqGfE4w, 5770150]
[paragraph, [69.0, 432.0, 382.0, 18.0], Pc-LqGfE4w, 5770150]
[paragraph, [69.0, 450.0, 382.0, 18.0], Pc-LqGfE4w, 5770150]
[paragraph, [69.0, 468.0, 382.0, 18.0], Pc-LqGfE4w, 5770150]
[paragraph, [69.0, 486.0, 382.0, 18.0], Pc-LqGfE4w, 5770150]
[paragraph, [69.0, 504.0, 382.0, 18.0], Pc-LqGfE4w, 5770150]
[paragraph, [69.0, 522.0, 382.0, 18.0], Pc-LqGfE4w, 5770150]
[paragraph, [69.0, 540.0, 382.0, 18.0], Pc-LqGfE4w, 5770150]
[paragraph, [69.0, 558.0, 382.0, 18.0], Pc-LqGfE4w, 5770150]
[paragraph, [69.0, 576.0, 382.0, 18.0], Pc-LqGfE4w, 5770150]
[paragraph, [69.0, 594.0, 382.0, 18.0], Pc-LqGfE4w, 5770150]
[paragraph, [69.0, 612.0, 382.0, 18.0], Pc-LqGfE4w, 5770150]
[paragraph, [69.0, 630.0, 382.0, 18.0], Pc-LqGfE4w, 5770150]
[paragraph, [69.0, 648.0, 382.0, 18.0], Pc-LqGfE4w, 5770150]
[paragraph, [69.0, 666.0, 382.0, 18.0], Pc-LqGfE4w, 5770150]
[paragraph, [69.0, 684.0, 382.0, 18.0], Pc-LqGfE4w, 5770150]
[paragraph, [69.0, 702.0, 382.0, 18.0], Pc-LqGfE4w, 5770150]
[paragraph, [69.0, 720.0, 382.0, 18.0], Pc-LqGfE4w, 5770150]
[paragraph, [69.0, 738.0, 382.0, 18.0], Pc-LqGfE4w, 5770150]
[paragraph, [69.0, 756.0, 382.0, 18.0], Pc-LqGfE4w, 5770150]
[paragraph, [69.0, 774.0, 382.0, 18.0], Pc-LqGfE4w, 5770150]
[paragraph, [69.0, 792.0, 382.0, 18.0], Pc-LqGfE4w, 5770150]
[paragraph, [69.0, 810.0, 382.0, 18.0], Pc-LqGfE4w, 5770150]
[paragraph, [69.0, 828.0, 382.0, 18.0], Pc-LqGfE4w, 5770150]
[paragraph, [66.0, 865.0, 382.0, 18.0], JTA4LC15I0, 5770150]
[paragraph, [66.0, 883.0, 382.0, 18.0], JTA4LC15I0, 5770150]
[paragraph, [66.0, 901.0, 382.0, 18.0], JTA4LC15I0, 5770150]
[paragraph, [66.0, 919.0, 382.0, 18.0], JTA4LC15I0, 5770150]
[paragraph, [66.0, 937.0, 382.0, 18.0], JTA4LC15I0, 5770150]
[paragraph, [66.0, 955.0, 382.0, 18.0], JTA4LC15I0, 5770150]
[paragraph, [66.0, 973.0, 382.0, 18.0], JTA4LC15I0, 5770150]
[paragraph, [66.0, 991.0, 382.0, 18.0], JTA4LC15I0, 5770150]
[paragraph, [66.0, 1009.0, 382.0, 18.0], JTA4LC15I0, 5770150]
[paragraph, [66.0, 1027.0, 382.0, 18.0], JTA4LC15I0, 5770150]
[paragraph, [66.0, 1045.0, 382.0, 18.0], JTA4LC15I0, 5770150]
[paragraph, [66.0, 1063.0, 382.0, 18.0], JTA4LC15I0, 5770150]
[paragraph, [66.0, 1081.0, 382.0, 18.0], JTA4LC15I0, 5770150]
[paragraph, [66.0, 1099.0, 382.0, 18.0], JTA4LC15I0, 5770150]
[paragraph, [66.0, 1117.0, 382.0, 18.0], JTA4LC15I0, 5770150]
[paragraph, [66.0, 1135.0, 382.0, 18.0], JTA4LC15I0, 5770150]
[paragraph, [66.0, 1153.0, 382.0, 18.0], JTA4LC15I0, 5770150]
[paragraph, [66.0, 1171.0, 382.0, 18.0], JTA4LC15I0, 5770150]
[paragraph, [66.0, 1189.0, 382.0, 18.0], JTA4LC15I0, 5770150]
[paragraph, [66.0, 1207.0, 382.0, 18.0], JTA4LC15I0, 5770150]
[paragraph, [66.0, 1225.0, 382.0, 18.0], JTA4LC15I0, 5770150]
[paragraph, [66.0, 1243.0, 382.0, 18.0], JTA4LC15I0, 5770150]
[paragraph, [66.0, 1261.0, 382.0, 18.0], JTA4LC15I0, 5770150]
[paragraph, [66.0, 1279.0, 382.0, 18.0], JTA4LC15I0, 5770150]
[paragraph, [66.0, 1297.0, 382.0, 18.0], JTA4LC15I0, 5770150]
[paragraph, [66.0, 1315.0, 382.0, 18.0], JTA4LC15I0, 5770150]
[paragraph, [66.0, 1333.0, 382.0, 18.0], JTA4LC15I0, 5770150]
[paragraph, [66.0, 1351.0, 382.0, 18.0], JTA4LC15I0, 5770150]
[paragraph, [66.0, 1369.0, 382.0, 18.0], JTA4LC15I0, 5770150]
[paragraph, [455.0, 1067.0, 382.0, 18.0], yzRvM1czMQ, 5770150]
[paragraph, [455.0, 1085.0, 382.0, 18.0], yzRvM1czMQ, 5770150]
[paragraph, [455.0, 1103.0, 382.0, 18.0], yzRvM1czMQ, 5770150]
[paragraph, [455.0, 1121.0, 382.0, 18.0], yzRvM1czMQ, 5770150]
[paragraph, [455.0, 1139.0, 382.0, 18.0], yzRvM1czMQ, 5770150]
[paragraph, [455.0, 1157.0, 382.0, 18.0], yzRvM1czMQ, 5770150]
[paragraph, [455.0, 1175.0, 382.0, 18.0], yzRvM1czMQ, 5770150]
[paragraph, [455.0, 1193.0, 382.0, 18.0], yzRvM1czMQ, 5770150]
[paragraph, [455.0, 1211.0, 382.0, 18.0], yzRvM1czMQ, 5770150]
[paragraph, [455.0, 1229.0, 382.0, 18.0], yzRvM1czMQ, 5770150]
[paragraph, [455.0, 1247.0, 382.0, 18.0], yzRvM1czMQ, 5770150]
[paragraph, [455.0, 1265.0, 382.0, 18.0], yzRvM1czMQ, 5770150]
[paragraph, [455.0, 1283.0, 382.0, 18.0], yzRvM1czMQ, 5770150]
[paragraph, [455.0, 1301.0, 382.0, 18.0], yzRvM1czMQ, 5770150]
[paragraph, [455.0, 1319.0, 382.0, 18.0], yzRvM1czMQ, 5770150]
[paragraph, [455.0, 1337.0, 382.0, 18.0], yzRvM1czMQ, 5770150]
[paragraph, [455.0, 1355.0, 382.0, 18.0], yzRvM1czMQ, 5770150]
[paragraph, [455.0, 1373.0, 382.0, 18.0], yzRvM1czMQ, 5770150]
