[1468, 909]
[folio, [371.0, 102.0, 190.0, 18.0], d9Vo8I9mNK, 5770237]
[folio, [371.0, 120.0, 190.0, 18.0], d9Vo8I9mNK, 5770237]
[paragraph, [89.0, 139.0, 368.0, 18.0], 1ISAijQkmn, 5770237]
[paragraph, [89.0, 157.0, 368.0, 18.0], 1ISAijQkmn, 5770237]
[paragraph, [89.0, 175.0, 368.0, 18.0], 1ISAijQkmn, 5770237]
[paragraph, [89.0, 193.0, 368.0, 18.0], 1ISAijQkmn, 5770237]
[paragraph, [89.0, 211.0, 368.0, 18.0], 1ISAijQkmn, 5770237]
[paragraph, [89.0, 229.0, 368.0, 18.0], 1ISAijQkmn, 5770237]
[paragraph, [484.0, 152.0, 332.0, 18.0], 98frVo3Zq1, 5770237]
[paragraph, [484.0, 170.0, 332.0, 18.0], 98frVo3Zq1, 5770237]
[paragraph, [484.0, 188.0, 332.0, 18.0], 98frVo3Zq1, 5770237]
[paragraph, [484.0, 206.0, 332.0, 18.0], 98frVo3Zq1, 5770237]
[paragraph, [484.0, 224.0, 332.0, 18.0], 98frVo3Zq1, 5770237]
[paragraph, [484.0, 242.0, 332.0, 18.0], 98frVo3Zq1, 5770237]
[paragraph, [484.0, 260.0, 332.0, 18.0], 98frVo3Zq1, 5770237]
[paragraph, [484.0, 278.0, 332.0, 18.0], 98frVo3Zq1, 5770237]
[paragraph, [484.0, 296.0, 332.0, 18.0], 98frVo3Zq1, 5770237]
[paragraph, [484.0, 314.0, 332.0, 18.0], 98frVo3Zq1, 5770237]
[paragraph, [484.0, 332.0, 332.0, 18.0], 98frVo3Zq1, 5770237]
[paragraph, [484.0, 350.0, 332.0, 18.0], 98frVo3Zq1, 5770237]
[paragraph, [484.0, 368.0, 332.0, 18.0], 98frVo3Zq1, 5770237]
[paragraph, [484.0, 386.0, 332.0, 18.0], 98frVo3Zq1, 5770237]
[paragraph, [484.0, 404.0, 332.0, 18.0], 98frVo3Zq1, 5770237]
[paragraph, [484.0, 422.0, 332.0, 18.0], 98frVo3Zq1, 5770237]
[paragraph, [484.0, 440.0, 332.0, 18.0], 98frVo3Zq1, 5770237]
[paragraph, [484.0, 458.0, 332.0, 18.0], 98frVo3Zq1, 5770237]
[paragraph, [484.0, 476.0, 332.0, 18.0], 98frVo3Zq1, 5770237]
[paragraph, [484.0, 494.0, 332.0, 18.0], 98frVo3Zq1, 5770237]
[paragraph, [484.0, 512.0, 332.0, 18.0], 98frVo3Zq1, 5770237]
[paragraph, [484.0, 530.0, 332.0, 18.0], 98frVo3Zq1, 5770237]
[paragraph, [484.0, 548.0, 332.0, 18.0], 98frVo3Zq1, 5770237]
[paragraph, [484.0, 566.0, 332.0, 18.0], 98frVo3Zq1, 5770237]
[paragraph, [484.0, 584.0, 332.0, 18.0], 98frVo3Zq1, 5770237]
[paragraph, [484.0, 602.0, 332.0, 18.0], 98frVo3Zq1, 5770237]
[paragraph, [484.0, 620.0, 332.0, 18.0], 98frVo3Zq1, 5770237]
[paragraph, [484.0, 638.0, 332.0, 18.0], 98frVo3Zq1, 5770237]
[paragraph, [484.0, 656.0, 332.0, 18.0], 98frVo3Zq1, 5770237]
[paragraph, [484.0, 674.0, 332.0, 18.0], 98frVo3Zq1, 5770237]
[paragraph, [484.0, 692.0, 332.0, 18.0], 98frVo3Zq1, 5770237]
[paragraph, [484.0, 710.0, 332.0, 18.0], 98frVo3Zq1, 5770237]
[paragraph, [484.0, 728.0, 332.0, 18.0], 98frVo3Zq1, 5770237]
[paragraph, [484.0, 746.0, 332.0, 18.0], 98frVo3Zq1, 5770237]
[paragraph, [484.0, 764.0, 332.0, 18.0], 98frVo3Zq1, 5770237]
[paragraph, [484.0, 782.0, 332.0, 18.0], 98frVo3Zq1, 5770237]
[paragraph, [484.0, 800.0, 332.0, 18.0], 98frVo3Zq1, 5770237]
[paragraph, [484.0, 818.0, 332.0, 18.0], 98frVo3Zq1, 5770237]
[paragraph, [484.0, 836.0, 332.0, 18.0], 98frVo3Zq1, 5770237]
[paragraph, [484.0, 854.0, 332.0, 18.0], 98frVo3Zq1, 5770237]
[paragraph, [484.0, 872.0, 332.0, 18.0], 98frVo3Zq1, 5770237]
[paragraph, [484.0, 890.0, 332.0, 18.0], 98frVo3Zq1, 5770237]
[paragraph, [484.0, 908.0, 332.0, 18.0], 98frVo3Zq1, 5770237]
[paragraph, [484.0, 926.0, 332.0, 18.0], 98frVo3Zq1, 5770237]
[paragraph, [484.0, 944.0, 332.0, 18.0], 98frVo3Zq1, 5770237]
[paragraph, [484.0, 962.0, 332.0, 18.0], 98frVo3Zq1, 5770237]
[paragraph, [484.0, 980.0, 332.0, 18.0], 98frVo3Zq1, 5770237]
[paragraph, [484.0, 998.0, 332.0, 18.0], 98frVo3Zq1, 5770237]
[paragraph, [484.0, 1016.0, 332.0, 18.0], 98frVo3Zq1, 5770237]
[paragraph, [484.0, 1034.0, 332.0, 18.0], 98frVo3Zq1, 5770237]
[paragraph, [484.0, 1052.0, 332.0, 18.0], 98frVo3Zq1, 5770237]
[paragraph, [484.0, 1070.0, 332.0, 18.0], 98frVo3Zq1, 5770237]
[paragraph, [484.0, 1088.0, 332.0, 18.0], 98frVo3Zq1, 5770237]
[paragraph, [484.0, 1106.0, 332.0, 18.0], 98frVo3Zq1, 5770237]
[paragraph, [484.0, 1124.0, 332.0, 18.0], 98frVo3Zq1, 5770237]
[paragraph, [484.0, 1142.0, 332.0, 18.0], 98frVo3Zq1, 5770237]
[paragraph, [484.0, 1160.0, 332.0, 18.0], 98frVo3Zq1, 5770237]
[paragraph, [484.0, 1178.0, 332.0, 18.0], 98frVo3Zq1, 5770237]
[paragraph, [484.0, 1196.0, 332.0, 18.0], 98frVo3Zq1, 5770237]
[paragraph, [484.0, 1214.0, 332.0, 18.0], 98frVo3Zq1, 5770237]
[paragraph, [484.0, 1232.0, 332.0, 18.0], 98frVo3Zq1, 5770237]
[paragraph, [484.0, 1250.0, 332.0, 18.0], 98frVo3Zq1, 5770237]
[paragraph, [484.0, 1268.0, 332.0, 18.0], 98frVo3Zq1, 5770237]
[paragraph, [484.0, 1286.0, 332.0, 18.0], 98frVo3Zq1, 5770237]
[paragraph, [484.0, 1304.0, 332.0, 18.0], 98frVo3Zq1, 5770237]
[paragraph, [484.0, 1322.0, 332.0, 18.0], 98frVo3Zq1, 5770237]
[paragraph, [484.0, 1340.0, 332.0, 18.0], 98frVo3Zq1, 5770237]
[paragraph, [484.0, 1358.0, 332.0, 18.0], 98frVo3Zq1, 5770237]
[paragraph, [97.0, 254.0, 363.0, 18.0], nwIW6u5oMu, 5770237]
[paragraph, [97.0, 272.0, 363.0, 18.0], nwIW6u5oMu, 5770237]
[paragraph, [97.0, 290.0, 363.0, 18.0], nwIW6u5oMu, 5770237]
[paragraph, [97.0, 308.0, 363.0, 18.0], nwIW6u5oMu, 5770237]
[paragraph, [97.0, 326.0, 363.0, 18.0], nwIW6u5oMu, 5770237]
[paragraph, [97.0, 344.0, 363.0, 18.0], nwIW6u5oMu, 5770237]
[paragraph, [97.0, 362.0, 363.0, 18.0], nwIW6u5oMu, 5770237]
[paragraph, [97.0, 380.0, 363.0, 18.0], nwIW6u5oMu, 5770237]
[paragraph, [97.0, 398.0, 363.0, 18.0], nwIW6u5oMu, 5770237]
[paragraph, [97.0, 416.0, 363.0, 18.0], nwIW6u5oMu, 5770237]
[paragraph, [97.0, 434.0, 363.0, 18.0], nwIW6u5oMu, 5770237]
[paragraph, [97.0, 452.0, 363.0, 18.0], nwIW6u5oMu, 5770237]
[paragraph, [97.0, 470.0, 363.0, 18.0], nwIW6u5oMu, 5770237]
[paragraph, [97.0, 488.0, 363.0, 18.0], nwIW6u5oMu, 5770237]
[paragraph, [97.0, 506.0, 363.0, 18.0], nwIW6u5oMu, 5770237]
[paragraph, [97.0, 524.0, 363.0, 18.0], nwIW6u5oMu, 5770237]
[paragraph, [97.0, 542.0, 363.0, 18.0], nwIW6u5oMu, 5770237]
[paragraph, [97.0, 560.0, 363.0, 18.0], nwIW6u5oMu, 5770237]
[paragraph, [97.0, 578.0, 363.0, 18.0], nwIW6u5oMu, 5770237]
[paragraph, [97.0, 596.0, 363.0, 18.0], nwIW6u5oMu, 5770237]
[paragraph, [97.0, 614.0, 363.0, 18.0], nwIW6u5oMu, 5770237]
[paragraph, [97.0, 632.0, 363.0, 18.0], nwIW6u5oMu, 5770237]
[paragraph, [97.0, 650.0, 363.0, 18.0], nwIW6u5oMu, 5770237]
[paragraph, [97.0, 668.0, 363.0, 18.0], nwIW6u5oMu, 5770237]
[paragraph, [97.0, 686.0, 363.0, 18.0], nwIW6u5oMu, 5770237]
[paragraph, [97.0, 704.0, 363.0, 18.0], nwIW6u5oMu, 5770237]
[paragraph, [97.0, 722.0, 363.0, 18.0], nwIW6u5oMu, 5770237]
[paragraph, [97.0, 740.0, 363.0, 18.0], nwIW6u5oMu, 5770237]
[paragraph, [97.0, 758.0, 363.0, 18.0], nwIW6u5oMu, 5770237]
[paragraph, [97.0, 776.0, 363.0, 18.0], nwIW6u5oMu, 5770237]
[paragraph, [97.0, 794.0, 363.0, 18.0], nwIW6u5oMu, 5770237]
[paragraph, [97.0, 812.0, 363.0, 18.0], nwIW6u5oMu, 5770237]
[paragraph, [97.0, 830.0, 363.0, 18.0], nwIW6u5oMu, 5770237]
[paragraph, [97.0, 848.0, 363.0, 18.0], nwIW6u5oMu, 5770237]
[paragraph, [97.0, 866.0, 363.0, 18.0], nwIW6u5oMu, 5770237]
[paragraph, [97.0, 884.0, 363.0, 18.0], nwIW6u5oMu, 5770237]
[paragraph, [97.0, 902.0, 363.0, 18.0], nwIW6u5oMu, 5770237]
[paragraph, [97.0, 920.0, 363.0, 18.0], nwIW6u5oMu, 5770237]
[paragraph, [97.0, 938.0, 363.0, 18.0], nwIW6u5oMu, 5770237]
[paragraph, [97.0, 956.0, 363.0, 18.0], nwIW6u5oMu, 5770237]
[paragraph, [97.0, 974.0, 363.0, 18.0], nwIW6u5oMu, 5770237]
[paragraph, [97.0, 992.0, 363.0, 18.0], nwIW6u5oMu, 5770237]
[paragraph, [97.0, 1010.0, 363.0, 18.0], nwIW6u5oMu, 5770237]
[paragraph, [97.0, 1028.0, 363.0, 18.0], nwIW6u5oMu, 5770237]
[paragraph, [97.0, 1046.0, 363.0, 18.0], nwIW6u5oMu, 5770237]
[paragraph, [97.0, 1064.0, 363.0, 18.0], nwIW6u5oMu, 5770237]
[paragraph, [97.0, 1082.0, 363.0, 18.0], nwIW6u5oMu, 5770237]
[paragraph, [97.0, 1100.0, 363.0, 18.0], nwIW6u5oMu, 5770237]
[paragraph, [97.0, 1118.0, 363.0, 18.0], nwIW6u5oMu, 5770237]
[paragraph, [97.0, 1136.0, 363.0, 18.0], nwIW6u5oMu, 5770237]
[paragraph, [97.0, 1154.0, 363.0, 18.0], nwIW6u5oMu, 5770237]
[paragraph, [97.0, 1172.0, 363.0, 18.0], nwIW6u5oMu, 5770237]
[paragraph, [97.0, 1190.0, 363.0, 18.0], nwIW6u5oMu, 5770237]
[paragraph, [97.0, 1208.0, 363.0, 18.0], nwIW6u5oMu, 5770237]
[paragraph, [97.0, 1226.0, 363.0, 18.0], nwIW6u5oMu, 5770237]
[paragraph, [97.0, 1244.0, 363.0, 18.0], nwIW6u5oMu, 5770237]
[paragraph, [97.0, 1262.0, 363.0, 18.0], nwIW6u5oMu, 5770237]
[paragraph, [97.0, 1280.0, 363.0, 18.0], nwIW6u5oMu, 5770237]
[paragraph, [98.0, 1299.0, 362.0, 18.0], 9u49Cmhxbp, 5770237]
[paragraph, [98.0, 1317.0, 362.0, 18.0], 9u49Cmhxbp, 5770237]
[paragraph, [98.0, 1335.0, 362.0, 18.0], 9u49Cmhxbp, 5770237]
[paragraph, [98.0, 1353.0, 362.0, 18.0], 9u49Cmhxbp, 5770237]
