[681, 511]
[folio, [309.0, 29.0, 133.0, 18.0], 2AIEAJibMP, 5761747]
[paragraph, [254.0, 54.0, 222.0, 18.0], fGasPyf0vX, 5761747]
[paragraph, [254.0, 72.0, 222.0, 18.0], fGasPyf0vX, 5761747]
[paragraph, [254.0, 90.0, 222.0, 18.0], fGasPyf0vX, 5761747]
[paragraph, [254.0, 108.0, 222.0, 18.0], fGasPyf0vX, 5761747]
[paragraph, [254.0, 126.0, 222.0, 18.0], fGasPyf0vX, 5761747]
[paragraph, [254.0, 144.0, 222.0, 18.0], fGasPyf0vX, 5761747]
[paragraph, [254.0, 162.0, 222.0, 18.0], fGasPyf0vX, 5761747]
[paragraph, [33.0, 58.0, 217.0, 18.0], shoonya_4s3M9WWHAIBBPZ, 5761747]
[paragraph, [26.0, 89.0, 225.0, 18.0], H79USYtQ_9, 5761747]
[paragraph, [26.0, 107.0, 225.0, 18.0], H79USYtQ_9, 5761747]
[paragraph, [26.0, 125.0, 225.0, 18.0], H79USYtQ_9, 5761747]
[paragraph, [26.0, 143.0, 225.0, 18.0], H79USYtQ_9, 5761747]
[paragraph, [26.0, 161.0, 225.0, 18.0], H79USYtQ_9, 5761747]
[paragraph, [26.0, 179.0, 225.0, 18.0], H79USYtQ_9, 5761747]
[paragraph, [26.0, 197.0, 225.0, 18.0], H79USYtQ_9, 5761747]
[paragraph, [26.0, 215.0, 225.0, 18.0], H79USYtQ_9, 5761747]
[paragraph, [26.0, 233.0, 225.0, 18.0], H79USYtQ_9, 5761747]
[paragraph, [26.0, 251.0, 225.0, 18.0], H79USYtQ_9, 5761747]
[paragraph, [26.0, 269.0, 225.0, 18.0], H79USYtQ_9, 5761747]
[paragraph, [26.0, 287.0, 225.0, 18.0], H79USYtQ_9, 5761747]
[paragraph, [26.0, 305.0, 225.0, 18.0], H79USYtQ_9, 5761747]
[paragraph, [26.0, 323.0, 225.0, 18.0], H79USYtQ_9, 5761747]
[paragraph, [26.0, 341.0, 225.0, 18.0], H79USYtQ_9, 5761747]
[paragraph, [26.0, 359.0, 225.0, 18.0], H79USYtQ_9, 5761747]
[paragraph, [26.0, 377.0, 225.0, 18.0], H79USYtQ_9, 5761747]
[paragraph, [26.0, 395.0, 225.0, 18.0], H79USYtQ_9, 5761747]
[paragraph, [26.0, 413.0, 225.0, 18.0], H79USYtQ_9, 5761747]
[paragraph, [26.0, 431.0, 225.0, 18.0], H79USYtQ_9, 5761747]
[paragraph, [26.0, 449.0, 225.0, 18.0], H79USYtQ_9, 5761747]
[paragraph, [256.0, 186.0, 226.0, 18.0], i_04sYRJ2f, 5761747]
[paragraph, [256.0, 204.0, 226.0, 18.0], i_04sYRJ2f, 5761747]
[paragraph, [256.0, 222.0, 226.0, 18.0], i_04sYRJ2f, 5761747]
[paragraph, [256.0, 240.0, 226.0, 18.0], i_04sYRJ2f, 5761747]
[paragraph, [256.0, 258.0, 226.0, 18.0], i_04sYRJ2f, 5761747]
[paragraph, [256.0, 276.0, 226.0, 18.0], i_04sYRJ2f, 5761747]
[paragraph, [256.0, 294.0, 226.0, 18.0], i_04sYRJ2f, 5761747]
[paragraph, [256.0, 312.0, 226.0, 18.0], i_04sYRJ2f, 5761747]
[paragraph, [256.0, 330.0, 226.0, 18.0], i_04sYRJ2f, 5761747]
[paragraph, [256.0, 348.0, 226.0, 18.0], i_04sYRJ2f, 5761747]
[paragraph, [256.0, 366.0, 226.0, 18.0], i_04sYRJ2f, 5761747]
[paragraph, [256.0, 384.0, 226.0, 18.0], i_04sYRJ2f, 5761747]
[paragraph, [256.0, 402.0, 226.0, 18.0], i_04sYRJ2f, 5761747]
[paragraph, [256.0, 420.0, 226.0, 18.0], i_04sYRJ2f, 5761747]
[paragraph, [256.0, 438.0, 226.0, 18.0], i_04sYRJ2f, 5761747]
[paragraph, [18.0, 485.0, 240.0, 18.0], Nh0MXx64LY, 5761747]
[paragraph, [18.0, 503.0, 240.0, 18.0], Nh0MXx64LY, 5761747]
[paragraph, [18.0, 521.0, 240.0, 18.0], Nh0MXx64LY, 5761747]
[paragraph, [18.0, 539.0, 240.0, 18.0], Nh0MXx64LY, 5761747]
[paragraph, [18.0, 557.0, 240.0, 18.0], Nh0MXx64LY, 5761747]
[paragraph, [18.0, 575.0, 240.0, 18.0], Nh0MXx64LY, 5761747]
[paragraph, [18.0, 593.0, 240.0, 18.0], Nh0MXx64LY, 5761747]
[paragraph, [18.0, 611.0, 240.0, 18.0], Nh0MXx64LY, 5761747]
[paragraph, [257.0, 490.0, 223.0, 18.0], Yu6I3C9Xbk, 5761747]
[paragraph, [257.0, 508.0, 223.0, 18.0], Yu6I3C9Xbk, 5761747]
[paragraph, [257.0, 526.0, 223.0, 18.0], Yu6I3C9Xbk, 5761747]
[paragraph, [257.0, 544.0, 223.0, 18.0], Yu6I3C9Xbk, 5761747]
[paragraph, [257.0, 562.0, 223.0, 18.0], Yu6I3C9Xbk, 5761747]
[paragraph, [257.0, 580.0, 223.0, 18.0], Yu6I3C9Xbk, 5761747]
[paragraph, [257.0, 598.0, 223.0, 18.0], Yu6I3C9Xbk, 5761747]
[paragraph, [257.0, 616.0, 223.0, 18.0], Yu6I3C9Xbk, 5761747]
