[1468, 909]
[headline, [350.0, 74.0, 166.0, 25.5], qg-Rtk5w0t, 5769845]
[headline, [350.0, 99.5, 166.0, 25.5], qg-Rtk5w0t, 5769845]
[paragraph, [459.0, 144.0, 370.0, 18.0], pLv9uYPiK3, 5769845]
[paragraph, [459.0, 162.0, 370.0, 18.0], pLv9uYPiK3, 5769845]
[paragraph, [459.0, 180.0, 370.0, 18.0], pLv9uYPiK3, 5769845]
[paragraph, [459.0, 198.0, 370.0, 18.0], pLv9uYPiK3, 5769845]
[paragraph, [459.0, 216.0, 370.0, 18.0], pLv9uYPiK3, 5769845]
[paragraph, [459.0, 234.0, 370.0, 18.0], pLv9uYPiK3, 5769845]
[paragraph, [459.0, 252.0, 370.0, 18.0], pLv9uYPiK3, 5769845]
[paragraph, [459.0, 270.0, 370.0, 18.0], pLv9uYPiK3, 5769845]
[paragraph, [459.0, 288.0, 370.0, 18.0], pLv9uYPiK3, 5769845]
[paragraph, [459.0, 306.0, 370.0, 18.0], pLv9uYPiK3, 5769845]
[paragraph, [459.0, 324.0, 370.0, 18.0], pLv9uYPiK3, 5769845]
[paragraph, [459.0, 342.0, 370.0, 18.0], pLv9uYPiK3, 5769845]
[paragraph, [459.0, 360.0, 370.0, 18.0], pLv9uYPiK3, 5769845]
[paragraph, [459.0, 378.0, 370.0, 18.0], pLv9uYPiK3, 5769845]
[paragraph, [79.0, 152.0, 373.0, 18.0], M5Vvr-26OQ, 5769845]
[paragraph, [79.0, 170.0, 373.0, 18.0], M5Vvr-26OQ, 5769845]
[paragraph, [79.0, 188.0, 373.0, 18.0], M5Vvr-26OQ, 5769845]
[paragraph, [79.0, 206.0, 373.0, 18.0], M5Vvr-26OQ, 5769845]
[paragraph, [79.0, 224.0, 373.0, 18.0], M5Vvr-26OQ, 5769845]
[paragraph, [79.0, 242.0, 373.0, 18.0], M5Vvr-26OQ, 5769845]
[paragraph, [79.0, 260.0, 373.0, 18.0], M5Vvr-26OQ, 5769845]
[paragraph, [79.0, 278.0, 373.0, 18.0], M5Vvr-26OQ, 5769845]
[paragraph, [79.0, 296.0, 373.0, 18.0], M5Vvr-26OQ, 5769845]
[paragraph, [79.0, 314.0, 373.0, 18.0], M5Vvr-26OQ, 5769845]
[paragraph, [79.0, 332.0, 373.0, 18.0], M5Vvr-26OQ, 5769845]
[paragraph, [79.0, 350.0, 373.0, 18.0], M5Vvr-26OQ, 5769845]
[paragraph, [79.0, 368.0, 373.0, 18.0], M5Vvr-26OQ, 5769845]
[paragraph, [79.0, 386.0, 373.0, 18.0], M5Vvr-26OQ, 5769845]
[paragraph, [79.0, 404.0, 373.0, 18.0], M5Vvr-26OQ, 5769845]
[paragraph, [79.0, 422.0, 373.0, 18.0], M5Vvr-26OQ, 5769845]
[paragraph, [79.0, 440.0, 373.0, 18.0], M5Vvr-26OQ, 5769845]
[paragraph, [79.0, 458.0, 373.0, 18.0], M5Vvr-26OQ, 5769845]
[paragraph, [79.0, 476.0, 373.0, 18.0], M5Vvr-26OQ, 5769845]
[paragraph, [79.0, 494.0, 373.0, 18.0], M5Vvr-26OQ, 5769845]
[paragraph, [79.0, 512.0, 373.0, 18.0], M5Vvr-26OQ, 5769845]
[paragraph, [79.0, 530.0, 373.0, 18.0], M5Vvr-26OQ, 5769845]
[paragraph, [79.0, 548.0, 373.0, 18.0], M5Vvr-26OQ, 5769845]
[paragraph, [79.0, 566.0, 373.0, 18.0], M5Vvr-26OQ, 5769845]
[paragraph, [79.0, 584.0, 373.0, 18.0], M5Vvr-26OQ, 5769845]
[paragraph, [79.0, 602.0, 373.0, 18.0], M5Vvr-26OQ, 5769845]
[paragraph, [79.0, 620.0, 373.0, 18.0], M5Vvr-26OQ, 5769845]
[paragraph, [79.0, 638.0, 373.0, 18.0], M5Vvr-26OQ, 5769845]
[paragraph, [79.0, 656.0, 373.0, 18.0], M5Vvr-26OQ, 5769845]
[paragraph, [79.0, 674.0, 373.0, 18.0], M5Vvr-26OQ, 5769845]
[paragraph, [79.0, 692.0, 373.0, 18.0], M5Vvr-26OQ, 5769845]
[paragraph, [79.0, 710.0, 373.0, 18.0], M5Vvr-26OQ, 5769845]
[paragraph, [79.0, 728.0, 373.0, 18.0], M5Vvr-26OQ, 5769845]
[paragraph, [79.0, 746.0, 373.0, 18.0], M5Vvr-26OQ, 5769845]
[paragraph, [79.0, 764.0, 373.0, 18.0], M5Vvr-26OQ, 5769845]
[paragraph, [79.0, 782.0, 373.0, 18.0], M5Vvr-26OQ, 5769845]
[paragraph, [79.0, 800.0, 373.0, 18.0], M5Vvr-26OQ, 5769845]
[paragraph, [79.0, 818.0, 373.0, 18.0], M5Vvr-26OQ, 5769845]
[paragraph, [79.0, 836.0, 373.0, 18.0], M5Vvr-26OQ, 5769845]
[paragraph, [79.0, 854.0, 373.0, 18.0], M5Vvr-26OQ, 5769845]
[paragraph, [79.0, 872.0, 373.0, 18.0], M5Vvr-26OQ, 5769845]
[paragraph, [79.0, 890.0, 373.0, 18.0], M5Vvr-26OQ, 5769845]
[paragraph, [79.0, 908.0, 373.0, 18.0], M5Vvr-26OQ, 5769845]
[paragraph, [79.0, 926.0, 373.0, 18.0], M5Vvr-26OQ, 5769845]
[paragraph, [79.0, 944.0, 373.0, 18.0], M5Vvr-26OQ, 5769845]
[paragraph, [79.0, 962.0, 373.0, 18.0], M5Vvr-26OQ, 5769845]
[paragraph, [79.0, 980.0, 373.0, 18.0], M5Vvr-26OQ, 5769845]
[paragraph, [79.0, 998.0, 373.0, 18.0], M5Vvr-26OQ, 5769845]
[paragraph, [79.0, 1016.0, 373.0, 18.0], M5Vvr-26OQ, 5769845]
[paragraph, [79.0, 1034.0, 373.0, 18.0], M5Vvr-26OQ, 5769845]
[paragraph, [79.0, 1052.0, 373.0, 18.0], M5Vvr-26OQ, 5769845]
[paragraph, [79.0, 1070.0, 373.0, 18.0], M5Vvr-26OQ, 5769845]
[paragraph, [79.0, 1088.0, 373.0, 18.0], M5Vvr-26OQ, 5769845]
[paragraph, [79.0, 1106.0, 373.0, 18.0], M5Vvr-26OQ, 5769845]
[paragraph, [79.0, 1124.0, 373.0, 18.0], M5Vvr-26OQ, 5769845]
[paragraph, [79.0, 1142.0, 373.0, 18.0], M5Vvr-26OQ, 5769845]
[paragraph, [79.0, 1160.0, 373.0, 18.0], M5Vvr-26OQ, 5769845]
[paragraph, [79.0, 1178.0, 373.0, 18.0], M5Vvr-26OQ, 5769845]
[paragraph, [79.0, 1196.0, 373.0, 18.0], M5Vvr-26OQ, 5769845]
[paragraph, [79.0, 1214.0, 373.0, 18.0], M5Vvr-26OQ, 5769845]
[paragraph, [79.0, 1232.0, 373.0, 18.0], M5Vvr-26OQ, 5769845]
[paragraph, [79.0, 1250.0, 373.0, 18.0], M5Vvr-26OQ, 5769845]
[paragraph, [79.0, 1268.0, 373.0, 18.0], M5Vvr-26OQ, 5769845]
[paragraph, [79.0, 1286.0, 373.0, 18.0], M5Vvr-26OQ, 5769845]
[paragraph, [79.0, 1304.0, 373.0, 18.0], M5Vvr-26OQ, 5769845]
[paragraph, [79.0, 1322.0, 373.0, 18.0], M5Vvr-26OQ, 5769845]
[paragraph, [79.0, 1340.0, 373.0, 18.0], M5Vvr-26OQ, 5769845]
[paragraph, [79.0, 1358.0, 373.0, 18.0], M5Vvr-26OQ, 5769845]
[paragraph, [456.0, 408.0, 369.0, 18.0], wxJNAvhRcx, 5769845]
[paragraph, [456.0, 426.0, 369.0, 18.0], wxJNAvhRcx, 5769845]
[paragraph, [456.0, 444.0, 369.0, 18.0], wxJNAvhRcx, 5769845]
[paragraph, [456.0, 462.0, 369.0, 18.0], wxJNAvhRcx, 5769845]
[paragraph, [456.0, 480.0, 369.0, 18.0], wxJNAvhRcx, 5769845]
[paragraph, [456.0, 498.0, 369.0, 18.0], wxJNAvhRcx, 5769845]
[paragraph, [456.0, 516.0, 369.0, 18.0], wxJNAvhRcx, 5769845]
[paragraph, [456.0, 534.0, 369.0, 18.0], wxJNAvhRcx, 5769845]
[paragraph, [456.0, 552.0, 369.0, 18.0], wxJNAvhRcx, 5769845]
[paragraph, [456.0, 570.0, 369.0, 18.0], wxJNAvhRcx, 5769845]
[paragraph, [456.0, 588.0, 379.0, 18.0], Z_fF1I_VH6, 5769845]
[paragraph, [456.0, 606.0, 379.0, 18.0], Z_fF1I_VH6, 5769845]
[paragraph, [456.0, 624.0, 379.0, 18.0], Z_fF1I_VH6, 5769845]
[section-title, [529.0, 643.0, 231.0, 30.0], -nHOKihK-X, 5769845]
[paragraph, [459.0, 684.0, 380.0, 18.0], GgcG59k7T0, 5769845]
[paragraph, [459.0, 702.0, 380.0, 18.0], GgcG59k7T0, 5769845]
[paragraph, [459.0, 720.0, 380.0, 18.0], GgcG59k7T0, 5769845]
[paragraph, [459.0, 738.0, 380.0, 18.0], GgcG59k7T0, 5769845]
[paragraph, [459.0, 756.0, 380.0, 18.0], GgcG59k7T0, 5769845]
[paragraph, [459.0, 774.0, 380.0, 18.0], GgcG59k7T0, 5769845]
[paragraph, [459.0, 792.0, 380.0, 18.0], GgcG59k7T0, 5769845]
[paragraph, [459.0, 810.0, 380.0, 18.0], GgcG59k7T0, 5769845]
[paragraph, [459.0, 828.0, 380.0, 18.0], GgcG59k7T0, 5769845]
[paragraph, [459.0, 846.0, 380.0, 18.0], GgcG59k7T0, 5769845]
[paragraph, [459.0, 864.0, 380.0, 18.0], GgcG59k7T0, 5769845]
[paragraph, [454.0, 887.0, 378.0, 18.0], DBF-lpdoFQ, 5769845]
[paragraph, [454.0, 905.0, 378.0, 18.0], DBF-lpdoFQ, 5769845]
[paragraph, [454.0, 923.0, 378.0, 18.0], DBF-lpdoFQ, 5769845]
[paragraph, [454.0, 941.0, 378.0, 18.0], DBF-lpdoFQ, 5769845]
[paragraph, [454.0, 959.0, 378.0, 18.0], DBF-lpdoFQ, 5769845]
[paragraph, [454.0, 977.0, 378.0, 18.0], DBF-lpdoFQ, 5769845]
[paragraph, [454.0, 995.0, 378.0, 18.0], DBF-lpdoFQ, 5769845]
[paragraph, [454.0, 1013.0, 378.0, 18.0], DBF-lpdoFQ, 5769845]
[paragraph, [454.0, 1031.0, 378.0, 18.0], DBF-lpdoFQ, 5769845]
[paragraph, [454.0, 1049.0, 378.0, 18.0], DBF-lpdoFQ, 5769845]
[paragraph, [454.0, 1067.0, 378.0, 18.0], DBF-lpdoFQ, 5769845]
[paragraph, [454.0, 1085.0, 378.0, 18.0], DBF-lpdoFQ, 5769845]
[paragraph, [454.0, 1103.0, 378.0, 18.0], DBF-lpdoFQ, 5769845]
[paragraph, [454.0, 1121.0, 378.0, 18.0], DBF-lpdoFQ, 5769845]
[paragraph, [454.0, 1141.0, 385.0, 18.0], F_46qbgrIf, 5769845]
[paragraph, [454.0, 1159.0, 385.0, 18.0], F_46qbgrIf, 5769845]
[paragraph, [454.0, 1177.0, 385.0, 18.0], F_46qbgrIf, 5769845]
[paragraph, [454.0, 1195.0, 385.0, 18.0], F_46qbgrIf, 5769845]
[paragraph, [454.0, 1213.0, 385.0, 18.0], F_46qbgrIf, 5769845]
[paragraph, [454.0, 1231.0, 385.0, 18.0], F_46qbgrIf, 5769845]
[paragraph, [454.0, 1249.0, 385.0, 18.0], F_46qbgrIf, 5769845]
[paragraph, [454.0, 1267.0, 385.0, 18.0], F_46qbgrIf, 5769845]
[paragraph, [454.0, 1285.0, 385.0, 18.0], F_46qbgrIf, 5769845]
[paragraph, [454.0, 1303.0, 385.0, 18.0], F_46qbgrIf, 5769845]
[paragraph, [454.0, 1321.0, 385.0, 18.0], F_46qbgrIf, 5769845]
[paragraph, [454.0, 1339.0, 385.0, 18.0], F_46qbgrIf, 5769845]
[paragraph, [454.0, 1357.0, 385.0, 18.0], F_46qbgrIf, 5769845]
[paragraph, [454.0, 1375.0, 385.0, 18.0], F_46qbgrIf, 5769845]
