[1468, 909]
[headline, [328.0, 83.0, 253.0, 25.5], shoonya_0sKHHPD7XLUJV7, 5770419]
[ordered-list, [460.0, 136.0, 371.0, 18.0], c4WS5h6jbi, 5770419]
[ordered-list, [460.0, 154.0, 371.0, 18.0], c4WS5h6jbi, 5770419]
[ordered-list, [460.0, 172.0, 371.0, 18.0], c4WS5h6jbi, 5770419]
[ordered-list, [460.0, 190.0, 371.0, 18.0], c4WS5h6jbi, 5770419]
[ordered-list, [460.0, 208.0, 371.0, 18.0], c4WS5h6jbi, 5770419]
[ordered-list, [460.0, 226.0, 371.0, 18.0], c4WS5h6jbi, 5770419]
[ordered-list, [460.0, 244.0, 371.0, 18.0], c4WS5h6jbi, 5770419]
[ordered-list, [460.0, 262.0, 371.0, 18.0], c4WS5h6jbi, 5770419]
[ordered-list, [460.0, 280.0, 371.0, 18.0], c4WS5h6jbi, 5770419]
[ordered-list, [460.0, 298.0, 371.0, 18.0], c4WS5h6jbi, 5770419]
[ordered-list, [460.0, 316.0, 371.0, 18.0], c4WS5h6jbi, 5770419]
[ordered-list, [460.0, 334.0, 371.0, 18.0], c4WS5h6jbi, 5770419]
[ordered-list, [460.0, 352.0, 371.0, 18.0], c4WS5h6jbi, 5770419]
[ordered-list, [460.0, 370.0, 371.0, 18.0], c4WS5h6jbi, 5770419]
[ordered-list, [460.0, 388.0, 371.0, 18.0], c4WS5h6jbi, 5770419]
[ordered-list, [460.0, 406.0, 371.0, 18.0], c4WS5h6jbi, 5770419]
[ordered-list, [66.0, 140.0, 387.0, 18.0], U6yQr4x728, 5770419]
[ordered-list, [66.0, 158.0, 387.0, 18.0], U6yQr4x728, 5770419]
[ordered-list, [66.0, 176.0, 387.0, 18.0], U6yQr4x728, 5770419]
[ordered-list, [66.0, 194.0, 387.0, 18.0], U6yQr4x728, 5770419]
[ordered-list, [66.0, 212.0, 387.0, 18.0], U6yQr4x728, 5770419]
[ordered-list, [66.0, 230.0, 387.0, 18.0], U6yQr4x728, 5770419]
[ordered-list, [66.0, 248.0, 387.0, 18.0], U6yQr4x728, 5770419]
[ordered-list, [66.0, 266.0, 387.0, 18.0], U6yQr4x728, 5770419]
[ordered-list, [66.0, 284.0, 387.0, 18.0], U6yQr4x728, 5770419]
[ordered-list, [66.0, 302.0, 387.0, 18.0], U6yQr4x728, 5770419]
[ordered-list, [66.0, 320.0, 387.0, 18.0], U6yQr4x728, 5770419]
[ordered-list, [66.0, 338.0, 387.0, 18.0], U6yQr4x728, 5770419]
[ordered-list, [66.0, 356.0, 387.0, 18.0], U6yQr4x728, 5770419]
[ordered-list, [66.0, 374.0, 387.0, 18.0], U6yQr4x728, 5770419]
[ordered-list, [66.0, 392.0, 387.0, 18.0], U6yQr4x728, 5770419]
[ordered-list, [66.0, 410.0, 387.0, 18.0], U6yQr4x728, 5770419]
[ordered-list, [66.0, 428.0, 387.0, 18.0], U6yQr4x728, 5770419]
[ordered-list, [66.0, 446.0, 387.0, 18.0], U6yQr4x728, 5770419]
[ordered-list, [66.0, 464.0, 387.0, 18.0], U6yQr4x728, 5770419]
[ordered-list, [66.0, 482.0, 387.0, 18.0], U6yQr4x728, 5770419]
[ordered-list, [66.0, 500.0, 387.0, 18.0], U6yQr4x728, 5770419]
[ordered-list, [66.0, 518.0, 387.0, 18.0], U6yQr4x728, 5770419]
[ordered-list, [66.0, 536.0, 387.0, 18.0], U6yQr4x728, 5770419]
[ordered-list, [66.0, 554.0, 387.0, 18.0], U6yQr4x728, 5770419]
[ordered-list, [66.0, 572.0, 387.0, 18.0], U6yQr4x728, 5770419]
[ordered-list, [66.0, 590.0, 387.0, 18.0], U6yQr4x728, 5770419]
[ordered-list, [66.0, 608.0, 387.0, 18.0], U6yQr4x728, 5770419]
[ordered-list, [66.0, 626.0, 387.0, 18.0], U6yQr4x728, 5770419]
[ordered-list, [66.0, 644.0, 387.0, 18.0], U6yQr4x728, 5770419]
[ordered-list, [66.0, 662.0, 387.0, 18.0], U6yQr4x728, 5770419]
[ordered-list, [66.0, 680.0, 387.0, 18.0], U6yQr4x728, 5770419]
[ordered-list, [66.0, 698.0, 387.0, 18.0], U6yQr4x728, 5770419]
[ordered-list, [66.0, 716.0, 387.0, 18.0], U6yQr4x728, 5770419]
[ordered-list, [66.0, 734.0, 387.0, 18.0], U6yQr4x728, 5770419]
[ordered-list, [66.0, 752.0, 387.0, 18.0], U6yQr4x728, 5770419]
[ordered-list, [66.0, 770.0, 387.0, 18.0], U6yQr4x728, 5770419]
[ordered-list, [66.0, 788.0, 387.0, 18.0], U6yQr4x728, 5770419]
[ordered-list, [66.0, 806.0, 387.0, 18.0], U6yQr4x728, 5770419]
[ordered-list, [66.0, 824.0, 387.0, 18.0], U6yQr4x728, 5770419]
[ordered-list, [66.0, 842.0, 387.0, 18.0], U6yQr4x728, 5770419]
[ordered-list, [66.0, 860.0, 387.0, 18.0], U6yQr4x728, 5770419]
[ordered-list, [66.0, 878.0, 387.0, 18.0], U6yQr4x728, 5770419]
[ordered-list, [66.0, 896.0, 387.0, 18.0], U6yQr4x728, 5770419]
[ordered-list, [66.0, 914.0, 387.0, 18.0], U6yQr4x728, 5770419]
[ordered-list, [66.0, 932.0, 387.0, 18.0], U6yQr4x728, 5770419]
[ordered-list, [66.0, 950.0, 387.0, 18.0], U6yQr4x728, 5770419]
[ordered-list, [66.0, 968.0, 387.0, 18.0], U6yQr4x728, 5770419]
[ordered-list, [66.0, 986.0, 387.0, 18.0], U6yQr4x728, 5770419]
[ordered-list, [66.0, 1004.0, 387.0, 18.0], U6yQr4x728, 5770419]
[ordered-list, [66.0, 1022.0, 387.0, 18.0], U6yQr4x728, 5770419]
[ordered-list, [66.0, 1040.0, 387.0, 18.0], U6yQr4x728, 5770419]
[ordered-list, [66.0, 1058.0, 387.0, 18.0], U6yQr4x728, 5770419]
[ordered-list, [66.0, 1076.0, 387.0, 18.0], U6yQr4x728, 5770419]
[ordered-list, [66.0, 1094.0, 387.0, 18.0], U6yQr4x728, 5770419]
[ordered-list, [66.0, 1112.0, 387.0, 18.0], U6yQr4x728, 5770419]
[ordered-list, [66.0, 1130.0, 387.0, 18.0], U6yQr4x728, 5770419]
[ordered-list, [66.0, 1148.0, 387.0, 18.0], U6yQr4x728, 5770419]
[ordered-list, [66.0, 1166.0, 387.0, 18.0], U6yQr4x728, 5770419]
[ordered-list, [66.0, 1184.0, 387.0, 18.0], U6yQr4x728, 5770419]
[ordered-list, [66.0, 1202.0, 387.0, 18.0], U6yQr4x728, 5770419]
[ordered-list, [66.0, 1220.0, 387.0, 18.0], U6yQr4x728, 5770419]
[ordered-list, [66.0, 1238.0, 387.0, 18.0], U6yQr4x728, 5770419]
[ordered-list, [66.0, 1256.0, 387.0, 18.0], U6yQr4x728, 5770419]
[ordered-list, [66.0, 1274.0, 387.0, 18.0], U6yQr4x728, 5770419]
[ordered-list, [66.0, 1292.0, 387.0, 18.0], U6yQr4x728, 5770419]
[ordered-list, [66.0, 1310.0, 387.0, 18.0], U6yQr4x728, 5770419]
[ordered-list, [66.0, 1328.0, 387.0, 18.0], U6yQr4x728, 5770419]
[ordered-list, [66.0, 1346.0, 387.0, 18.0], U6yQr4x728, 5770419]
[ordered-list, [66.0, 1364.0, 387.0, 18.0], U6yQr4x728, 5770419]
[paragraph, [456.0, 431.0, 371.0, 18.0], P48d98-A3x, 5770419]
[paragraph, [456.0, 449.0, 371.0, 18.0], P48d98-A3x, 5770419]
[paragraph, [456.0, 467.0, 371.0, 18.0], P48d98-A3x, 5770419]
[paragraph, [456.0, 485.0, 371.0, 18.0], P48d98-A3x, 5770419]
[paragraph, [456.0, 503.0, 371.0, 18.0], P48d98-A3x, 5770419]
[paragraph, [456.0, 521.0, 371.0, 18.0], P48d98-A3x, 5770419]
[paragraph, [456.0, 539.0, 371.0, 18.0], P48d98-A3x, 5770419]
[paragraph, [456.0, 557.0, 371.0, 18.0], P48d98-A3x, 5770419]
[paragraph, [456.0, 575.0, 371.0, 18.0], P48d98-A3x, 5770419]
[paragraph, [456.0, 593.0, 371.0, 18.0], P48d98-A3x, 5770419]
[paragraph, [456.0, 611.0, 371.0, 18.0], P48d98-A3x, 5770419]
[paragraph, [456.0, 629.0, 371.0, 18.0], P48d98-A3x, 5770419]
[paragraph, [456.0, 647.0, 371.0, 18.0], P48d98-A3x, 5770419]
[paragraph, [456.0, 665.0, 371.0, 18.0], P48d98-A3x, 5770419]
[paragraph, [456.0, 683.0, 371.0, 18.0], P48d98-A3x, 5770419]
[paragraph, [456.0, 701.0, 371.0, 18.0], P48d98-A3x, 5770419]
[paragraph, [456.0, 719.0, 371.0, 18.0], P48d98-A3x, 5770419]
[paragraph, [456.0, 737.0, 371.0, 18.0], P48d98-A3x, 5770419]
[paragraph, [456.0, 755.0, 371.0, 18.0], P48d98-A3x, 5770419]
[paragraph, [455.0, 776.0, 381.0, 18.0], M817wUSMXF, 5770419]
[paragraph, [455.0, 794.0, 381.0, 18.0], M817wUSMXF, 5770419]
[paragraph, [455.0, 812.0, 381.0, 18.0], M817wUSMXF, 5770419]
[paragraph, [455.0, 830.0, 381.0, 18.0], M817wUSMXF, 5770419]
[paragraph, [455.0, 848.0, 381.0, 18.0], M817wUSMXF, 5770419]
[paragraph, [455.0, 866.0, 381.0, 18.0], M817wUSMXF, 5770419]
[paragraph, [455.0, 884.0, 381.0, 18.0], M817wUSMXF, 5770419]
[paragraph, [455.0, 902.0, 381.0, 18.0], M817wUSMXF, 5770419]
[paragraph, [455.0, 920.0, 381.0, 18.0], M817wUSMXF, 5770419]
[paragraph, [455.0, 938.0, 381.0, 18.0], M817wUSMXF, 5770419]
[paragraph, [455.0, 956.0, 381.0, 18.0], M817wUSMXF, 5770419]
[paragraph, [455.0, 974.0, 381.0, 18.0], M817wUSMXF, 5770419]
[paragraph, [455.0, 992.0, 381.0, 18.0], M817wUSMXF, 5770419]
[paragraph, [455.0, 1010.0, 381.0, 18.0], M817wUSMXF, 5770419]
[paragraph, [455.0, 1028.0, 381.0, 18.0], M817wUSMXF, 5770419]
[paragraph, [455.0, 1046.0, 381.0, 18.0], M817wUSMXF, 5770419]
[paragraph, [455.0, 1064.0, 381.0, 18.0], M817wUSMXF, 5770419]
[paragraph, [455.0, 1082.0, 381.0, 18.0], M817wUSMXF, 5770419]
[paragraph, [455.0, 1100.0, 381.0, 18.0], M817wUSMXF, 5770419]
[paragraph, [455.0, 1118.0, 381.0, 18.0], M817wUSMXF, 5770419]
[paragraph, [455.0, 1136.0, 381.0, 18.0], M817wUSMXF, 5770419]
[paragraph, [455.0, 1154.0, 381.0, 18.0], M817wUSMXF, 5770419]
[paragraph, [455.0, 1172.0, 381.0, 18.0], M817wUSMXF, 5770419]
[paragraph, [455.0, 1190.0, 381.0, 18.0], M817wUSMXF, 5770419]
[paragraph, [455.0, 1208.0, 381.0, 18.0], M817wUSMXF, 5770419]
[paragraph, [455.0, 1226.0, 381.0, 18.0], M817wUSMXF, 5770419]
[paragraph, [455.0, 1244.0, 381.0, 18.0], M817wUSMXF, 5770419]
[paragraph, [455.0, 1262.0, 381.0, 18.0], M817wUSMXF, 5770419]
[paragraph, [455.0, 1280.0, 381.0, 18.0], M817wUSMXF, 5770419]
[paragraph, [455.0, 1298.0, 381.0, 18.0], M817wUSMXF, 5770419]
[paragraph, [455.0, 1316.0, 381.0, 18.0], M817wUSMXF, 5770419]
[paragraph, [455.0, 1334.0, 381.0, 18.0], M817wUSMXF, 5770419]
[paragraph, [455.0, 1352.0, 381.0, 18.0], M817wUSMXF, 5770419]
[paragraph, [455.0, 1370.0, 381.0, 18.0], M817wUSMXF, 5770419]
