[1326, 829]
[folio, [340.0, 67.0, 162.0, 18.0], hbeRzY7ya4, 5770651]
[folio, [340.0, 85.0, 162.0, 18.0], hbeRzY7ya4, 5770651]
[paragraph, [83.0, 120.0, 331.0, 18.0], shoonya_1sDUJTD8V58675, 5770651]
[paragraph, [83.0, 138.0, 331.0, 18.0], shoonya_1sDUJTD8V58675, 5770651]
[paragraph, [83.0, 156.0, 331.0, 18.0], shoonya_1sDUJTD8V58675, 5770651]
[paragraph, [83.0, 174.0, 331.0, 18.0], shoonya_1sDUJTD8V58675, 5770651]
[paragraph, [83.0, 192.0, 331.0, 18.0], shoonya_1sDUJTD8V58675, 5770651]
[paragraph, [83.0, 210.0, 331.0, 18.0], shoonya_1sDUJTD8V58675, 5770651]
[paragraph, [83.0, 228.0, 331.0, 18.0], shoonya_1sDUJTD8V58675, 5770651]
[paragraph, [83.0, 246.0, 331.0, 18.0], shoonya_1sDUJTD8V58675, 5770651]
[paragraph, [83.0, 264.0, 331.0, 18.0], shoonya_1sDUJTD8V58675, 5770651]
[paragraph, [83.0, 282.0, 331.0, 18.0], shoonya_1sDUJTD8V58675, 5770651]
[paragraph, [83.0, 300.0, 331.0, 18.0], shoonya_1sDUJTD8V58675, 5770651]
[paragraph, [83.0, 318.0, 331.0, 18.0], shoonya_1sDUJTD8V58675, 5770651]
[paragraph, [83.0, 336.0, 331.0, 18.0], shoonya_1sDUJTD8V58675, 5770651]
[paragraph, [83.0, 354.0, 331.0, 18.0], shoonya_1sDUJTD8V58675, 5770651]
[paragraph, [83.0, 372.0, 331.0, 18.0], shoonya_1sDUJTD8V58675, 5770651]
[paragraph, [83.0, 390.0, 331.0, 18.0], shoonya_1sDUJTD8V58675, 5770651]
[paragraph, [83.0, 408.0, 331.0, 18.0], shoonya_1sDUJTD8V58675, 5770651]
[paragraph, [83.0, 426.0, 331.0, 18.0], shoonya_1sDUJTD8V58675, 5770651]
[paragraph, [83.0, 444.0, 331.0, 18.0], shoonya_1sDUJTD8V58675, 5770651]
[paragraph, [83.0, 462.0, 331.0, 18.0], shoonya_1sDUJTD8V58675, 5770651]
[paragraph, [83.0, 480.0, 331.0, 18.0], shoonya_1sDUJTD8V58675, 5770651]
[paragraph, [83.0, 498.0, 331.0, 18.0], shoonya_1sDUJTD8V58675, 5770651]
[paragraph, [83.0, 516.0, 331.0, 18.0], shoonya_1sDUJTD8V58675, 5770651]
[paragraph, [83.0, 534.0, 331.0, 18.0], shoonya_1sDUJTD8V58675, 5770651]
[paragraph, [83.0, 552.0, 331.0, 18.0], shoonya_1sDUJTD8V58675, 5770651]
[paragraph, [83.0, 570.0, 331.0, 18.0], shoonya_1sDUJTD8V58675, 5770651]
[paragraph, [83.0, 588.0, 331.0, 18.0], shoonya_1sDUJTD8V58675, 5770651]
[paragraph, [83.0, 606.0, 331.0, 18.0], shoonya_1sDUJTD8V58675, 5770651]
[paragraph, [83.0, 624.0, 331.0, 18.0], shoonya_1sDUJTD8V58675, 5770651]
[paragraph, [83.0, 642.0, 331.0, 18.0], shoonya_1sDUJTD8V58675, 5770651]
[paragraph, [83.0, 660.0, 331.0, 18.0], shoonya_1sDUJTD8V58675, 5770651]
[paragraph, [83.0, 678.0, 331.0, 18.0], shoonya_1sDUJTD8V58675, 5770651]
[paragraph, [83.0, 696.0, 331.0, 18.0], shoonya_1sDUJTD8V58675, 5770651]
[paragraph, [83.0, 714.0, 331.0, 18.0], shoonya_1sDUJTD8V58675, 5770651]
[paragraph, [83.0, 732.0, 331.0, 18.0], shoonya_1sDUJTD8V58675, 5770651]
[paragraph, [83.0, 750.0, 331.0, 18.0], shoonya_1sDUJTD8V58675, 5770651]
[paragraph, [83.0, 768.0, 331.0, 18.0], shoonya_1sDUJTD8V58675, 5770651]
[paragraph, [83.0, 786.0, 331.0, 18.0], shoonya_1sDUJTD8V58675, 5770651]
[paragraph, [83.0, 804.0, 331.0, 18.0], shoonya_1sDUJTD8V58675, 5770651]
[paragraph, [83.0, 822.0, 331.0, 18.0], shoonya_1sDUJTD8V58675, 5770651]
[paragraph, [83.0, 840.0, 331.0, 18.0], shoonya_1sDUJTD8V58675, 5770651]
[paragraph, [83.0, 858.0, 331.0, 18.0], shoonya_1sDUJTD8V58675, 5770651]
[paragraph, [83.0, 876.0, 331.0, 18.0], shoonya_1sDUJTD8V58675, 5770651]
[paragraph, [83.0, 894.0, 331.0, 18.0], shoonya_1sDUJTD8V58675, 5770651]
[paragraph, [83.0, 912.0, 331.0, 18.0], shoonya_1sDUJTD8V58675, 5770651]
[paragraph, [83.0, 930.0, 331.0, 18.0], shoonya_1sDUJTD8V58675, 5770651]
[paragraph, [83.0, 948.0, 331.0, 18.0], shoonya_1sDUJTD8V58675, 5770651]
[paragraph, [83.0, 966.0, 331.0, 18.0], shoonya_1sDUJTD8V58675, 5770651]
[paragraph, [83.0, 984.0, 331.0, 18.0], shoonya_1sDUJTD8V58675, 5770651]
[paragraph, [83.0, 1002.0, 331.0, 18.0], shoonya_1sDUJTD8V58675, 5770651]
[paragraph, [83.0, 1020.0, 331.0, 18.0], shoonya_1sDUJTD8V58675, 5770651]
[paragraph, [83.0, 1038.0, 331.0, 18.0], shoonya_1sDUJTD8V58675, 5770651]
[paragraph, [83.0, 1056.0, 331.0, 18.0], shoonya_1sDUJTD8V58675, 5770651]
[paragraph, [83.0, 1074.0, 331.0, 18.0], shoonya_1sDUJTD8V58675, 5770651]
[paragraph, [83.0, 1092.0, 331.0, 18.0], shoonya_1sDUJTD8V58675, 5770651]
[paragraph, [83.0, 1110.0, 331.0, 18.0], shoonya_1sDUJTD8V58675, 5770651]
[paragraph, [83.0, 1128.0, 331.0, 18.0], shoonya_1sDUJTD8V58675, 5770651]
[paragraph, [83.0, 1146.0, 331.0, 18.0], shoonya_1sDUJTD8V58675, 5770651]
[paragraph, [83.0, 1164.0, 331.0, 18.0], shoonya_1sDUJTD8V58675, 5770651]
[paragraph, [83.0, 1182.0, 331.0, 18.0], shoonya_1sDUJTD8V58675, 5770651]
[paragraph, [83.0, 1200.0, 331.0, 18.0], shoonya_1sDUJTD8V58675, 5770651]
[paragraph, [83.0, 1218.0, 331.0, 18.0], shoonya_1sDUJTD8V58675, 5770651]
[paragraph, [418.0, 131.0, 340.0, 18.0], 1Vg6-y09_Y, 5770651]
[paragraph, [418.0, 149.0, 340.0, 18.0], 1Vg6-y09_Y, 5770651]
[paragraph, [418.0, 167.0, 340.0, 18.0], 1Vg6-y09_Y, 5770651]
[paragraph, [418.0, 185.0, 340.0, 18.0], 1Vg6-y09_Y, 5770651]
[paragraph, [418.0, 203.0, 340.0, 18.0], 1Vg6-y09_Y, 5770651]
[paragraph, [418.0, 221.0, 340.0, 18.0], 1Vg6-y09_Y, 5770651]
[paragraph, [418.0, 239.0, 340.0, 18.0], 1Vg6-y09_Y, 5770651]
[paragraph, [418.0, 257.0, 340.0, 18.0], 1Vg6-y09_Y, 5770651]
[paragraph, [418.0, 275.0, 340.0, 18.0], 1Vg6-y09_Y, 5770651]
[paragraph, [418.0, 293.0, 340.0, 18.0], 1Vg6-y09_Y, 5770651]
[paragraph, [418.0, 311.0, 340.0, 18.0], 1Vg6-y09_Y, 5770651]
[paragraph, [418.0, 329.0, 340.0, 18.0], 1Vg6-y09_Y, 5770651]
[paragraph, [418.0, 347.0, 340.0, 18.0], 1Vg6-y09_Y, 5770651]
[paragraph, [418.0, 365.0, 340.0, 18.0], 1Vg6-y09_Y, 5770651]
[paragraph, [418.0, 383.0, 340.0, 18.0], 1Vg6-y09_Y, 5770651]
[paragraph, [418.0, 401.0, 340.0, 18.0], 1Vg6-y09_Y, 5770651]
[paragraph, [418.0, 419.0, 340.0, 18.0], 1Vg6-y09_Y, 5770651]
[paragraph, [418.0, 437.0, 340.0, 18.0], 1Vg6-y09_Y, 5770651]
[paragraph, [418.0, 455.0, 340.0, 18.0], 1Vg6-y09_Y, 5770651]
[paragraph, [418.0, 473.0, 340.0, 18.0], 1Vg6-y09_Y, 5770651]
[paragraph, [418.0, 491.0, 340.0, 18.0], 1Vg6-y09_Y, 5770651]
[paragraph, [418.0, 509.0, 340.0, 18.0], 1Vg6-y09_Y, 5770651]
[paragraph, [418.0, 527.0, 340.0, 18.0], 1Vg6-y09_Y, 5770651]
[paragraph, [418.0, 545.0, 340.0, 18.0], 1Vg6-y09_Y, 5770651]
[paragraph, [418.0, 563.0, 340.0, 18.0], 1Vg6-y09_Y, 5770651]
[paragraph, [418.0, 581.0, 340.0, 18.0], 1Vg6-y09_Y, 5770651]
[paragraph, [418.0, 599.0, 340.0, 18.0], 1Vg6-y09_Y, 5770651]
[paragraph, [418.0, 617.0, 340.0, 18.0], 1Vg6-y09_Y, 5770651]
[paragraph, [418.0, 635.0, 340.0, 18.0], 1Vg6-y09_Y, 5770651]
[paragraph, [418.0, 653.0, 340.0, 18.0], 1Vg6-y09_Y, 5770651]
[paragraph, [418.0, 671.0, 340.0, 18.0], 1Vg6-y09_Y, 5770651]
[paragraph, [418.0, 689.0, 340.0, 18.0], 1Vg6-y09_Y, 5770651]
[paragraph, [418.0, 707.0, 340.0, 18.0], 1Vg6-y09_Y, 5770651]
[paragraph, [418.0, 725.0, 340.0, 18.0], 1Vg6-y09_Y, 5770651]
[paragraph, [418.0, 743.0, 340.0, 18.0], 1Vg6-y09_Y, 5770651]
[paragraph, [418.0, 761.0, 340.0, 18.0], 1Vg6-y09_Y, 5770651]
[paragraph, [418.0, 779.0, 340.0, 18.0], 1Vg6-y09_Y, 5770651]
[paragraph, [418.0, 797.0, 340.0, 18.0], 1Vg6-y09_Y, 5770651]
[paragraph, [418.0, 815.0, 340.0, 18.0], 1Vg6-y09_Y, 5770651]
[paragraph, [418.0, 833.0, 340.0, 18.0], 1Vg6-y09_Y, 5770651]
[paragraph, [418.0, 851.0, 340.0, 18.0], 1Vg6-y09_Y, 5770651]
[paragraph, [418.0, 869.0, 340.0, 18.0], 1Vg6-y09_Y, 5770651]
[paragraph, [418.0, 887.0, 340.0, 18.0], 1Vg6-y09_Y, 5770651]
[paragraph, [418.0, 905.0, 340.0, 18.0], 1Vg6-y09_Y, 5770651]
[paragraph, [418.0, 923.0, 340.0, 18.0], 1Vg6-y09_Y, 5770651]
[paragraph, [418.0, 941.0, 340.0, 18.0], 1Vg6-y09_Y, 5770651]
[paragraph, [418.0, 959.0, 340.0, 18.0], 1Vg6-y09_Y, 5770651]
[paragraph, [418.0, 977.0, 340.0, 18.0], 1Vg6-y09_Y, 5770651]
[paragraph, [418.0, 995.0, 340.0, 18.0], 1Vg6-y09_Y, 5770651]
[paragraph, [418.0, 1013.0, 340.0, 18.0], 1Vg6-y09_Y, 5770651]
[paragraph, [418.0, 1031.0, 340.0, 18.0], 1Vg6-y09_Y, 5770651]
[paragraph, [418.0, 1049.0, 340.0, 18.0], 1Vg6-y09_Y, 5770651]
[paragraph, [418.0, 1067.0, 340.0, 18.0], 1Vg6-y09_Y, 5770651]
[paragraph, [418.0, 1085.0, 340.0, 18.0], 1Vg6-y09_Y, 5770651]
[paragraph, [418.0, 1103.0, 340.0, 18.0], 1Vg6-y09_Y, 5770651]
[paragraph, [418.0, 1121.0, 340.0, 18.0], 1Vg6-y09_Y, 5770651]
[paragraph, [418.0, 1139.0, 340.0, 18.0], 1Vg6-y09_Y, 5770651]
[paragraph, [418.0, 1157.0, 340.0, 18.0], 1Vg6-y09_Y, 5770651]
[paragraph, [418.0, 1175.0, 340.0, 18.0], 1Vg6-y09_Y, 5770651]
[paragraph, [418.0, 1193.0, 340.0, 18.0], 1Vg6-y09_Y, 5770651]
[paragraph, [418.0, 1211.0, 340.0, 18.0], 1Vg6-y09_Y, 5770651]
[paragraph, [418.0, 1229.0, 340.0, 18.0], 1Vg6-y09_Y, 5770651]
