[2200, 1700]
[reference, [229.0, 161.0, 1189.0, 36.0], Ez9ouo1N5b, 5688761]
[reference, [229.0, 197.0, 1189.0, 36.0], Ez9ouo1N5b, 5688761]
[reference, [229.0, 233.0, 1189.0, 36.0], Ez9ouo1N5b, 5688761]
[reference, [229.0, 269.0, 1189.0, 36.0], Ez9ouo1N5b, 5688761]
[reference, [229.0, 305.0, 1189.0, 36.0], Ez9ouo1N5b, 5688761]
[reference, [229.0, 341.0, 1189.0, 36.0], Ez9ouo1N5b, 5688761]
[reference, [229.0, 377.0, 1189.0, 36.0], Ez9ouo1N5b, 5688761]
[reference, [229.0, 413.0, 1189.0, 36.0], Ez9ouo1N5b, 5688761]
[reference, [229.0, 449.0, 1189.0, 36.0], Ez9ouo1N5b, 5688761]
[reference, [229.0, 485.0, 1189.0, 36.0], Ez9ouo1N5b, 5688761]
[reference, [229.0, 521.0, 1189.0, 36.0], Ez9ouo1N5b, 5688761]
[reference, [229.0, 557.0, 1189.0, 36.0], Ez9ouo1N5b, 5688761]
[reference, [229.0, 593.0, 1189.0, 36.0], Ez9ouo1N5b, 5688761]
[reference, [229.0, 629.0, 1189.0, 36.0], Ez9ouo1N5b, 5688761]
[reference, [229.0, 665.0, 1189.0, 36.0], Ez9ouo1N5b, 5688761]
[reference, [229.0, 701.0, 1189.0, 36.0], Ez9ouo1N5b, 5688761]
