[3690, 2970]
[ordered-list, [198.0, 240.0, 2209.0, 52.5], 6g_4f28HWh, 5698206]
[ordered-list, [198.0, 292.5, 2209.0, 52.5], 6g_4f28HWh, 5698206]
[ordered-list, [198.0, 345.0, 2209.0, 52.5], 6g_4f28HWh, 5698206]
[ordered-list, [198.0, 397.5, 2209.0, 52.5], 6g_4f28HWh, 5698206]
[ordered-list, [198.0, 450.0, 2209.0, 52.5], 6g_4f28HWh, 5698206]
[ordered-list, [198.0, 502.5, 2209.0, 52.5], 6g_4f28HWh, 5698206]
[ordered-list, [198.0, 555.0, 2209.0, 52.5], 6g_4f28HWh, 5698206]
[ordered-list, [198.0, 607.5, 2209.0, 52.5], 6g_4f28HWh, 5698206]
[ordered-list, [198.0, 660.0, 2209.0, 52.5], 6g_4f28HWh, 5698206]
[ordered-list, [198.0, 712.5, 2209.0, 52.5], 6g_4f28HWh, 5698206]
[ordered-list, [198.0, 765.0, 2209.0, 52.5], 6g_4f28HWh, 5698206]
[ordered-list, [198.0, 817.5, 2209.0, 52.5], 6g_4f28HWh, 5698206]
[ordered-list, [198.0, 870.0, 2209.0, 52.5], 6g_4f28HWh, 5698206]
[ordered-list, [198.0, 922.5, 2209.0, 52.5], 6g_4f28HWh, 5698206]
[ordered-list, [198.0, 975.0, 2209.0, 52.5], 6g_4f28HWh, 5698206]
[ordered-list, [198.0, 1027.5, 2209.0, 52.5], 6g_4f28HWh, 5698206]
[ordered-list, [198.0, 1080.0, 2209.0, 52.5], 6g_4f28HWh, 5698206]
[ordered-list, [198.0, 1132.5, 2209.0, 52.5], 6g_4f28HWh, 5698206]
[ordered-list, [198.0, 1185.0, 2209.0, 52.5], 6g_4f28HWh, 5698206]
[ordered-list, [198.0, 1237.5, 2209.0, 52.5], 6g_4f28HWh, 5698206]
[ordered-list, [198.0, 1290.0, 2209.0, 52.5], 6g_4f28HWh, 5698206]
[ordered-list, [198.0, 1342.5, 2209.0, 52.5], 6g_4f28HWh, 5698206]
[ordered-list, [198.0, 1395.0, 2209.0, 52.5], 6g_4f28HWh, 5698206]
[ordered-list, [198.0, 1447.5, 2209.0, 52.5], 6g_4f28HWh, 5698206]
[ordered-list, [198.0, 1500.0, 2209.0, 52.5], 6g_4f28HWh, 5698206]
[ordered-list, [198.0, 1552.5, 2209.0, 52.5], 6g_4f28HWh, 5698206]
[ordered-list, [198.0, 1605.0, 2209.0, 52.5], 6g_4f28HWh, 5698206]
[ordered-list, [198.0, 1657.5, 2209.0, 52.5], 6g_4f28HWh, 5698206]
[ordered-list, [198.0, 1710.0, 2209.0, 52.5], 6g_4f28HWh, 5698206]
[ordered-list, [198.0, 1762.5, 2209.0, 52.5], 6g_4f28HWh, 5698206]
[ordered-list, [198.0, 1815.0, 2209.0, 52.5], 6g_4f28HWh, 5698206]
[ordered-list, [198.0, 1867.5, 2209.0, 52.5], 6g_4f28HWh, 5698206]
[ordered-list, [198.0, 1920.0, 2209.0, 52.5], 6g_4f28HWh, 5698206]
[ordered-list, [198.0, 1972.5, 2209.0, 52.5], 6g_4f28HWh, 5698206]
[ordered-list, [198.0, 2025.0, 2209.0, 52.5], 6g_4f28HWh, 5698206]
[ordered-list, [198.0, 2077.5, 2209.0, 52.5], 6g_4f28HWh, 5698206]
[ordered-list, [198.0, 2130.0, 2209.0, 52.5], 6g_4f28HWh, 5698206]
[ordered-list, [198.0, 2182.5, 2209.0, 52.5], 6g_4f28HWh, 5698206]
[ordered-list, [198.0, 2235.0, 2209.0, 52.5], 6g_4f28HWh, 5698206]
[ordered-list, [198.0, 2287.5, 2209.0, 52.5], 6g_4f28HWh, 5698206]
[ordered-list, [198.0, 2340.0, 2209.0, 52.5], 6g_4f28HWh, 5698206]
[ordered-list, [198.0, 2392.5, 2209.0, 52.5], 6g_4f28HWh, 5698206]
[ordered-list, [198.0, 2445.0, 2209.0, 52.5], 6g_4f28HWh, 5698206]
[ordered-list, [198.0, 2497.5, 2209.0, 52.5], 6g_4f28HWh, 5698206]
[ordered-list, [198.0, 2550.0, 2209.0, 52.5], 6g_4f28HWh, 5698206]
[ordered-list, [198.0, 2602.5, 2209.0, 52.5], 6g_4f28HWh, 5698206]
[ordered-list, [198.0, 2655.0, 2209.0, 52.5], 6g_4f28HWh, 5698206]
[ordered-list, [198.0, 2707.5, 2209.0, 52.5], 6g_4f28HWh, 5698206]
[ordered-list, [198.0, 2760.0, 2209.0, 52.5], 6g_4f28HWh, 5698206]
[ordered-list, [198.0, 2812.5, 2209.0, 52.5], 6g_4f28HWh, 5698206]
[ordered-list, [198.0, 2865.0, 2209.0, 52.5], 6g_4f28HWh, 5698206]
[section-title, [259.0, 259.0, 2095.0, 93.0], Q7LQHAd3D9, 5698206]
[footnote, [255.0, 3029.0, 1971.0, 52.5], shoonya_1sAN5DGDYGPWNO, 5698206]
