[1241, 877]
[folio, [116.0, 69.0, 130.0, 18.0], shoonya_2s7EQ5GSN2TEI2, 5698150]
[reference, [109.0, 119.0, 655.0, 18.0], SZ7JZ2BIG1, 5698150]
[reference, [109.0, 137.0, 655.0, 18.0], SZ7JZ2BIG1, 5698150]
[reference, [109.0, 155.0, 655.0, 18.0], SZ7JZ2BIG1, 5698150]
[reference, [109.0, 173.0, 655.0, 18.0], SZ7JZ2BIG1, 5698150]
[reference, [109.0, 191.0, 655.0, 18.0], SZ7JZ2BIG1, 5698150]
[reference, [109.0, 209.0, 655.0, 18.0], SZ7JZ2BIG1, 5698150]
[reference, [109.0, 227.0, 655.0, 18.0], SZ7JZ2BIG1, 5698150]
[reference, [109.0, 245.0, 655.0, 18.0], SZ7JZ2BIG1, 5698150]
[reference, [109.0, 263.0, 655.0, 18.0], SZ7JZ2BIG1, 5698150]
[reference, [109.0, 281.0, 655.0, 18.0], SZ7JZ2BIG1, 5698150]
[reference, [109.0, 299.0, 655.0, 18.0], SZ7JZ2BIG1, 5698150]
[reference, [109.0, 317.0, 655.0, 18.0], SZ7JZ2BIG1, 5698150]
[reference, [109.0, 335.0, 655.0, 18.0], SZ7JZ2BIG1, 5698150]
[reference, [109.0, 353.0, 655.0, 18.0], SZ7JZ2BIG1, 5698150]
[reference, [109.0, 371.0, 655.0, 18.0], SZ7JZ2BIG1, 5698150]
[reference, [109.0, 389.0, 655.0, 18.0], SZ7JZ2BIG1, 5698150]
[reference, [109.0, 407.0, 655.0, 18.0], SZ7JZ2BIG1, 5698150]
[reference, [109.0, 425.0, 655.0, 18.0], SZ7JZ2BIG1, 5698150]
[reference, [109.0, 443.0, 655.0, 18.0], SZ7JZ2BIG1, 5698150]
[reference, [109.0, 461.0, 655.0, 18.0], SZ7JZ2BIG1, 5698150]
[reference, [109.0, 479.0, 655.0, 18.0], SZ7JZ2BIG1, 5698150]
[reference, [109.0, 497.0, 655.0, 18.0], SZ7JZ2BIG1, 5698150]
[reference, [109.0, 515.0, 655.0, 18.0], SZ7JZ2BIG1, 5698150]
