[3690, 2970]
[folio, [767.0, 1550.0, 1472.0, 52.5], PgQOwOfI_V, 5697792]
[folio, [767.0, 1602.5, 1472.0, 52.5], PgQOwOfI_V, 5697792]
[folio, [767.0, 1655.0, 1472.0, 52.5], PgQOwOfI_V, 5697792]
[folio, [767.0, 1707.5, 1472.0, 52.5], PgQOwOfI_V, 5697792]
[folio, [767.0, 1760.0, 1472.0, 52.5], PgQOwOfI_V, 5697792]
[folio, [767.0, 1812.5, 1472.0, 52.5], PgQOwOfI_V, 5697792]
[folio, [767.0, 1865.0, 1472.0, 52.5], PgQOwOfI_V, 5697792]
[folio, [767.0, 1917.5, 1472.0, 52.5], PgQOwOfI_V, 5697792]
[folio, [767.0, 1970.0, 1472.0, 52.5], PgQOwOfI_V, 5697792]
