[1650, 1275]
[ordered-list, [199.0, 93.0, 855.0, 36.0], m9OUHr3Kd-, 5781211]
[ordered-list, [213.0, 215.0, 937.0, 36.0], W5BEAI5sd9, 5781211]
[ordered-list, [213.0, 251.0, 937.0, 36.0], W5BEAI5sd9, 5781211]
[ordered-list, [213.0, 287.0, 937.0, 36.0], W5BEAI5sd9, 5781211]
[ordered-list, [213.0, 323.0, 937.0, 36.0], W5BEAI5sd9, 5781211]
[ordered-list, [213.0, 359.0, 937.0, 36.0], W5BEAI5sd9, 5781211]
[ordered-list, [216.0, 445.0, 886.0, 36.0], fwCaQ7kg0w, 5781211]
[ordered-list, [216.0, 481.0, 886.0, 36.0], fwCaQ7kg0w, 5781211]
[reference, [178.0, 540.0, 1006.0, 36.0], _1KOglDAA2, 5781211]
[reference, [178.0, 576.0, 1006.0, 36.0], _1KOglDAA2, 5781211]
[reference, [178.0, 612.0, 1006.0, 36.0], _1KOglDAA2, 5781211]
[reference, [178.0, 648.0, 1006.0, 36.0], _1KOglDAA2, 5781211]
[reference, [178.0, 684.0, 1006.0, 36.0], _1KOglDAA2, 5781211]
[reference, [178.0, 720.0, 1006.0, 36.0], _1KOglDAA2, 5781211]
[reference, [178.0, 756.0, 1006.0, 36.0], _1KOglDAA2, 5781211]
[reference, [178.0, 792.0, 1006.0, 36.0], _1KOglDAA2, 5781211]
[reference, [178.0, 828.0, 1006.0, 36.0], _1KOglDAA2, 5781211]
[reference, [178.0, 864.0, 1006.0, 36.0], _1KOglDAA2, 5781211]
[reference, [178.0, 900.0, 1006.0, 36.0], _1KOglDAA2, 5781211]
[reference, [178.0, 936.0, 1006.0, 36.0], _1KOglDAA2, 5781211]
[reference, [178.0, 972.0, 1006.0, 36.0], _1KOglDAA2, 5781211]
[reference, [178.0, 1008.0, 1006.0, 36.0], _1KOglDAA2, 5781211]
[reference, [178.0, 1044.0, 1006.0, 36.0], _1KOglDAA2, 5781211]
[reference, [178.0, 1080.0, 1006.0, 36.0], _1KOglDAA2, 5781211]
[reference, [178.0, 1116.0, 1006.0, 36.0], _1KOglDAA2, 5781211]
[reference, [178.0, 1152.0, 1006.0, 36.0], _1KOglDAA2, 5781211]
[reference, [178.0, 1188.0, 1006.0, 36.0], _1KOglDAA2, 5781211]
[reference, [178.0, 1224.0, 1006.0, 36.0], _1KOglDAA2, 5781211]
