[1755, 1241]
[paragraph, [92.0, 203.0, 1045.0, 36.0], shoonya_0sQ2J7CQ4PTJZ6, 5781268]
[paragraph, [92.0, 239.0, 1045.0, 36.0], shoonya_0sQ2J7CQ4PTJZ6, 5781268]
[paragraph, [92.0, 275.0, 1045.0, 36.0], shoonya_0sQ2J7CQ4PTJZ6, 5781268]
[paragraph, [92.0, 311.0, 1045.0, 36.0], shoonya_0sQ2J7CQ4PTJZ6, 5781268]
[paragraph, [92.0, 347.0, 1045.0, 36.0], shoonya_0sQ2J7CQ4PTJZ6, 5781268]
[quote, [280.0, 581.0, 673.0, 36.0], l3k9bHSvy9, 5781268]
[quote, [280.0, 617.0, 673.0, 36.0], l3k9bHSvy9, 5781268]
[quote, [280.0, 653.0, 673.0, 36.0], l3k9bHSvy9, 5781268]
[quote, [280.0, 689.0, 673.0, 36.0], l3k9bHSvy9, 5781268]
[quote, [280.0, 725.0, 673.0, 36.0], l3k9bHSvy9, 5781268]
[quote, [280.0, 761.0, 673.0, 36.0], l3k9bHSvy9, 5781268]
[quote, [280.0, 797.0, 673.0, 36.0], l3k9bHSvy9, 5781268]
[quote, [280.0, 833.0, 673.0, 36.0], l3k9bHSvy9, 5781268]
[quote, [280.0, 869.0, 673.0, 36.0], l3k9bHSvy9, 5781268]
[quote, [280.0, 905.0, 673.0, 36.0], l3k9bHSvy9, 5781268]
[quote, [280.0, 941.0, 673.0, 36.0], l3k9bHSvy9, 5781268]
[paragraph, [415.0, 1018.0, 409.0, 36.0], 6SaiPsk-K9, 5781268]
[paragraph, [245.0, 1113.0, 735.0, 36.0], CHgNvq0kc4, 5781268]
[paragraph, [245.0, 1149.0, 735.0, 36.0], CHgNvq0kc4, 5781268]
[paragraph, [245.0, 1185.0, 735.0, 36.0], CHgNvq0kc4, 5781268]
[paragraph, [245.0, 1221.0, 735.0, 36.0], CHgNvq0kc4, 5781268]
[paragraph, [245.0, 1257.0, 735.0, 36.0], CHgNvq0kc4, 5781268]
[paragraph, [245.0, 1293.0, 735.0, 36.0], CHgNvq0kc4, 5781268]
[paragraph, [245.0, 1329.0, 735.0, 36.0], CHgNvq0kc4, 5781268]
[paragraph, [245.0, 1365.0, 735.0, 36.0], CHgNvq0kc4, 5781268]
[quote, [538.0, 1328.0, 347.0, 36.0], l3gnK6QjfA, 5781268]
[footnote, [219.0, 1482.0, 806.0, 36.0], shoonya_4s671PGQ4GJK2Y, 5781268]
[footnote, [219.0, 1518.0, 806.0, 36.0], shoonya_4s671PGQ4GJK2Y, 5781268]
