[1650, 1275]
[ordered-list, [141.0, 192.0, 777.0, 36.0], 4PS_YxBY4m, 5706621]
[ordered-list, [141.0, 228.0, 777.0, 36.0], 4PS_YxBY4m, 5706621]
[ordered-list, [141.0, 264.0, 777.0, 36.0], 4PS_YxBY4m, 5706621]
[ordered-list, [141.0, 300.0, 777.0, 36.0], 4PS_YxBY4m, 5706621]
[ordered-list, [141.0, 336.0, 777.0, 36.0], 4PS_YxBY4m, 5706621]
[ordered-list, [141.0, 372.0, 777.0, 36.0], 4PS_YxBY4m, 5706621]
[ordered-list, [141.0, 408.0, 777.0, 36.0], 4PS_YxBY4m, 5706621]
[ordered-list, [141.0, 444.0, 777.0, 36.0], 4PS_YxBY4m, 5706621]
[folio, [331.0, 1433.0, 605.0, 36.0], OukYWdaYL6, 5706621]
