[1650, 1275]
[folio, [517.0, 156.0, 237.0, 36.0], ye5XLc1bNr, 5706641]
[folio, [517.0, 192.0, 237.0, 36.0], ye5XLc1bNr, 5706641]
[folio, [517.0, 228.0, 237.0, 36.0], ye5XLc1bNr, 5706641]
[section-title, [536.0, 294.0, 197.0, 49.5], cAHRSgPmDY, 5706641]
[paragraph, [135.0, 372.0, 963.0, 36.0], 3Gx61dZOxp, 5706641]
[paragraph, [135.0, 408.0, 963.0, 36.0], 3Gx61dZOxp, 5706641]
[ordered-list, [146.0, 485.0, 679.0, 36.0], zh99QAZVDN, 5706641]
[ordered-list, [146.0, 521.0, 679.0, 36.0], zh99QAZVDN, 5706641]
[ordered-list, [146.0, 557.0, 679.0, 36.0], zh99QAZVDN, 5706641]
[ordered-list, [146.0, 593.0, 679.0, 36.0], zh99QAZVDN, 5706641]
[ordered-list, [146.0, 629.0, 679.0, 36.0], zh99QAZVDN, 5706641]
[ordered-list, [141.0, 823.0, 525.0, 36.0], nZ1o2f21JV, 5706641]
[ordered-list, [141.0, 859.0, 525.0, 36.0], nZ1o2f21JV, 5706641]
[ordered-list, [141.0, 895.0, 525.0, 36.0], nZ1o2f21JV, 5706641]
[ordered-list, [141.0, 931.0, 525.0, 36.0], nZ1o2f21JV, 5706641]
[ordered-list, [141.0, 967.0, 525.0, 36.0], nZ1o2f21JV, 5706641]
[ordered-list, [141.0, 1003.0, 525.0, 36.0], nZ1o2f21JV, 5706641]
[ordered-list, [141.0, 1039.0, 525.0, 36.0], nZ1o2f21JV, 5706641]
[ordered-list, [141.0, 1075.0, 525.0, 36.0], nZ1o2f21JV, 5706641]
[ordered-list, [141.0, 1111.0, 525.0, 36.0], nZ1o2f21JV, 5706641]
[ordered-list, [141.0, 1147.0, 525.0, 36.0], nZ1o2f21JV, 5706641]
[ordered-list, [141.0, 1183.0, 525.0, 36.0], nZ1o2f21JV, 5706641]
