[2339, 1653]
[reference, [284.0, 187.0, 1196.0, 36.0], gUDf95-6ds, 5737867]
[reference, [284.0, 223.0, 1196.0, 36.0], gUDf95-6ds, 5737867]
[reference, [284.0, 259.0, 1196.0, 36.0], gUDf95-6ds, 5737867]
[reference, [284.0, 295.0, 1196.0, 36.0], gUDf95-6ds, 5737867]
[reference, [284.0, 331.0, 1196.0, 36.0], gUDf95-6ds, 5737867]
[reference, [284.0, 367.0, 1196.0, 36.0], gUDf95-6ds, 5737867]
[reference, [284.0, 403.0, 1196.0, 36.0], gUDf95-6ds, 5737867]
[reference, [284.0, 439.0, 1196.0, 36.0], gUDf95-6ds, 5737867]
[reference, [284.0, 475.0, 1196.0, 36.0], gUDf95-6ds, 5737867]
[reference, [284.0, 511.0, 1196.0, 36.0], gUDf95-6ds, 5737867]
[reference, [284.0, 547.0, 1196.0, 36.0], gUDf95-6ds, 5737867]
[reference, [284.0, 583.0, 1196.0, 36.0], gUDf95-6ds, 5737867]
[reference, [284.0, 619.0, 1196.0, 36.0], gUDf95-6ds, 5737867]
[reference, [284.0, 655.0, 1196.0, 36.0], gUDf95-6ds, 5737867]
[reference, [284.0, 691.0, 1196.0, 36.0], gUDf95-6ds, 5737867]
[reference, [284.0, 727.0, 1196.0, 36.0], gUDf95-6ds, 5737867]
[reference, [284.0, 763.0, 1196.0, 36.0], gUDf95-6ds, 5737867]
[reference, [284.0, 799.0, 1196.0, 36.0], gUDf95-6ds, 5737867]
[reference, [284.0, 835.0, 1196.0, 36.0], gUDf95-6ds, 5737867]
