[2339, 1653]
[folio, [636.0, 277.0, 375.0, 36.0], DDOF3q7w4q, 5737604]
[folio, [623.0, 589.0, 405.0, 36.0], pnQPXS69AO, 5737604]
[folio, [623.0, 625.0, 405.0, 36.0], pnQPXS69AO, 5737604]
[contact-info, [449.0, 685.0, 732.0, 36.0], 4LWfZb4IEK, 5737604]
[contact-info, [449.0, 721.0, 732.0, 36.0], 4LWfZb4IEK, 5737604]
[contact-info, [449.0, 757.0, 732.0, 36.0], 4LWfZb4IEK, 5737604]
[contact-info, [449.0, 793.0, 732.0, 36.0], 4LWfZb4IEK, 5737604]
[section-title, [472.0, 904.0, 705.0, 52.5], lpXH8PLyY1, 5737604]
[section-title, [472.0, 956.5, 705.0, 52.5], lpXH8PLyY1, 5737604]
[section-title, [472.0, 1009.0, 705.0, 52.5], lpXH8PLyY1, 5737604]
[folio, [645.0, 1275.0, 354.0, 36.0], -lAxn4lDxW, 5737604]
[folio, [645.0, 1311.0, 354.0, 36.0], -lAxn4lDxW, 5737604]
[folio, [507.0, 1372.0, 658.0, 36.0], Mv72LM32bs, 5737604]
[folio, [507.0, 1408.0, 658.0, 36.0], Mv72LM32bs, 5737604]
[folio, [507.0, 1444.0, 658.0, 36.0], Mv72LM32bs, 5737604]
[folio, [507.0, 1480.0, 658.0, 36.0], Mv72LM32bs, 5737604]
