[2339, 1653]
[contact-info, [482.0, 784.0, 697.0, 36.0], nqGS5N3L_M, 5737888]
[contact-info, [482.0, 820.0, 697.0, 36.0], nqGS5N3L_M, 5737888]
[contact-info, [482.0, 856.0, 697.0, 36.0], nqGS5N3L_M, 5737888]
[contact-info, [482.0, 892.0, 697.0, 36.0], nqGS5N3L_M, 5737888]
[section-title, [491.0, 995.0, 674.0, 52.5], bPPACJJDra, 5737888]
[section-title, [491.0, 1047.5, 674.0, 52.5], bPPACJJDra, 5737888]
[section-title, [491.0, 1100.0, 674.0, 52.5], bPPACJJDra, 5737888]
[folio, [433.0, 1387.0, 804.0, 36.0], hqo5O-TO0f, 5737888]
[folio, [433.0, 1423.0, 804.0, 36.0], hqo5O-TO0f, 5737888]
[folio, [433.0, 1459.0, 804.0, 36.0], hqo5O-TO0f, 5737888]
[folio, [444.0, 1531.0, 783.0, 36.0], kIX4IgvUzo, 5737888]
[folio, [444.0, 1567.0, 783.0, 36.0], kIX4IgvUzo, 5737888]
