[1754, 1241]
[reference, [221.0, 97.0, 969.0, 36.0], Yr0A_NBL8t, 5728846]
[reference, [221.0, 133.0, 969.0, 36.0], Yr0A_NBL8t, 5728846]
[reference, [221.0, 169.0, 969.0, 36.0], Yr0A_NBL8t, 5728846]
[reference, [221.0, 205.0, 969.0, 36.0], Yr0A_NBL8t, 5728846]
[reference, [221.0, 241.0, 969.0, 36.0], Yr0A_NBL8t, 5728846]
[reference, [221.0, 277.0, 969.0, 36.0], Yr0A_NBL8t, 5728846]
[reference, [221.0, 313.0, 969.0, 36.0], Yr0A_NBL8t, 5728846]
[reference, [221.0, 349.0, 969.0, 36.0], Yr0A_NBL8t, 5728846]
[reference, [221.0, 385.0, 969.0, 36.0], Yr0A_NBL8t, 5728846]
[reference, [221.0, 421.0, 969.0, 36.0], Yr0A_NBL8t, 5728846]
[reference, [221.0, 457.0, 969.0, 36.0], Yr0A_NBL8t, 5728846]
[reference, [221.0, 493.0, 969.0, 36.0], Yr0A_NBL8t, 5728846]
[reference, [221.0, 529.0, 969.0, 36.0], Yr0A_NBL8t, 5728846]
[reference, [221.0, 565.0, 969.0, 36.0], Yr0A_NBL8t, 5728846]
