[2339, 1655]
[folio, [590.0, 547.0, 464.0, 36.0], 7Ahl75FjIm, 5737853]
[contact-info, [239.0, 681.0, 1171.0, 36.0], OfiZbsueHm, 5737853]
[contact-info, [239.0, 717.0, 1171.0, 36.0], OfiZbsueHm, 5737853]
[contact-info, [239.0, 753.0, 1171.0, 36.0], OfiZbsueHm, 5737853]
[contact-info, [239.0, 789.0, 1171.0, 36.0], OfiZbsueHm, 5737853]
[folio, [400.0, 993.0, 890.0, 36.0], b4qzgmwMN2, 5737853]
[folio, [400.0, 1029.0, 890.0, 36.0], b4qzgmwMN2, 5737853]
[folio, [400.0, 1065.0, 890.0, 36.0], b4qzgmwMN2, 5737853]
[folio, [400.0, 1101.0, 890.0, 36.0], b4qzgmwMN2, 5737853]
[folio, [400.0, 1137.0, 890.0, 36.0], b4qzgmwMN2, 5737853]
[folio, [400.0, 1173.0, 890.0, 36.0], b4qzgmwMN2, 5737853]
[folio, [400.0, 1209.0, 890.0, 36.0], b4qzgmwMN2, 5737853]
[paragraph, [396.0, 1303.0, 888.0, 36.0], DGi3mXfQ-Y, 5737853]
[paragraph, [396.0, 1339.0, 888.0, 36.0], DGi3mXfQ-Y, 5737853]
[paragraph, [396.0, 1375.0, 888.0, 36.0], DGi3mXfQ-Y, 5737853]
[paragraph, [383.0, 1515.0, 865.0, 36.0], ybKPdJjjTM, 5737853]
[paragraph, [383.0, 1551.0, 865.0, 36.0], ybKPdJjjTM, 5737853]
[paragraph, [383.0, 1587.0, 865.0, 36.0], ybKPdJjjTM, 5737853]
[paragraph, [422.0, 1689.0, 745.0, 36.0], QOhUax-pek, 5737853]
[paragraph, [422.0, 1725.0, 745.0, 36.0], QOhUax-pek, 5737853]
