[2339, 1653]
[folio, [581.0, 406.0, 542.0, 36.0], Avopu4tdgM, 5737537]
[folio, [581.0, 442.0, 542.0, 36.0], Avopu4tdgM, 5737537]
[folio, [579.0, 600.0, 542.0, 36.0], PTeCCbjZHt, 5737537]
[folio, [579.0, 636.0, 542.0, 36.0], PTeCCbjZHt, 5737537]
[folio, [668.0, 844.0, 357.0, 36.0], AGRs7aslb0, 5737537]
[folio, [668.0, 880.0, 357.0, 36.0], AGRs7aslb0, 5737537]
[folio, [672.0, 1036.0, 344.0, 36.0], jCFxOw7Dcp, 5737537]
[folio, [672.0, 1072.0, 344.0, 36.0], jCFxOw7Dcp, 5737537]
[folio, [672.0, 1284.0, 354.0, 36.0], MuGrxEdrGm, 5737537]
[folio, [672.0, 1320.0, 354.0, 36.0], MuGrxEdrGm, 5737537]
[folio, [689.0, 1469.0, 323.0, 36.0], 2mjIEdcEQq, 5737537]
[folio, [689.0, 1505.0, 323.0, 36.0], 2mjIEdcEQq, 5737537]
[folio, [633.0, 1721.0, 429.0, 36.0], oCSiIR8YIm, 5737537]
[folio, [633.0, 1757.0, 429.0, 36.0], oCSiIR8YIm, 5737537]
[section-title, [780.0, 1857.0, 138.0, 52.5], eBmDTsOp_0, 5737537]
[folio, [691.0, 1917.0, 332.0, 36.0], DJyU5k5ma7, 5737537]
[folio, [691.0, 1953.0, 332.0, 36.0], DJyU5k5ma7, 5737537]
