[1754, 1241]
[paragraph, [133.0, 153.0, 969.0, 36.0], hIMm6VI6DG, 5746780]
[paragraph, [133.0, 189.0, 969.0, 36.0], hIMm6VI6DG, 5746780]
[paragraph, [133.0, 225.0, 969.0, 36.0], hIMm6VI6DG, 5746780]
[paragraph, [133.0, 261.0, 969.0, 36.0], hIMm6VI6DG, 5746780]
[paragraph, [133.0, 297.0, 969.0, 36.0], hIMm6VI6DG, 5746780]
[paragraph, [133.0, 333.0, 969.0, 36.0], hIMm6VI6DG, 5746780]
[paragraph, [133.0, 910.0, 980.0, 36.0], 7Q5PEikWP9, 5746780]
[paragraph, [133.0, 946.0, 980.0, 36.0], 7Q5PEikWP9, 5746780]
[paragraph, [133.0, 982.0, 980.0, 36.0], 7Q5PEikWP9, 5746780]
[paragraph, [133.0, 1018.0, 980.0, 36.0], 7Q5PEikWP9, 5746780]
[paragraph, [133.0, 1054.0, 980.0, 36.0], 7Q5PEikWP9, 5746780]
[paragraph, [133.0, 1090.0, 980.0, 36.0], 7Q5PEikWP9, 5746780]
