[1754, 1241]
[folio, [127.0, 107.0, 210.0, 36.0], tyPPrBKs_L, 5746818]
[paragraph, [137.0, 153.0, 959.0, 36.0], shoonya_0s5P1BZ4FMBTT2, 5746818]
[paragraph, [137.0, 189.0, 959.0, 36.0], shoonya_0s5P1BZ4FMBTT2, 5746818]
[ordered-list, [172.0, 294.0, 926.0, 36.0], 011DT_UHzF, 5746818]
[ordered-list, [172.0, 330.0, 926.0, 36.0], 011DT_UHzF, 5746818]
[ordered-list, [172.0, 366.0, 926.0, 36.0], 011DT_UHzF, 5746818]
[ordered-list, [172.0, 402.0, 926.0, 36.0], 011DT_UHzF, 5746818]
[ordered-list, [172.0, 438.0, 926.0, 36.0], 011DT_UHzF, 5746818]
[ordered-list, [172.0, 474.0, 926.0, 36.0], 011DT_UHzF, 5746818]
[ordered-list, [172.0, 510.0, 926.0, 36.0], 011DT_UHzF, 5746818]
[ordered-list, [172.0, 546.0, 926.0, 36.0], 011DT_UHzF, 5746818]
[ordered-list, [172.0, 582.0, 926.0, 36.0], 011DT_UHzF, 5746818]
[ordered-list, [172.0, 618.0, 926.0, 36.0], 011DT_UHzF, 5746818]
[ordered-list, [172.0, 654.0, 926.0, 36.0], 011DT_UHzF, 5746818]
[ordered-list, [172.0, 690.0, 926.0, 36.0], 011DT_UHzF, 5746818]
[ordered-list, [172.0, 726.0, 926.0, 36.0], 011DT_UHzF, 5746818]
[ordered-list, [172.0, 762.0, 926.0, 36.0], 011DT_UHzF, 5746818]
[ordered-list, [172.0, 798.0, 926.0, 36.0], 011DT_UHzF, 5746818]
[ordered-list, [172.0, 834.0, 926.0, 36.0], 011DT_UHzF, 5746818]
[ordered-list, [172.0, 870.0, 926.0, 36.0], 011DT_UHzF, 5746818]
[ordered-list, [172.0, 906.0, 926.0, 36.0], 011DT_UHzF, 5746818]
[ordered-list, [172.0, 942.0, 926.0, 36.0], 011DT_UHzF, 5746818]
[ordered-list, [172.0, 978.0, 926.0, 36.0], 011DT_UHzF, 5746818]
[ordered-list, [172.0, 1014.0, 926.0, 36.0], 011DT_UHzF, 5746818]
[ordered-list, [172.0, 1050.0, 926.0, 36.0], 011DT_UHzF, 5746818]
[ordered-list, [172.0, 1086.0, 926.0, 36.0], 011DT_UHzF, 5746818]
[ordered-list, [172.0, 1122.0, 926.0, 36.0], 011DT_UHzF, 5746818]
[ordered-list, [172.0, 1158.0, 926.0, 36.0], 011DT_UHzF, 5746818]
[ordered-list, [172.0, 1194.0, 926.0, 36.0], 011DT_UHzF, 5746818]
[ordered-list, [172.0, 1230.0, 926.0, 36.0], 011DT_UHzF, 5746818]
[ordered-list, [172.0, 1266.0, 926.0, 36.0], 011DT_UHzF, 5746818]
[ordered-list, [172.0, 1302.0, 926.0, 36.0], 011DT_UHzF, 5746818]
[ordered-list, [172.0, 1338.0, 926.0, 36.0], 011DT_UHzF, 5746818]
[ordered-list, [172.0, 1374.0, 926.0, 36.0], 011DT_UHzF, 5746818]
[ordered-list, [172.0, 1410.0, 926.0, 36.0], 011DT_UHzF, 5746818]
