[792, 612]
[paragraph, [61.0, 63.0, 485.0, 18.0], j_DqSCHj-_, 6461706]
[paragraph, [61.0, 81.0, 485.0, 18.0], j_DqSCHj-_, 6461706]
[paragraph, [57.0, 169.0, 488.0, 18.0], p5A7F7yWFh, 6461706]
[paragraph, [57.0, 187.0, 488.0, 18.0], p5A7F7yWFh, 6461706]
[paragraph, [57.0, 205.0, 488.0, 18.0], p5A7F7yWFh, 6461706]
[paragraph, [57.0, 223.0, 488.0, 18.0], p5A7F7yWFh, 6461706]
[paragraph, [57.0, 241.0, 488.0, 18.0], p5A7F7yWFh, 6461706]
[paragraph, [57.0, 259.0, 488.0, 18.0], p5A7F7yWFh, 6461706]
[paragraph, [59.0, 343.0, 493.0, 18.0], Px9sZNj1j2, 6461706]
[paragraph, [59.0, 361.0, 493.0, 18.0], Px9sZNj1j2, 6461706]
[paragraph, [59.0, 379.0, 493.0, 18.0], Px9sZNj1j2, 6461706]
[paragraph, [59.0, 397.0, 493.0, 18.0], Px9sZNj1j2, 6461706]
[paragraph, [59.0, 415.0, 493.0, 18.0], Px9sZNj1j2, 6461706]
