[842, 596]
[reference, [78.0, 87.0, 448.0, 18.0], nnpjFfd8_9, 6462243]
[reference, [78.0, 105.0, 448.0, 18.0], nnpjFfd8_9, 6462243]
[reference, [78.0, 123.0, 448.0, 18.0], nnpjFfd8_9, 6462243]
[reference, [78.0, 141.0, 448.0, 18.0], nnpjFfd8_9, 6462243]
[reference, [78.0, 159.0, 448.0, 18.0], nnpjFfd8_9, 6462243]
[reference, [78.0, 177.0, 448.0, 18.0], nnpjFfd8_9, 6462243]
[reference, [78.0, 195.0, 448.0, 18.0], nnpjFfd8_9, 6462243]
[reference, [78.0, 213.0, 448.0, 18.0], nnpjFfd8_9, 6462243]
[folio, [61.0, 741.0, 72.0, 18.0], 2py2uRa8K5, 6462243]
