[842, 595]
[folio, [137.0, 54.0, 305.0, 18.0], vpj-SjQz1_, 5772573]
[paragraph, [50.0, 115.0, 477.0, 18.0], 8LC51Op_0C, 5772573]
[paragraph, [50.0, 133.0, 477.0, 18.0], 8LC51Op_0C, 5772573]
[paragraph, [46.0, 163.0, 479.0, 18.0], uAy8C82f39, 5772573]
[paragraph, [46.0, 181.0, 479.0, 18.0], uAy8C82f39, 5772573]
[paragraph, [46.0, 199.0, 479.0, 18.0], uAy8C82f39, 5772573]
[paragraph, [51.0, 253.0, 472.0, 18.0], suk2-x7ENn, 5772573]
[paragraph, [51.0, 271.0, 472.0, 18.0], suk2-x7ENn, 5772573]
[paragraph, [51.0, 289.0, 472.0, 18.0], suk2-x7ENn, 5772573]
[paragraph, [44.0, 321.0, 478.0, 18.0], Bl7P3oNcK6, 5772573]
[paragraph, [44.0, 339.0, 478.0, 18.0], Bl7P3oNcK6, 5772573]
[paragraph, [52.0, 388.0, 474.0, 18.0], WmHHl4s6TA, 5772573]
[paragraph, [52.0, 406.0, 474.0, 18.0], WmHHl4s6TA, 5772573]
[paragraph, [52.0, 424.0, 474.0, 18.0], WmHHl4s6TA, 5772573]
[paragraph, [52.0, 442.0, 474.0, 18.0], WmHHl4s6TA, 5772573]
[paragraph, [47.0, 475.0, 480.0, 18.0], Rc9WXV0mCt, 5772573]
[paragraph, [47.0, 493.0, 480.0, 18.0], Rc9WXV0mCt, 5772573]
[paragraph, [47.0, 511.0, 480.0, 18.0], Rc9WXV0mCt, 5772573]
[paragraph, [47.0, 541.0, 477.0, 18.0], gZ9fPrr8QU, 5772573]
[paragraph, [47.0, 559.0, 477.0, 18.0], gZ9fPrr8QU, 5772573]
[paragraph, [56.0, 613.0, 475.0, 18.0], tCTeI4jI-H, 5772573]
[paragraph, [56.0, 631.0, 475.0, 18.0], tCTeI4jI-H, 5772573]
[paragraph, [56.0, 649.0, 475.0, 18.0], tCTeI4jI-H, 5772573]
[paragraph, [56.0, 667.0, 475.0, 18.0], tCTeI4jI-H, 5772573]
[paragraph, [56.0, 685.0, 475.0, 18.0], tCTeI4jI-H, 5772573]
[paragraph, [56.0, 703.0, 475.0, 18.0], tCTeI4jI-H, 5772573]
