[842, 595]
[folio, [168.0, 57.0, 247.0, 18.0], bZm9cew79U, 5772650]
[headline, [147.0, 225.0, 362.0, 25.5], Bn3macmPU3, 5772650]
[headline, [147.0, 250.5, 362.0, 25.5], Bn3macmPU3, 5772650]
[headline, [147.0, 276.0, 362.0, 25.5], Bn3macmPU3, 5772650]
[section-title, [48.0, 340.0, 261.0, 30.0], JqAd05S9og, 5772650]
[paragraph, [61.0, 635.0, 462.0, 18.0], 1u6FHgfhqk, 5772650]
[paragraph, [61.0, 653.0, 462.0, 18.0], 1u6FHgfhqk, 5772650]
[paragraph, [61.0, 671.0, 462.0, 18.0], 1u6FHgfhqk, 5772650]
[paragraph, [61.0, 689.0, 462.0, 18.0], 1u6FHgfhqk, 5772650]
[paragraph, [61.0, 707.0, 462.0, 18.0], 1u6FHgfhqk, 5772650]
