[1806, 1262]
[folio, [144.0, 102.0, 501.0, 36.0], BLQLdAN8ow, 5680805]
[index, [649.0, 170.0, 515.0, 36.0], 9naNjzHfNp, 5680805]
[index, [649.0, 206.0, 515.0, 36.0], 9naNjzHfNp, 5680805]
[index, [649.0, 242.0, 515.0, 36.0], 9naNjzHfNp, 5680805]
[index, [649.0, 278.0, 515.0, 36.0], 9naNjzHfNp, 5680805]
[index, [649.0, 314.0, 515.0, 36.0], 9naNjzHfNp, 5680805]
[index, [649.0, 350.0, 515.0, 36.0], 9naNjzHfNp, 5680805]
[index, [649.0, 386.0, 515.0, 36.0], 9naNjzHfNp, 5680805]
[index, [649.0, 422.0, 515.0, 36.0], 9naNjzHfNp, 5680805]
[index, [649.0, 458.0, 515.0, 36.0], 9naNjzHfNp, 5680805]
[index, [649.0, 494.0, 515.0, 36.0], 9naNjzHfNp, 5680805]
[index, [649.0, 530.0, 515.0, 36.0], 9naNjzHfNp, 5680805]
[index, [649.0, 566.0, 515.0, 36.0], 9naNjzHfNp, 5680805]
[index, [649.0, 602.0, 515.0, 36.0], 9naNjzHfNp, 5680805]
[index, [649.0, 638.0, 515.0, 36.0], 9naNjzHfNp, 5680805]
[index, [649.0, 674.0, 515.0, 36.0], 9naNjzHfNp, 5680805]
[index, [649.0, 710.0, 515.0, 36.0], 9naNjzHfNp, 5680805]
[index, [649.0, 746.0, 515.0, 36.0], 9naNjzHfNp, 5680805]
[index, [649.0, 782.0, 515.0, 36.0], 9naNjzHfNp, 5680805]
[index, [649.0, 818.0, 515.0, 36.0], 9naNjzHfNp, 5680805]
[index, [649.0, 854.0, 515.0, 36.0], 9naNjzHfNp, 5680805]
[index, [649.0, 890.0, 515.0, 36.0], 9naNjzHfNp, 5680805]
[index, [649.0, 926.0, 515.0, 36.0], 9naNjzHfNp, 5680805]
[index, [649.0, 962.0, 515.0, 36.0], 9naNjzHfNp, 5680805]
[index, [649.0, 998.0, 515.0, 36.0], 9naNjzHfNp, 5680805]
[index, [649.0, 1034.0, 515.0, 36.0], 9naNjzHfNp, 5680805]
[index, [649.0, 1070.0, 515.0, 36.0], 9naNjzHfNp, 5680805]
[index, [649.0, 1106.0, 515.0, 36.0], 9naNjzHfNp, 5680805]
[index, [649.0, 1142.0, 515.0, 36.0], 9naNjzHfNp, 5680805]
[index, [649.0, 1178.0, 515.0, 36.0], 9naNjzHfNp, 5680805]
[index, [649.0, 1214.0, 515.0, 36.0], 9naNjzHfNp, 5680805]
[index, [649.0, 1250.0, 515.0, 36.0], 9naNjzHfNp, 5680805]
[index, [649.0, 1286.0, 515.0, 36.0], 9naNjzHfNp, 5680805]
[index, [649.0, 1322.0, 515.0, 36.0], 9naNjzHfNp, 5680805]
[index, [649.0, 1358.0, 515.0, 36.0], 9naNjzHfNp, 5680805]
[index, [649.0, 1394.0, 515.0, 36.0], 9naNjzHfNp, 5680805]
[index, [649.0, 1430.0, 515.0, 36.0], 9naNjzHfNp, 5680805]
[index, [649.0, 1466.0, 515.0, 36.0], 9naNjzHfNp, 5680805]
[index, [649.0, 1502.0, 515.0, 36.0], 9naNjzHfNp, 5680805]
[index, [649.0, 1538.0, 515.0, 36.0], 9naNjzHfNp, 5680805]
[index, [649.0, 1574.0, 515.0, 36.0], 9naNjzHfNp, 5680805]
[index, [649.0, 1610.0, 515.0, 36.0], 9naNjzHfNp, 5680805]
[index, [649.0, 1646.0, 515.0, 36.0], 9naNjzHfNp, 5680805]
[index, [94.0, 171.0, 518.0, 36.0], shoonya_0s8OQQCP88245H, 5680805]
[index, [94.0, 207.0, 518.0, 36.0], shoonya_0s8OQQCP88245H, 5680805]
[index, [94.0, 243.0, 518.0, 36.0], shoonya_0s8OQQCP88245H, 5680805]
[index, [94.0, 279.0, 518.0, 36.0], shoonya_0s8OQQCP88245H, 5680805]
[index, [94.0, 315.0, 518.0, 36.0], shoonya_0s8OQQCP88245H, 5680805]
[index, [94.0, 351.0, 518.0, 36.0], shoonya_0s8OQQCP88245H, 5680805]
[index, [94.0, 387.0, 518.0, 36.0], shoonya_0s8OQQCP88245H, 5680805]
[index, [94.0, 423.0, 518.0, 36.0], shoonya_0s8OQQCP88245H, 5680805]
[index, [94.0, 459.0, 518.0, 36.0], shoonya_0s8OQQCP88245H, 5680805]
[index, [94.0, 495.0, 518.0, 36.0], shoonya_0s8OQQCP88245H, 5680805]
[index, [94.0, 531.0, 518.0, 36.0], shoonya_0s8OQQCP88245H, 5680805]
[index, [94.0, 567.0, 518.0, 36.0], shoonya_0s8OQQCP88245H, 5680805]
[index, [94.0, 603.0, 518.0, 36.0], shoonya_0s8OQQCP88245H, 5680805]
[index, [94.0, 639.0, 518.0, 36.0], shoonya_0s8OQQCP88245H, 5680805]
[index, [94.0, 675.0, 518.0, 36.0], shoonya_0s8OQQCP88245H, 5680805]
[index, [94.0, 711.0, 518.0, 36.0], shoonya_0s8OQQCP88245H, 5680805]
[index, [94.0, 747.0, 518.0, 36.0], shoonya_0s8OQQCP88245H, 5680805]
[index, [94.0, 783.0, 518.0, 36.0], shoonya_0s8OQQCP88245H, 5680805]
[index, [94.0, 819.0, 518.0, 36.0], shoonya_0s8OQQCP88245H, 5680805]
[index, [94.0, 855.0, 518.0, 36.0], shoonya_0s8OQQCP88245H, 5680805]
[index, [94.0, 891.0, 518.0, 36.0], shoonya_0s8OQQCP88245H, 5680805]
[index, [94.0, 927.0, 518.0, 36.0], shoonya_0s8OQQCP88245H, 5680805]
[index, [94.0, 963.0, 518.0, 36.0], shoonya_0s8OQQCP88245H, 5680805]
[index, [94.0, 999.0, 518.0, 36.0], shoonya_0s8OQQCP88245H, 5680805]
[index, [94.0, 1035.0, 518.0, 36.0], shoonya_0s8OQQCP88245H, 5680805]
[index, [94.0, 1071.0, 518.0, 36.0], shoonya_0s8OQQCP88245H, 5680805]
[index, [94.0, 1107.0, 518.0, 36.0], shoonya_0s8OQQCP88245H, 5680805]
[index, [94.0, 1143.0, 518.0, 36.0], shoonya_0s8OQQCP88245H, 5680805]
[index, [94.0, 1179.0, 518.0, 36.0], shoonya_0s8OQQCP88245H, 5680805]
[index, [94.0, 1215.0, 518.0, 36.0], shoonya_0s8OQQCP88245H, 5680805]
[index, [94.0, 1251.0, 518.0, 36.0], shoonya_0s8OQQCP88245H, 5680805]
[index, [94.0, 1287.0, 518.0, 36.0], shoonya_0s8OQQCP88245H, 5680805]
[index, [94.0, 1323.0, 518.0, 36.0], shoonya_0s8OQQCP88245H, 5680805]
[index, [94.0, 1359.0, 518.0, 36.0], shoonya_0s8OQQCP88245H, 5680805]
[index, [94.0, 1395.0, 518.0, 36.0], shoonya_0s8OQQCP88245H, 5680805]
[index, [94.0, 1431.0, 518.0, 36.0], shoonya_0s8OQQCP88245H, 5680805]
[index, [94.0, 1467.0, 518.0, 36.0], shoonya_0s8OQQCP88245H, 5680805]
[index, [94.0, 1503.0, 518.0, 36.0], shoonya_0s8OQQCP88245H, 5680805]
[index, [94.0, 1539.0, 518.0, 36.0], shoonya_0s8OQQCP88245H, 5680805]
[index, [94.0, 1575.0, 518.0, 36.0], shoonya_0s8OQQCP88245H, 5680805]
[index, [94.0, 1611.0, 518.0, 36.0], shoonya_0s8OQQCP88245H, 5680805]
[index, [94.0, 1647.0, 518.0, 36.0], shoonya_0s8OQQCP88245H, 5680805]
