[1806, 1262]
[folio, [202.0, 101.0, 490.0, 36.0], shoonya_1sVVCSFDFFD4RX, 5680778]
[paragraph, [668.0, 172.0, 494.0, 36.0], O3BmCM44r3, 5680778]
[paragraph, [668.0, 208.0, 494.0, 36.0], O3BmCM44r3, 5680778]
[paragraph, [668.0, 244.0, 494.0, 36.0], O3BmCM44r3, 5680778]
[paragraph, [668.0, 280.0, 494.0, 36.0], O3BmCM44r3, 5680778]
[paragraph, [668.0, 316.0, 494.0, 36.0], O3BmCM44r3, 5680778]
[paragraph, [668.0, 352.0, 494.0, 36.0], O3BmCM44r3, 5680778]
[paragraph, [668.0, 388.0, 494.0, 36.0], O3BmCM44r3, 5680778]
[paragraph, [668.0, 424.0, 494.0, 36.0], O3BmCM44r3, 5680778]
[paragraph, [668.0, 460.0, 494.0, 36.0], O3BmCM44r3, 5680778]
[paragraph, [668.0, 496.0, 494.0, 36.0], O3BmCM44r3, 5680778]
[paragraph, [668.0, 532.0, 494.0, 36.0], O3BmCM44r3, 5680778]
[paragraph, [668.0, 568.0, 494.0, 36.0], O3BmCM44r3, 5680778]
[paragraph, [668.0, 604.0, 494.0, 36.0], O3BmCM44r3, 5680778]
[paragraph, [134.0, 174.0, 488.0, 36.0], shoonya_3sI9EKHNNH5FUB, 5680778]
[paragraph, [134.0, 210.0, 488.0, 36.0], shoonya_3sI9EKHNNH5FUB, 5680778]
[paragraph, [134.0, 246.0, 488.0, 36.0], shoonya_3sI9EKHNNH5FUB, 5680778]
[paragraph, [134.0, 282.0, 488.0, 36.0], shoonya_3sI9EKHNNH5FUB, 5680778]
[paragraph, [134.0, 318.0, 488.0, 36.0], shoonya_3sI9EKHNNH5FUB, 5680778]
[paragraph, [134.0, 354.0, 488.0, 36.0], shoonya_3sI9EKHNNH5FUB, 5680778]
[paragraph, [134.0, 390.0, 488.0, 36.0], shoonya_3sI9EKHNNH5FUB, 5680778]
[paragraph, [134.0, 426.0, 488.0, 36.0], shoonya_3sI9EKHNNH5FUB, 5680778]
[paragraph, [134.0, 462.0, 488.0, 36.0], shoonya_3sI9EKHNNH5FUB, 5680778]
[paragraph, [134.0, 498.0, 488.0, 36.0], shoonya_3sI9EKHNNH5FUB, 5680778]
[paragraph, [134.0, 534.0, 488.0, 36.0], shoonya_3sI9EKHNNH5FUB, 5680778]
[paragraph, [134.0, 570.0, 488.0, 36.0], shoonya_3sI9EKHNNH5FUB, 5680778]
[paragraph, [135.0, 622.0, 488.0, 36.0], nRV8-qPe8c, 5680778]
[paragraph, [135.0, 658.0, 488.0, 36.0], nRV8-qPe8c, 5680778]
[paragraph, [135.0, 694.0, 488.0, 36.0], nRV8-qPe8c, 5680778]
[paragraph, [135.0, 730.0, 488.0, 36.0], nRV8-qPe8c, 5680778]
[paragraph, [135.0, 766.0, 488.0, 36.0], nRV8-qPe8c, 5680778]
[paragraph, [135.0, 802.0, 488.0, 36.0], nRV8-qPe8c, 5680778]
[paragraph, [135.0, 838.0, 488.0, 36.0], nRV8-qPe8c, 5680778]
[paragraph, [135.0, 874.0, 488.0, 36.0], nRV8-qPe8c, 5680778]
[paragraph, [135.0, 910.0, 488.0, 36.0], nRV8-qPe8c, 5680778]
[paragraph, [135.0, 946.0, 488.0, 36.0], nRV8-qPe8c, 5680778]
[paragraph, [135.0, 982.0, 488.0, 36.0], nRV8-qPe8c, 5680778]
[paragraph, [135.0, 1018.0, 488.0, 36.0], nRV8-qPe8c, 5680778]
[paragraph, [135.0, 1054.0, 488.0, 36.0], nRV8-qPe8c, 5680778]
[paragraph, [135.0, 1090.0, 488.0, 36.0], nRV8-qPe8c, 5680778]
[paragraph, [671.0, 656.0, 492.0, 36.0], r89iWkJ_0L, 5680778]
[paragraph, [671.0, 692.0, 492.0, 36.0], r89iWkJ_0L, 5680778]
[paragraph, [671.0, 728.0, 492.0, 36.0], r89iWkJ_0L, 5680778]
[paragraph, [671.0, 764.0, 492.0, 36.0], r89iWkJ_0L, 5680778]
[paragraph, [671.0, 800.0, 492.0, 36.0], r89iWkJ_0L, 5680778]
[paragraph, [671.0, 836.0, 492.0, 36.0], r89iWkJ_0L, 5680778]
[paragraph, [671.0, 872.0, 492.0, 36.0], r89iWkJ_0L, 5680778]
[paragraph, [671.0, 908.0, 492.0, 36.0], r89iWkJ_0L, 5680778]
[paragraph, [671.0, 944.0, 492.0, 36.0], r89iWkJ_0L, 5680778]
[paragraph, [671.0, 980.0, 492.0, 36.0], r89iWkJ_0L, 5680778]
[paragraph, [671.0, 1016.0, 492.0, 36.0], r89iWkJ_0L, 5680778]
[paragraph, [671.0, 1052.0, 492.0, 36.0], r89iWkJ_0L, 5680778]
[paragraph, [671.0, 1088.0, 492.0, 36.0], r89iWkJ_0L, 5680778]
[paragraph, [671.0, 1124.0, 492.0, 36.0], r89iWkJ_0L, 5680778]
[paragraph, [671.0, 1160.0, 492.0, 36.0], r89iWkJ_0L, 5680778]
[paragraph, [671.0, 1196.0, 492.0, 36.0], r89iWkJ_0L, 5680778]
[paragraph, [671.0, 1232.0, 492.0, 36.0], r89iWkJ_0L, 5680778]
[paragraph, [671.0, 1268.0, 492.0, 36.0], r89iWkJ_0L, 5680778]
[paragraph, [671.0, 1304.0, 492.0, 36.0], r89iWkJ_0L, 5680778]
[paragraph, [671.0, 1340.0, 492.0, 36.0], r89iWkJ_0L, 5680778]
[paragraph, [671.0, 1376.0, 492.0, 36.0], r89iWkJ_0L, 5680778]
[paragraph, [671.0, 1412.0, 492.0, 36.0], r89iWkJ_0L, 5680778]
[paragraph, [671.0, 1448.0, 492.0, 36.0], r89iWkJ_0L, 5680778]
[paragraph, [671.0, 1484.0, 492.0, 36.0], r89iWkJ_0L, 5680778]
[paragraph, [671.0, 1520.0, 492.0, 36.0], r89iWkJ_0L, 5680778]
[paragraph, [671.0, 1556.0, 492.0, 36.0], r89iWkJ_0L, 5680778]
[paragraph, [671.0, 1592.0, 492.0, 36.0], r89iWkJ_0L, 5680778]
[paragraph, [671.0, 1628.0, 492.0, 36.0], r89iWkJ_0L, 5680778]
[paragraph, [671.0, 1664.0, 492.0, 36.0], r89iWkJ_0L, 5680778]
[paragraph, [132.0, 1164.0, 495.0, 36.0], C_4ji7dtnj, 5680778]
[paragraph, [132.0, 1200.0, 495.0, 36.0], C_4ji7dtnj, 5680778]
[paragraph, [132.0, 1236.0, 495.0, 36.0], C_4ji7dtnj, 5680778]
[paragraph, [132.0, 1272.0, 495.0, 36.0], C_4ji7dtnj, 5680778]
[paragraph, [132.0, 1308.0, 495.0, 36.0], C_4ji7dtnj, 5680778]
[paragraph, [132.0, 1344.0, 495.0, 36.0], C_4ji7dtnj, 5680778]
[paragraph, [132.0, 1380.0, 495.0, 36.0], C_4ji7dtnj, 5680778]
[paragraph, [132.0, 1416.0, 495.0, 36.0], C_4ji7dtnj, 5680778]
[paragraph, [132.0, 1452.0, 495.0, 36.0], C_4ji7dtnj, 5680778]
[paragraph, [132.0, 1488.0, 495.0, 36.0], C_4ji7dtnj, 5680778]
[paragraph, [132.0, 1524.0, 495.0, 36.0], C_4ji7dtnj, 5680778]
[paragraph, [132.0, 1560.0, 495.0, 36.0], C_4ji7dtnj, 5680778]
[paragraph, [132.0, 1596.0, 495.0, 36.0], C_4ji7dtnj, 5680778]
[paragraph, [132.0, 1632.0, 495.0, 36.0], C_4ji7dtnj, 5680778]
[paragraph, [132.0, 1668.0, 495.0, 36.0], C_4ji7dtnj, 5680778]
