[1638, 1048]
[paragraph, [108.0, 164.0, 830.0, 36.0], ZakFvFSRFP, 5680920]
[paragraph, [108.0, 200.0, 830.0, 36.0], ZakFvFSRFP, 5680920]
[paragraph, [108.0, 236.0, 830.0, 36.0], ZakFvFSRFP, 5680920]
[paragraph, [108.0, 272.0, 830.0, 36.0], ZakFvFSRFP, 5680920]
[paragraph, [110.0, 333.0, 825.0, 36.0], R8nD52L-Ko, 5680920]
[paragraph, [112.0, 415.0, 830.0, 36.0], VSWx8r3Kf5, 5680920]
[paragraph, [112.0, 451.0, 830.0, 36.0], VSWx8r3Kf5, 5680920]
[paragraph, [112.0, 487.0, 830.0, 36.0], VSWx8r3Kf5, 5680920]
[paragraph, [112.0, 523.0, 830.0, 36.0], VSWx8r3Kf5, 5680920]
[paragraph, [112.0, 559.0, 830.0, 36.0], VSWx8r3Kf5, 5680920]
[paragraph, [112.0, 595.0, 830.0, 36.0], VSWx8r3Kf5, 5680920]
[paragraph, [112.0, 631.0, 830.0, 36.0], VSWx8r3Kf5, 5680920]
[paragraph, [112.0, 667.0, 830.0, 36.0], VSWx8r3Kf5, 5680920]
[paragraph, [112.0, 703.0, 830.0, 36.0], VSWx8r3Kf5, 5680920]
[paragraph, [112.0, 739.0, 830.0, 36.0], VSWx8r3Kf5, 5680920]
[paragraph, [112.0, 775.0, 830.0, 36.0], VSWx8r3Kf5, 5680920]
[paragraph, [112.0, 811.0, 830.0, 36.0], VSWx8r3Kf5, 5680920]
[paragraph, [112.0, 847.0, 830.0, 36.0], VSWx8r3Kf5, 5680920]
[paragraph, [112.0, 883.0, 830.0, 36.0], VSWx8r3Kf5, 5680920]
[paragraph, [112.0, 919.0, 830.0, 36.0], VSWx8r3Kf5, 5680920]
[paragraph, [112.0, 955.0, 830.0, 36.0], VSWx8r3Kf5, 5680920]
[paragraph, [112.0, 991.0, 830.0, 36.0], VSWx8r3Kf5, 5680920]
[paragraph, [112.0, 1027.0, 830.0, 36.0], VSWx8r3Kf5, 5680920]
[paragraph, [112.0, 1063.0, 830.0, 36.0], VSWx8r3Kf5, 5680920]
[paragraph, [112.0, 1099.0, 830.0, 36.0], VSWx8r3Kf5, 5680920]
[paragraph, [112.0, 1135.0, 830.0, 36.0], VSWx8r3Kf5, 5680920]
[paragraph, [200.0, 1205.0, 746.0, 36.0], d8GsbYSVvC, 5680920]
[ordered-list, [120.0, 1247.0, 826.0, 36.0], -df5ny05wv, 5680920]
[ordered-list, [120.0, 1283.0, 826.0, 36.0], -df5ny05wv, 5680920]
[ordered-list, [120.0, 1319.0, 826.0, 36.0], -df5ny05wv, 5680920]
[ordered-list, [120.0, 1355.0, 826.0, 36.0], -df5ny05wv, 5680920]
[ordered-list, [120.0, 1391.0, 826.0, 36.0], -df5ny05wv, 5680920]
[ordered-list, [120.0, 1427.0, 826.0, 36.0], -df5ny05wv, 5680920]
[ordered-list, [120.0, 1463.0, 826.0, 36.0], -df5ny05wv, 5680920]
[ordered-list, [120.0, 1499.0, 826.0, 36.0], -df5ny05wv, 5680920]
