[792, 612]
[folio, [249.0, 47.0, 121.0, 18.0], z4WWZJbSr3, 6495244]
[section-title, [134.0, 87.0, 185.0, 30.0], w8jQGY56iU, 6495244]
[author, [146.0, 129.0, 146.0, 18.0], k3n35PI9In, 6495244]
[paragraph, [134.0, 178.0, 249.0, 18.0], 8-VTmirHut, 6495244]
[paragraph, [134.0, 196.0, 249.0, 18.0], 8-VTmirHut, 6495244]
[paragraph, [134.0, 214.0, 249.0, 18.0], 8-VTmirHut, 6495244]
[paragraph, [134.0, 232.0, 249.0, 18.0], 8-VTmirHut, 6495244]
[paragraph, [134.0, 250.0, 249.0, 18.0], 8-VTmirHut, 6495244]
[paragraph, [134.0, 268.0, 249.0, 18.0], 8-VTmirHut, 6495244]
[paragraph, [136.0, 317.0, 347.0, 18.0], nP8J4eyWCp, 6495244]
[paragraph, [136.0, 335.0, 347.0, 18.0], nP8J4eyWCp, 6495244]
[paragraph, [136.0, 353.0, 347.0, 18.0], nP8J4eyWCp, 6495244]
[paragraph, [136.0, 371.0, 347.0, 18.0], nP8J4eyWCp, 6495244]
[paragraph, [134.0, 406.0, 311.0, 18.0], bafqg_k0d9, 6495244]
[paragraph, [134.0, 424.0, 311.0, 18.0], bafqg_k0d9, 6495244]
[paragraph, [134.0, 442.0, 311.0, 18.0], bafqg_k0d9, 6495244]
[paragraph, [134.0, 460.0, 311.0, 18.0], bafqg_k0d9, 6495244]
[paragraph, [133.0, 501.0, 284.0, 18.0], QDio81FXzo, 6495244]
[paragraph, [133.0, 519.0, 284.0, 18.0], QDio81FXzo, 6495244]
[paragraph, [133.0, 537.0, 284.0, 18.0], QDio81FXzo, 6495244]
[paragraph, [133.0, 555.0, 284.0, 18.0], QDio81FXzo, 6495244]
