[1200, 825]
[paragraph, [142.0, 103.0, 544.0, 18.0], shoonya_0sFGSRVEONU6MN, 5691346]
[paragraph, [142.0, 121.0, 544.0, 18.0], shoonya_0sFGSRVEONU6MN, 5691346]
[paragraph, [142.0, 139.0, 544.0, 18.0], shoonya_0sFGSRVEONU6MN, 5691346]
[paragraph, [142.0, 157.0, 544.0, 18.0], shoonya_0sFGSRVEONU6MN, 5691346]
[paragraph, [142.0, 175.0, 544.0, 18.0], shoonya_0sFGSRVEONU6MN, 5691346]
[paragraph, [139.0, 198.0, 545.0, 18.0], FZ157S-T47, 5691346]
[paragraph, [139.0, 216.0, 545.0, 18.0], FZ157S-T47, 5691346]
[paragraph, [139.0, 234.0, 545.0, 18.0], FZ157S-T47, 5691346]
[paragraph, [139.0, 252.0, 545.0, 18.0], FZ157S-T47, 5691346]
[paragraph, [139.0, 270.0, 545.0, 18.0], FZ157S-T47, 5691346]
[paragraph, [139.0, 288.0, 545.0, 18.0], FZ157S-T47, 5691346]
[paragraph, [139.0, 306.0, 545.0, 18.0], FZ157S-T47, 5691346]
[paragraph, [139.0, 324.0, 545.0, 18.0], FZ157S-T47, 5691346]
[paragraph, [139.0, 342.0, 545.0, 18.0], FZ157S-T47, 5691346]
[paragraph, [139.0, 360.0, 545.0, 18.0], FZ157S-T47, 5691346]
[paragraph, [139.0, 378.0, 545.0, 18.0], FZ157S-T47, 5691346]
[paragraph, [139.0, 396.0, 545.0, 18.0], FZ157S-T47, 5691346]
[paragraph, [139.0, 414.0, 545.0, 18.0], FZ157S-T47, 5691346]
[paragraph, [139.0, 432.0, 545.0, 18.0], FZ157S-T47, 5691346]
[paragraph, [139.0, 450.0, 545.0, 18.0], FZ157S-T47, 5691346]
[paragraph, [139.0, 468.0, 545.0, 18.0], FZ157S-T47, 5691346]
[paragraph, [139.0, 486.0, 545.0, 18.0], FZ157S-T47, 5691346]
[paragraph, [139.0, 504.0, 545.0, 18.0], FZ157S-T47, 5691346]
[paragraph, [139.0, 522.0, 545.0, 18.0], FZ157S-T47, 5691346]
[paragraph, [139.0, 540.0, 545.0, 18.0], FZ157S-T47, 5691346]
[paragraph, [139.0, 558.0, 545.0, 18.0], FZ157S-T47, 5691346]
[paragraph, [139.0, 576.0, 545.0, 18.0], FZ157S-T47, 5691346]
[paragraph, [139.0, 594.0, 545.0, 18.0], FZ157S-T47, 5691346]
[paragraph, [139.0, 612.0, 545.0, 18.0], FZ157S-T47, 5691346]
[paragraph, [139.0, 630.0, 545.0, 18.0], FZ157S-T47, 5691346]
[paragraph, [139.0, 648.0, 545.0, 18.0], FZ157S-T47, 5691346]
[paragraph, [139.0, 666.0, 545.0, 18.0], FZ157S-T47, 5691346]
[paragraph, [139.0, 684.0, 545.0, 18.0], FZ157S-T47, 5691346]
[paragraph, [139.0, 702.0, 545.0, 18.0], FZ157S-T47, 5691346]
[paragraph, [139.0, 720.0, 545.0, 18.0], FZ157S-T47, 5691346]
[paragraph, [139.0, 738.0, 545.0, 18.0], FZ157S-T47, 5691346]
[paragraph, [139.0, 756.0, 545.0, 18.0], FZ157S-T47, 5691346]
[paragraph, [143.0, 784.0, 537.0, 18.0], drWdh4_t35, 5691346]
[paragraph, [143.0, 802.0, 537.0, 18.0], drWdh4_t35, 5691346]
[paragraph, [143.0, 820.0, 537.0, 18.0], drWdh4_t35, 5691346]
[paragraph, [143.0, 838.0, 537.0, 18.0], drWdh4_t35, 5691346]
[paragraph, [143.0, 856.0, 537.0, 18.0], drWdh4_t35, 5691346]
[paragraph, [143.0, 874.0, 537.0, 18.0], drWdh4_t35, 5691346]
[paragraph, [143.0, 892.0, 537.0, 18.0], drWdh4_t35, 5691346]
[paragraph, [143.0, 910.0, 537.0, 18.0], drWdh4_t35, 5691346]
[paragraph, [143.0, 928.0, 537.0, 18.0], drWdh4_t35, 5691346]
[paragraph, [143.0, 946.0, 537.0, 18.0], drWdh4_t35, 5691346]
[paragraph, [143.0, 964.0, 537.0, 18.0], drWdh4_t35, 5691346]
[paragraph, [143.0, 982.0, 537.0, 18.0], drWdh4_t35, 5691346]
[paragraph, [143.0, 1000.0, 537.0, 18.0], drWdh4_t35, 5691346]
[paragraph, [143.0, 1018.0, 537.0, 18.0], drWdh4_t35, 5691346]
[paragraph, [143.0, 1036.0, 537.0, 18.0], drWdh4_t35, 5691346]
