[591, 409]
[folio, [180.0, 30.0, 59.0, 18.0], VadZJYsnaK, 6496109]
[paragraph, [44.0, 60.0, 331.0, 18.0], sJfUSdEmlm, 6496109]
[paragraph, [44.0, 78.0, 331.0, 18.0], sJfUSdEmlm, 6496109]
[paragraph, [52.0, 102.0, 322.0, 18.0], CwEMmBmg_H, 6496109]
[paragraph, [54.0, 170.0, 327.0, 18.0], 3D4jbJRI11, 6496109]
[paragraph, [54.0, 188.0, 327.0, 18.0], 3D4jbJRI11, 6496109]
[paragraph, [54.0, 206.0, 327.0, 18.0], 3D4jbJRI11, 6496109]
[paragraph, [42.0, 236.0, 322.0, 18.0], -B4289KGV4, 6496109]
[paragraph, [42.0, 254.0, 322.0, 18.0], -B4289KGV4, 6496109]
[paragraph, [50.0, 288.0, 321.0, 18.0], 6IoavE_QRJ, 6496109]
[paragraph, [50.0, 306.0, 321.0, 18.0], 6IoavE_QRJ, 6496109]
[paragraph, [42.0, 337.0, 329.0, 18.0], d1bQ8Qn_OF, 6496109]
[paragraph, [52.0, 369.0, 320.0, 18.0], hd--7PBa4_, 6496109]
[paragraph, [52.0, 387.0, 320.0, 18.0], hd--7PBa4_, 6496109]
[paragraph, [50.0, 422.0, 319.0, 18.0], yFv15Ca5zT, 6496109]
[paragraph, [50.0, 440.0, 319.0, 18.0], yFv15Ca5zT, 6496109]
[paragraph, [50.0, 504.0, 325.0, 18.0], ytoNvVpinj, 6496109]
