[591, 402]
[paragraph, [34.0, 222.0, 313.0, 18.0], 6sR-t5nKZF, 6494666]
[paragraph, [34.0, 240.0, 313.0, 18.0], 6sR-t5nKZF, 6494666]
[paragraph, [34.0, 258.0, 313.0, 18.0], 6sR-t5nKZF, 6494666]
[paragraph, [34.0, 276.0, 313.0, 18.0], 6sR-t5nKZF, 6494666]
[paragraph, [34.0, 294.0, 313.0, 18.0], 6sR-t5nKZF, 6494666]
[paragraph, [34.0, 312.0, 313.0, 18.0], 6sR-t5nKZF, 6494666]
[paragraph, [34.0, 330.0, 313.0, 18.0], 6sR-t5nKZF, 6494666]
[paragraph, [34.0, 348.0, 313.0, 18.0], 6sR-t5nKZF, 6494666]
[paragraph, [34.0, 366.0, 313.0, 18.0], 6sR-t5nKZF, 6494666]
[paragraph, [34.0, 384.0, 313.0, 18.0], 6sR-t5nKZF, 6494666]
[paragraph, [34.0, 402.0, 313.0, 18.0], 6sR-t5nKZF, 6494666]
[paragraph, [34.0, 420.0, 313.0, 18.0], 6sR-t5nKZF, 6494666]
[paragraph, [34.0, 438.0, 313.0, 18.0], 6sR-t5nKZF, 6494666]
[paragraph, [34.0, 456.0, 313.0, 18.0], 6sR-t5nKZF, 6494666]
[paragraph, [34.0, 474.0, 313.0, 18.0], 6sR-t5nKZF, 6494666]
[paragraph, [34.0, 492.0, 313.0, 18.0], 6sR-t5nKZF, 6494666]
[paragraph, [34.0, 512.0, 308.0, 18.0], l6OMRT3YO7, 6494666]
[paragraph, [34.0, 530.0, 308.0, 18.0], l6OMRT3YO7, 6494666]
