[591, 426]
[folio, [173.0, 28.0, 83.0, 18.0], P3NwcxR5OD, 6496186]
[paragraph, [53.0, 60.0, 318.0, 18.0], shoonya_0sHC6D3TC37CEL, 6496186]
[paragraph, [53.0, 78.0, 318.0, 18.0], shoonya_0sHC6D3TC37CEL, 6496186]
[paragraph, [53.0, 96.0, 318.0, 18.0], shoonya_0sHC6D3TC37CEL, 6496186]
[paragraph, [52.0, 143.0, 315.0, 18.0], 89m3www5D3, 6496186]
[paragraph, [52.0, 161.0, 315.0, 18.0], 89m3www5D3, 6496186]
[paragraph, [52.0, 179.0, 315.0, 18.0], 89m3www5D3, 6496186]
[paragraph, [52.0, 197.0, 315.0, 18.0], 89m3www5D3, 6496186]
[paragraph, [52.0, 215.0, 315.0, 18.0], 89m3www5D3, 6496186]
[paragraph, [52.0, 233.0, 315.0, 18.0], 89m3www5D3, 6496186]
[paragraph, [52.0, 251.0, 315.0, 18.0], 89m3www5D3, 6496186]
[paragraph, [52.0, 269.0, 315.0, 18.0], 89m3www5D3, 6496186]
[paragraph, [52.0, 287.0, 315.0, 18.0], 89m3www5D3, 6496186]
[paragraph, [52.0, 305.0, 315.0, 18.0], 89m3www5D3, 6496186]
[paragraph, [49.0, 346.0, 319.0, 18.0], l0nnvOuDZy, 6496186]
[paragraph, [49.0, 364.0, 319.0, 18.0], l0nnvOuDZy, 6496186]
[paragraph, [49.0, 382.0, 319.0, 18.0], l0nnvOuDZy, 6496186]
[paragraph, [49.0, 400.0, 319.0, 18.0], l0nnvOuDZy, 6496186]
