[679, 512]
[paragraph, [61.0, 44.0, 403.0, 18.0], -SMv6D-Rju, 6494250]
[paragraph, [62.0, 79.0, 404.0, 18.0], 0ftpIcCusL, 6494250]
[paragraph, [62.0, 97.0, 404.0, 18.0], 0ftpIcCusL, 6494250]
[paragraph, [61.0, 135.0, 402.0, 18.0], 1IxK5d1e7B, 6494250]
[paragraph, [61.0, 153.0, 402.0, 18.0], 1IxK5d1e7B, 6494250]
[paragraph, [61.0, 171.0, 402.0, 18.0], 1IxK5d1e7B, 6494250]
[paragraph, [57.0, 205.0, 409.0, 18.0], 9IL04s3OQC, 6494250]
[paragraph, [57.0, 223.0, 409.0, 18.0], 9IL04s3OQC, 6494250]
[paragraph, [57.0, 241.0, 409.0, 18.0], 9IL04s3OQC, 6494250]
[paragraph, [57.0, 259.0, 409.0, 18.0], 9IL04s3OQC, 6494250]
[paragraph, [57.0, 277.0, 409.0, 18.0], 9IL04s3OQC, 6494250]
[paragraph, [57.0, 295.0, 409.0, 18.0], 9IL04s3OQC, 6494250]
[paragraph, [57.0, 313.0, 409.0, 18.0], 9IL04s3OQC, 6494250]
[paragraph, [57.0, 331.0, 409.0, 18.0], 9IL04s3OQC, 6494250]
[paragraph, [57.0, 349.0, 409.0, 18.0], 9IL04s3OQC, 6494250]
[paragraph, [57.0, 367.0, 409.0, 18.0], 9IL04s3OQC, 6494250]
[paragraph, [57.0, 385.0, 409.0, 18.0], 9IL04s3OQC, 6494250]
[paragraph, [57.0, 403.0, 409.0, 18.0], 9IL04s3OQC, 6494250]
[paragraph, [57.0, 421.0, 409.0, 18.0], 9IL04s3OQC, 6494250]
[paragraph, [59.0, 453.0, 405.0, 18.0], BO1j-2riTT, 6494250]
[paragraph, [59.0, 471.0, 405.0, 18.0], BO1j-2riTT, 6494250]
[contact-info, [303.0, 524.0, 116.0, 18.0], CuEzCY4lkH, 6494250]
[contact-info, [303.0, 542.0, 116.0, 18.0], CuEzCY4lkH, 6494250]
