[668, 446]
[paragraph, [61.0, 78.0, 351.0, 18.0], Q4P8_l555j, 6496127]
[paragraph, [61.0, 96.0, 351.0, 18.0], Q4P8_l555j, 6496127]
[paragraph, [61.0, 114.0, 351.0, 18.0], Q4P8_l555j, 6496127]
[paragraph, [61.0, 132.0, 351.0, 18.0], Q4P8_l555j, 6496127]
[paragraph, [61.0, 150.0, 351.0, 18.0], Q4P8_l555j, 6496127]
[paragraph, [61.0, 168.0, 351.0, 18.0], Q4P8_l555j, 6496127]
[paragraph, [61.0, 186.0, 351.0, 18.0], Q4P8_l555j, 6496127]
[paragraph, [61.0, 204.0, 351.0, 18.0], Q4P8_l555j, 6496127]
[paragraph, [61.0, 222.0, 351.0, 18.0], Q4P8_l555j, 6496127]
[paragraph, [49.0, 249.0, 357.0, 18.0], e2rDwyR0st, 6496127]
[paragraph, [49.0, 267.0, 357.0, 18.0], e2rDwyR0st, 6496127]
[paragraph, [49.0, 285.0, 357.0, 18.0], e2rDwyR0st, 6496127]
[paragraph, [49.0, 303.0, 357.0, 18.0], e2rDwyR0st, 6496127]
[paragraph, [49.0, 321.0, 357.0, 18.0], e2rDwyR0st, 6496127]
[paragraph, [49.0, 339.0, 357.0, 18.0], e2rDwyR0st, 6496127]
[paragraph, [49.0, 357.0, 357.0, 18.0], e2rDwyR0st, 6496127]
[paragraph, [49.0, 375.0, 357.0, 18.0], e2rDwyR0st, 6496127]
[paragraph, [49.0, 393.0, 357.0, 18.0], e2rDwyR0st, 6496127]
[paragraph, [49.0, 411.0, 357.0, 18.0], e2rDwyR0st, 6496127]
[paragraph, [49.0, 429.0, 357.0, 18.0], e2rDwyR0st, 6496127]
[paragraph, [49.0, 447.0, 357.0, 18.0], e2rDwyR0st, 6496127]
[paragraph, [49.0, 465.0, 357.0, 18.0], e2rDwyR0st, 6496127]
[paragraph, [51.0, 532.0, 362.0, 18.0], Qw5dm6-7Gx, 6496127]
[paragraph, [51.0, 550.0, 362.0, 18.0], Qw5dm6-7Gx, 6496127]
[paragraph, [51.0, 568.0, 362.0, 18.0], Qw5dm6-7Gx, 6496127]
