[792, 612]
[folio, [237.0, 47.0, 138.0, 18.0], mcBKiEzCeE, 6495927]
[paragraph, [165.0, 74.0, 266.0, 18.0], Y40Q0bGYv3, 6495927]
[paragraph, [165.0, 92.0, 266.0, 18.0], Y40Q0bGYv3, 6495927]
[paragraph, [165.0, 110.0, 266.0, 18.0], Y40Q0bGYv3, 6495927]
[paragraph, [165.0, 128.0, 266.0, 18.0], Y40Q0bGYv3, 6495927]
[paragraph, [165.0, 146.0, 266.0, 18.0], Y40Q0bGYv3, 6495927]
[paragraph, [164.0, 185.0, 277.0, 18.0], okzR77wP3f, 6495927]
[paragraph, [164.0, 203.0, 277.0, 18.0], okzR77wP3f, 6495927]
[paragraph, [164.0, 221.0, 277.0, 18.0], okzR77wP3f, 6495927]
[paragraph, [164.0, 239.0, 277.0, 18.0], okzR77wP3f, 6495927]
[paragraph, [164.0, 257.0, 277.0, 18.0], okzR77wP3f, 6495927]
[paragraph, [164.0, 295.0, 261.0, 18.0], cdEGI06KjL, 6495927]
[paragraph, [164.0, 313.0, 261.0, 18.0], cdEGI06KjL, 6495927]
[paragraph, [164.0, 331.0, 261.0, 18.0], cdEGI06KjL, 6495927]
[paragraph, [164.0, 349.0, 261.0, 18.0], cdEGI06KjL, 6495927]
[paragraph, [164.0, 367.0, 261.0, 18.0], cdEGI06KjL, 6495927]
