[792, 612]
[folio, [257.0, 49.0, 123.0, 18.0], YUyr8i9WaA, 6496008]
[paragraph, [152.0, 83.0, 249.0, 18.0], 3-9Js85S-H, 6496008]
[paragraph, [152.0, 101.0, 249.0, 18.0], 3-9Js85S-H, 6496008]
[paragraph, [152.0, 119.0, 249.0, 18.0], 3-9Js85S-H, 6496008]
[paragraph, [152.0, 137.0, 249.0, 18.0], 3-9Js85S-H, 6496008]
[paragraph, [152.0, 155.0, 249.0, 18.0], 3-9Js85S-H, 6496008]
[paragraph, [152.0, 173.0, 249.0, 18.0], 3-9Js85S-H, 6496008]
[paragraph, [147.0, 210.0, 345.0, 18.0], 6ZVhhQHObz, 6496008]
[paragraph, [147.0, 228.0, 345.0, 18.0], 6ZVhhQHObz, 6496008]
[paragraph, [147.0, 246.0, 345.0, 18.0], 6ZVhhQHObz, 6496008]
[paragraph, [147.0, 264.0, 345.0, 18.0], 6ZVhhQHObz, 6496008]
[paragraph, [147.0, 282.0, 345.0, 18.0], 6ZVhhQHObz, 6496008]
[paragraph, [147.0, 300.0, 345.0, 18.0], 6ZVhhQHObz, 6496008]
[paragraph, [147.0, 318.0, 345.0, 18.0], 6ZVhhQHObz, 6496008]
[paragraph, [147.0, 336.0, 345.0, 18.0], 6ZVhhQHObz, 6496008]
[paragraph, [147.0, 354.0, 345.0, 18.0], 6ZVhhQHObz, 6496008]
[paragraph, [147.0, 372.0, 345.0, 18.0], 6ZVhhQHObz, 6496008]
[paragraph, [147.0, 390.0, 345.0, 18.0], 6ZVhhQHObz, 6496008]
[paragraph, [147.0, 408.0, 345.0, 18.0], 6ZVhhQHObz, 6496008]
