[581, 402]
[paragraph, [28.0, 38.0, 354.0, 18.0], shoonya_0s1QTQYDY4EMW2, 6495681]
[paragraph, [19.0, 72.0, 379.0, 18.0], R_tSLTEjGw, 6495681]
[paragraph, [19.0, 90.0, 379.0, 18.0], R_tSLTEjGw, 6495681]
[paragraph, [19.0, 108.0, 379.0, 18.0], R_tSLTEjGw, 6495681]
[paragraph, [19.0, 126.0, 379.0, 18.0], R_tSLTEjGw, 6495681]
[paragraph, [17.0, 157.0, 383.0, 18.0], MFI7-Vb4q0, 6495681]
[paragraph, [17.0, 175.0, 383.0, 18.0], MFI7-Vb4q0, 6495681]
[paragraph, [17.0, 193.0, 383.0, 18.0], MFI7-Vb4q0, 6495681]
[paragraph, [17.0, 211.0, 383.0, 18.0], MFI7-Vb4q0, 6495681]
[paragraph, [17.0, 229.0, 383.0, 18.0], MFI7-Vb4q0, 6495681]
[paragraph, [17.0, 247.0, 383.0, 18.0], MFI7-Vb4q0, 6495681]
[paragraph, [17.0, 265.0, 383.0, 18.0], MFI7-Vb4q0, 6495681]
[paragraph, [17.0, 283.0, 383.0, 18.0], MFI7-Vb4q0, 6495681]
[paragraph, [11.0, 312.0, 390.0, 18.0], G_E8sJRy2S, 6495681]
[paragraph, [11.0, 330.0, 390.0, 18.0], G_E8sJRy2S, 6495681]
[paragraph, [11.0, 348.0, 390.0, 18.0], G_E8sJRy2S, 6495681]
[paragraph, [11.0, 366.0, 390.0, 18.0], G_E8sJRy2S, 6495681]
[paragraph, [17.0, 398.0, 381.0, 18.0], e_yw1pocW_, 6495681]
[paragraph, [17.0, 416.0, 381.0, 18.0], e_yw1pocW_, 6495681]
[paragraph, [17.0, 434.0, 381.0, 18.0], e_yw1pocW_, 6495681]
[paragraph, [17.0, 452.0, 381.0, 18.0], e_yw1pocW_, 6495681]
[paragraph, [17.0, 470.0, 381.0, 18.0], e_yw1pocW_, 6495681]
[paragraph, [17.0, 488.0, 381.0, 18.0], e_yw1pocW_, 6495681]
[paragraph, [17.0, 506.0, 381.0, 18.0], e_yw1pocW_, 6495681]
