[585, 406]
[paragraph, [70.0, 47.0, 310.0, 18.0], shoonya_0sPROXII1MO15J, 6494935]
[paragraph, [64.0, 78.0, 315.0, 18.0], EUDryT2-U4, 6494935]
[paragraph, [64.0, 96.0, 315.0, 18.0], EUDryT2-U4, 6494935]
[paragraph, [64.0, 114.0, 315.0, 18.0], EUDryT2-U4, 6494935]
[paragraph, [64.0, 132.0, 315.0, 18.0], EUDryT2-U4, 6494935]
[paragraph, [64.0, 150.0, 315.0, 18.0], EUDryT2-U4, 6494935]
[paragraph, [64.0, 168.0, 315.0, 18.0], EUDryT2-U4, 6494935]
[paragraph, [64.0, 186.0, 315.0, 18.0], EUDryT2-U4, 6494935]
[paragraph, [64.0, 204.0, 315.0, 18.0], EUDryT2-U4, 6494935]
[paragraph, [64.0, 222.0, 315.0, 18.0], EUDryT2-U4, 6494935]
[paragraph, [64.0, 240.0, 315.0, 18.0], EUDryT2-U4, 6494935]
[paragraph, [64.0, 258.0, 315.0, 18.0], EUDryT2-U4, 6494935]
[paragraph, [64.0, 276.0, 315.0, 18.0], EUDryT2-U4, 6494935]
[paragraph, [64.0, 294.0, 315.0, 18.0], EUDryT2-U4, 6494935]
[paragraph, [64.0, 312.0, 315.0, 18.0], EUDryT2-U4, 6494935]
[paragraph, [64.0, 330.0, 315.0, 18.0], EUDryT2-U4, 6494935]
[paragraph, [64.0, 348.0, 315.0, 18.0], EUDryT2-U4, 6494935]
[paragraph, [64.0, 366.0, 315.0, 18.0], EUDryT2-U4, 6494935]
[paragraph, [64.0, 384.0, 315.0, 18.0], EUDryT2-U4, 6494935]
[paragraph, [64.0, 402.0, 315.0, 18.0], EUDryT2-U4, 6494935]
[paragraph, [64.0, 420.0, 315.0, 18.0], EUDryT2-U4, 6494935]
[paragraph, [64.0, 438.0, 315.0, 18.0], EUDryT2-U4, 6494935]
[paragraph, [64.0, 456.0, 315.0, 18.0], EUDryT2-U4, 6494935]
[paragraph, [64.0, 474.0, 315.0, 18.0], EUDryT2-U4, 6494935]
[paragraph, [64.0, 492.0, 315.0, 18.0], EUDryT2-U4, 6494935]
[paragraph, [64.0, 510.0, 315.0, 18.0], EUDryT2-U4, 6494935]
