[792, 612]
[folio, [255.0, 61.0, 121.0, 18.0], u6k3vke0zV, 6493957]
[paragraph, [226.0, 92.0, 220.0, 18.0], osWVLyWk6x, 6493957]
[paragraph, [226.0, 110.0, 220.0, 18.0], osWVLyWk6x, 6493957]
[paragraph, [226.0, 128.0, 220.0, 18.0], osWVLyWk6x, 6493957]
[paragraph, [223.0, 181.0, 238.0, 18.0], i3Z1XKT6Vn, 6493957]
[paragraph, [223.0, 199.0, 238.0, 18.0], i3Z1XKT6Vn, 6493957]
[paragraph, [223.0, 217.0, 238.0, 18.0], i3Z1XKT6Vn, 6493957]
[paragraph, [223.0, 235.0, 238.0, 18.0], i3Z1XKT6Vn, 6493957]
[paragraph, [223.0, 253.0, 238.0, 18.0], i3Z1XKT6Vn, 6493957]
[paragraph, [223.0, 271.0, 238.0, 18.0], i3Z1XKT6Vn, 6493957]
[paragraph, [223.0, 289.0, 238.0, 18.0], i3Z1XKT6Vn, 6493957]
[paragraph, [223.0, 307.0, 238.0, 18.0], i3Z1XKT6Vn, 6493957]
[paragraph, [223.0, 325.0, 238.0, 18.0], i3Z1XKT6Vn, 6493957]
[paragraph, [223.0, 343.0, 238.0, 18.0], i3Z1XKT6Vn, 6493957]
[paragraph, [223.0, 361.0, 238.0, 18.0], i3Z1XKT6Vn, 6493957]
[paragraph, [223.0, 379.0, 238.0, 18.0], i3Z1XKT6Vn, 6493957]
[paragraph, [223.0, 397.0, 238.0, 18.0], i3Z1XKT6Vn, 6493957]
[paragraph, [223.0, 415.0, 238.0, 18.0], i3Z1XKT6Vn, 6493957]
[paragraph, [223.0, 433.0, 238.0, 18.0], i3Z1XKT6Vn, 6493957]
[paragraph, [187.0, 458.0, 43.0, 18.0], cDFWmC_j7g, 6493957]
[paragraph, [232.0, 476.0, 181.0, 18.0], 2Y1RlqxYfw, 6493957]
[paragraph, [232.0, 494.0, 181.0, 18.0], 2Y1RlqxYfw, 6493957]
[paragraph, [232.0, 512.0, 181.0, 18.0], 2Y1RlqxYfw, 6493957]
[paragraph, [232.0, 530.0, 181.0, 18.0], 2Y1RlqxYfw, 6493957]
[paragraph, [232.0, 548.0, 181.0, 18.0], 2Y1RlqxYfw, 6493957]
