[679, 512]
[paragraph, [51.0, 42.0, 410.0, 18.0], t9Quhe6L--, 6495559]
[paragraph, [51.0, 60.0, 410.0, 18.0], t9Quhe6L--, 6495559]
[paragraph, [46.0, 79.0, 418.0, 18.0], Wm_Rmd7giQ, 6495559]
[paragraph, [46.0, 97.0, 418.0, 18.0], Wm_Rmd7giQ, 6495559]
[ordered-list, [84.0, 127.0, 378.0, 18.0], dVjr67CyGA, 6495559]
[ordered-list, [84.0, 145.0, 378.0, 18.0], dVjr67CyGA, 6495559]
[ordered-list, [84.0, 163.0, 378.0, 18.0], dVjr67CyGA, 6495559]
[ordered-list, [84.0, 181.0, 378.0, 18.0], dVjr67CyGA, 6495559]
[ordered-list, [84.0, 199.0, 378.0, 18.0], dVjr67CyGA, 6495559]
[paragraph, [49.0, 220.0, 407.0, 18.0], -IfA8f0Qv_, 6495559]
[paragraph, [49.0, 238.0, 407.0, 18.0], -IfA8f0Qv_, 6495559]
[paragraph, [53.0, 289.0, 405.0, 18.0], 3uiBgUV14f, 6495559]
[paragraph, [53.0, 307.0, 405.0, 18.0], 3uiBgUV14f, 6495559]
[paragraph, [47.0, 333.0, 411.0, 18.0], mjdEOXlHc9, 6495559]
[paragraph, [47.0, 351.0, 411.0, 18.0], mjdEOXlHc9, 6495559]
[paragraph, [49.0, 379.0, 404.0, 18.0], 5W92Q95bw7, 6495559]
[paragraph, [49.0, 397.0, 404.0, 18.0], 5W92Q95bw7, 6495559]
[paragraph, [49.0, 415.0, 404.0, 18.0], 5W92Q95bw7, 6495559]
[paragraph, [49.0, 433.0, 404.0, 18.0], 5W92Q95bw7, 6495559]
[paragraph, [49.0, 451.0, 404.0, 18.0], 5W92Q95bw7, 6495559]
[paragraph, [47.0, 484.0, 406.0, 18.0], SEv8F5jEqI, 6495559]
[paragraph, [47.0, 502.0, 406.0, 18.0], SEv8F5jEqI, 6495559]
[paragraph, [47.0, 528.0, 402.0, 18.0], nblZ2C-nSI, 6495559]
[paragraph, [44.0, 564.0, 415.0, 18.0], 6k3WK1k7sn, 6495559]
[paragraph, [44.0, 582.0, 415.0, 18.0], 6k3WK1k7sn, 6495559]
[folio, [151.0, 615.0, 168.0, 18.0], fFfxleqgpL, 6495559]
