[668, 446]
[paragraph, [55.0, 79.0, 354.0, 18.0], UxjgNXDCoB, 6496003]
[paragraph, [55.0, 97.0, 354.0, 18.0], UxjgNXDCoB, 6496003]
[paragraph, [55.0, 115.0, 354.0, 18.0], UxjgNXDCoB, 6496003]
[paragraph, [54.0, 139.0, 354.0, 18.0], LGS60d_3-1, 6496003]
[paragraph, [54.0, 157.0, 354.0, 18.0], LGS60d_3-1, 6496003]
[paragraph, [54.0, 175.0, 354.0, 18.0], LGS60d_3-1, 6496003]
[paragraph, [54.0, 193.0, 354.0, 18.0], LGS60d_3-1, 6496003]
[paragraph, [54.0, 211.0, 354.0, 18.0], LGS60d_3-1, 6496003]
[paragraph, [54.0, 229.0, 354.0, 18.0], LGS60d_3-1, 6496003]
[paragraph, [54.0, 247.0, 354.0, 18.0], LGS60d_3-1, 6496003]
[paragraph, [54.0, 265.0, 354.0, 18.0], LGS60d_3-1, 6496003]
[paragraph, [54.0, 283.0, 354.0, 18.0], LGS60d_3-1, 6496003]
[paragraph, [56.0, 313.0, 352.0, 18.0], xzDebH7xo8, 6496003]
[paragraph, [56.0, 331.0, 352.0, 18.0], xzDebH7xo8, 6496003]
[paragraph, [56.0, 349.0, 352.0, 18.0], xzDebH7xo8, 6496003]
[paragraph, [56.0, 367.0, 352.0, 18.0], xzDebH7xo8, 6496003]
[paragraph, [56.0, 385.0, 352.0, 18.0], xzDebH7xo8, 6496003]
[paragraph, [56.0, 403.0, 352.0, 18.0], xzDebH7xo8, 6496003]
[paragraph, [56.0, 421.0, 352.0, 18.0], xzDebH7xo8, 6496003]
[paragraph, [56.0, 439.0, 352.0, 18.0], xzDebH7xo8, 6496003]
[paragraph, [56.0, 457.0, 352.0, 18.0], xzDebH7xo8, 6496003]
[paragraph, [56.0, 475.0, 352.0, 18.0], xzDebH7xo8, 6496003]
[paragraph, [62.0, 503.0, 345.0, 18.0], Nvmv9LATRZ, 6496003]
[paragraph, [62.0, 521.0, 345.0, 18.0], Nvmv9LATRZ, 6496003]
[paragraph, [62.0, 539.0, 345.0, 18.0], Nvmv9LATRZ, 6496003]
[paragraph, [62.0, 557.0, 345.0, 18.0], Nvmv9LATRZ, 6496003]
[paragraph, [62.0, 575.0, 345.0, 18.0], Nvmv9LATRZ, 6496003]
