[679, 512]
[paragraph, [39.0, 32.0, 423.0, 18.0], M7E_LgezaC, 6496140]
[paragraph, [39.0, 50.0, 423.0, 18.0], M7E_LgezaC, 6496140]
[paragraph, [39.0, 68.0, 423.0, 18.0], M7E_LgezaC, 6496140]
[paragraph, [51.0, 104.0, 402.0, 18.0], K17OoZmh13, 6496140]
[paragraph, [51.0, 122.0, 402.0, 18.0], K17OoZmh13, 6496140]
[paragraph, [51.0, 140.0, 402.0, 18.0], K17OoZmh13, 6496140]
[paragraph, [51.0, 158.0, 402.0, 18.0], K17OoZmh13, 6496140]
[paragraph, [51.0, 176.0, 402.0, 18.0], K17OoZmh13, 6496140]
[paragraph, [51.0, 194.0, 402.0, 18.0], K17OoZmh13, 6496140]
[paragraph, [51.0, 212.0, 402.0, 18.0], K17OoZmh13, 6496140]
[paragraph, [51.0, 230.0, 402.0, 18.0], K17OoZmh13, 6496140]
[paragraph, [51.0, 248.0, 402.0, 18.0], K17OoZmh13, 6496140]
[paragraph, [51.0, 266.0, 402.0, 18.0], K17OoZmh13, 6496140]
[paragraph, [51.0, 284.0, 402.0, 18.0], K17OoZmh13, 6496140]
[paragraph, [51.0, 302.0, 402.0, 18.0], K17OoZmh13, 6496140]
[paragraph, [51.0, 320.0, 402.0, 18.0], K17OoZmh13, 6496140]
[paragraph, [51.0, 338.0, 402.0, 18.0], K17OoZmh13, 6496140]
[paragraph, [44.0, 360.0, 410.0, 18.0], CfEB2hw5pX, 6496140]
[paragraph, [44.0, 378.0, 410.0, 18.0], CfEB2hw5pX, 6496140]
[paragraph, [44.0, 396.0, 410.0, 18.0], CfEB2hw5pX, 6496140]
[paragraph, [46.0, 422.0, 408.0, 18.0], MhM26ClV3H, 6496140]
[paragraph, [46.0, 440.0, 408.0, 18.0], MhM26ClV3H, 6496140]
[paragraph, [46.0, 458.0, 408.0, 18.0], MhM26ClV3H, 6496140]
[paragraph, [46.0, 476.0, 408.0, 18.0], MhM26ClV3H, 6496140]
[paragraph, [46.0, 494.0, 408.0, 18.0], MhM26ClV3H, 6496140]
[paragraph, [46.0, 512.0, 408.0, 18.0], MhM26ClV3H, 6496140]
[paragraph, [46.0, 530.0, 408.0, 18.0], MhM26ClV3H, 6496140]
[paragraph, [46.0, 548.0, 408.0, 18.0], MhM26ClV3H, 6496140]
[paragraph, [46.0, 566.0, 408.0, 18.0], MhM26ClV3H, 6496140]
[paragraph, [46.0, 584.0, 408.0, 18.0], MhM26ClV3H, 6496140]
[folio, [152.0, 608.0, 165.0, 18.0], lGCmDez7eL, 6496140]
