[792, 612]
[paragraph, [186.0, 88.0, 216.0, 18.0], Q0V3fK11SX, 6494566]
[paragraph, [188.0, 118.0, 223.0, 18.0], CiIp715D4X, 6494566]
[paragraph, [188.0, 136.0, 223.0, 18.0], CiIp715D4X, 6494566]
[paragraph, [188.0, 154.0, 223.0, 18.0], CiIp715D4X, 6494566]
[paragraph, [188.0, 172.0, 223.0, 18.0], CiIp715D4X, 6494566]
[paragraph, [197.0, 214.0, 194.0, 18.0], 5YpINK898Z, 6494566]
[paragraph, [197.0, 232.0, 194.0, 18.0], 5YpINK898Z, 6494566]
[paragraph, [197.0, 250.0, 194.0, 18.0], 5YpINK898Z, 6494566]
[paragraph, [197.0, 268.0, 194.0, 18.0], 5YpINK898Z, 6494566]
[paragraph, [197.0, 303.0, 218.0, 18.0], 3tqzXtHeDI, 6494566]
[paragraph, [197.0, 321.0, 218.0, 18.0], 3tqzXtHeDI, 6494566]
[paragraph, [197.0, 339.0, 218.0, 18.0], 3tqzXtHeDI, 6494566]
[paragraph, [197.0, 357.0, 218.0, 18.0], 3tqzXtHeDI, 6494566]
[paragraph, [197.0, 375.0, 218.0, 18.0], 3tqzXtHeDI, 6494566]
[paragraph, [197.0, 427.0, 204.0, 18.0], 5IEQarBF_B, 6494566]
[paragraph, [197.0, 445.0, 204.0, 18.0], 5IEQarBF_B, 6494566]
[paragraph, [197.0, 463.0, 204.0, 18.0], 5IEQarBF_B, 6494566]
[paragraph, [197.0, 481.0, 204.0, 18.0], 5IEQarBF_B, 6494566]
[paragraph, [203.0, 518.0, 233.0, 18.0], 2FdY8u7FDR, 6494566]
[paragraph, [203.0, 536.0, 233.0, 18.0], 2FdY8u7FDR, 6494566]
[paragraph, [203.0, 554.0, 233.0, 18.0], 2FdY8u7FDR, 6494566]
[paragraph, [203.0, 572.0, 233.0, 18.0], 2FdY8u7FDR, 6494566]
[paragraph, [206.0, 611.0, 232.0, 18.0], Ei7QtU0kvL, 6494566]
[paragraph, [206.0, 629.0, 232.0, 18.0], Ei7QtU0kvL, 6494566]
[paragraph, [206.0, 647.0, 232.0, 18.0], Ei7QtU0kvL, 6494566]
[paragraph, [206.0, 665.0, 232.0, 18.0], Ei7QtU0kvL, 6494566]
[paragraph, [206.0, 683.0, 232.0, 18.0], Ei7QtU0kvL, 6494566]
