[792, 612]
[folio, [233.0, 59.0, 121.0, 18.0], MV9Fr8WLRs, 6495161]
[section-title, [243.0, 90.0, 94.0, 30.0], 1Pug5X76SY, 6495161]
[author, [247.0, 130.0, 97.0, 18.0], 9FBF_UHNp2, 6495161]
[paragraph, [197.0, 174.0, 189.0, 18.0], iVBrMzCjr6, 6495161]
[paragraph, [197.0, 192.0, 189.0, 18.0], iVBrMzCjr6, 6495161]
[paragraph, [197.0, 210.0, 189.0, 18.0], iVBrMzCjr6, 6495161]
[paragraph, [197.0, 228.0, 189.0, 18.0], iVBrMzCjr6, 6495161]
[paragraph, [197.0, 246.0, 189.0, 18.0], iVBrMzCjr6, 6495161]
[paragraph, [194.0, 281.0, 191.0, 18.0], 4DyTpK791D, 6495161]
[paragraph, [194.0, 299.0, 191.0, 18.0], 4DyTpK791D, 6495161]
[paragraph, [194.0, 317.0, 191.0, 18.0], 4DyTpK791D, 6495161]
[paragraph, [194.0, 335.0, 191.0, 18.0], 4DyTpK791D, 6495161]
[paragraph, [194.0, 353.0, 191.0, 18.0], 4DyTpK791D, 6495161]
[paragraph, [177.0, 390.0, 230.0, 18.0], 4rox74qNe8, 6495161]
[paragraph, [177.0, 408.0, 230.0, 18.0], 4rox74qNe8, 6495161]
[paragraph, [177.0, 426.0, 230.0, 18.0], 4rox74qNe8, 6495161]
[paragraph, [177.0, 444.0, 230.0, 18.0], 4rox74qNe8, 6495161]
[paragraph, [177.0, 462.0, 230.0, 18.0], 4rox74qNe8, 6495161]
[paragraph, [181.0, 495.0, 217.0, 18.0], ufZm670wTh, 6495161]
[paragraph, [181.0, 513.0, 217.0, 18.0], ufZm670wTh, 6495161]
[paragraph, [181.0, 531.0, 217.0, 18.0], ufZm670wTh, 6495161]
[paragraph, [181.0, 549.0, 217.0, 18.0], ufZm670wTh, 6495161]
[paragraph, [181.0, 567.0, 217.0, 18.0], ufZm670wTh, 6495161]
[paragraph, [181.0, 585.0, 217.0, 18.0], ufZm670wTh, 6495161]
