[792, 612]
[folio, [270.0, 50.0, 122.0, 18.0], R6NcNfkk0O, 6494598]
[paragraph, [183.0, 81.0, 242.0, 18.0], 1ARE-t_l9T, 6494598]
[paragraph, [183.0, 99.0, 242.0, 18.0], 1ARE-t_l9T, 6494598]
[paragraph, [183.0, 117.0, 242.0, 18.0], 1ARE-t_l9T, 6494598]
[paragraph, [183.0, 135.0, 242.0, 18.0], 1ARE-t_l9T, 6494598]
[paragraph, [183.0, 153.0, 242.0, 18.0], 1ARE-t_l9T, 6494598]
[paragraph, [183.0, 184.0, 256.0, 18.0], Fd3anSkn3f, 6494598]
[paragraph, [183.0, 202.0, 256.0, 18.0], Fd3anSkn3f, 6494598]
[paragraph, [183.0, 233.0, 231.0, 18.0], O4A3-pDXuU, 6494598]
[paragraph, [183.0, 251.0, 231.0, 18.0], O4A3-pDXuU, 6494598]
[paragraph, [180.0, 287.0, 227.0, 18.0], zTK7786heU, 6494598]
[paragraph, [180.0, 305.0, 227.0, 18.0], zTK7786heU, 6494598]
[paragraph, [180.0, 323.0, 227.0, 18.0], zTK7786heU, 6494598]
[paragraph, [180.0, 341.0, 227.0, 18.0], zTK7786heU, 6494598]
[paragraph, [180.0, 359.0, 227.0, 18.0], zTK7786heU, 6494598]
[paragraph, [180.0, 377.0, 227.0, 18.0], zTK7786heU, 6494598]
[paragraph, [180.0, 395.0, 227.0, 18.0], zTK7786heU, 6494598]
[paragraph, [179.0, 445.0, 287.0, 18.0], ahOV648gdG, 6494598]
[paragraph, [179.0, 463.0, 287.0, 18.0], ahOV648gdG, 6494598]
[paragraph, [179.0, 481.0, 287.0, 18.0], ahOV648gdG, 6494598]
[paragraph, [179.0, 499.0, 287.0, 18.0], ahOV648gdG, 6494598]
[paragraph, [179.0, 517.0, 287.0, 18.0], ahOV648gdG, 6494598]
