[792, 612]
[folio, [214.0, 46.0, 138.0, 18.0], Sj2HK9CJ2J, 6495591]
[section-title, [119.0, 85.0, 298.0, 30.0], E0B3gQFv_P, 6495591]
[author, [133.0, 128.0, 139.0, 18.0], VO_oYeArkV, 6495591]
[paragraph, [123.0, 181.0, 194.0, 18.0], jdr6jJPJNm, 6495591]
[paragraph, [123.0, 199.0, 194.0, 18.0], jdr6jJPJNm, 6495591]
[paragraph, [123.0, 217.0, 194.0, 18.0], jdr6jJPJNm, 6495591]
[paragraph, [123.0, 235.0, 194.0, 18.0], jdr6jJPJNm, 6495591]
[paragraph, [123.0, 253.0, 194.0, 18.0], jdr6jJPJNm, 6495591]
[paragraph, [130.0, 283.0, 231.0, 18.0], usEQ-c3lNh, 6495591]
[paragraph, [130.0, 301.0, 231.0, 18.0], usEQ-c3lNh, 6495591]
[paragraph, [130.0, 319.0, 231.0, 18.0], usEQ-c3lNh, 6495591]
[paragraph, [129.0, 350.0, 246.0, 18.0], LYHX2op8f4, 6495591]
[paragraph, [129.0, 368.0, 246.0, 18.0], LYHX2op8f4, 6495591]
[paragraph, [129.0, 386.0, 246.0, 18.0], LYHX2op8f4, 6495591]
[paragraph, [129.0, 404.0, 246.0, 18.0], LYHX2op8f4, 6495591]
[paragraph, [129.0, 422.0, 246.0, 18.0], LYHX2op8f4, 6495591]
[paragraph, [129.0, 440.0, 246.0, 18.0], LYHX2op8f4, 6495591]
[paragraph, [135.0, 466.0, 242.0, 18.0], 3C-k0Rkp7q, 6495591]
[paragraph, [135.0, 484.0, 242.0, 18.0], 3C-k0Rkp7q, 6495591]
[paragraph, [135.0, 502.0, 242.0, 18.0], 3C-k0Rkp7q, 6495591]
[paragraph, [135.0, 520.0, 242.0, 18.0], 3C-k0Rkp7q, 6495591]
[paragraph, [135.0, 538.0, 242.0, 18.0], 3C-k0Rkp7q, 6495591]
[paragraph, [135.0, 556.0, 242.0, 18.0], 3C-k0Rkp7q, 6495591]
[paragraph, [129.0, 583.0, 313.0, 18.0], oTeNhY1oL3, 6495591]
[paragraph, [129.0, 601.0, 313.0, 18.0], oTeNhY1oL3, 6495591]
[paragraph, [129.0, 619.0, 313.0, 18.0], oTeNhY1oL3, 6495591]
[paragraph, [129.0, 637.0, 313.0, 18.0], oTeNhY1oL3, 6495591]
[paragraph, [129.0, 655.0, 313.0, 18.0], oTeNhY1oL3, 6495591]
[paragraph, [129.0, 673.0, 313.0, 18.0], oTeNhY1oL3, 6495591]
[paragraph, [129.0, 691.0, 313.0, 18.0], oTeNhY1oL3, 6495591]
[paragraph, [129.0, 709.0, 313.0, 18.0], oTeNhY1oL3, 6495591]
