[720, 540]
[figure-caption, [165.0, 166.0, 209.0, 18.0], fTK6_Tr6vs, 6495509]
[paragraph, [78.0, 209.0, 396.0, 18.0], uDeH_Wl7-_, 6495509]
[paragraph, [78.0, 227.0, 396.0, 18.0], uDeH_Wl7-_, 6495509]
[paragraph, [78.0, 245.0, 396.0, 18.0], uDeH_Wl7-_, 6495509]
[paragraph, [78.0, 263.0, 396.0, 18.0], uDeH_Wl7-_, 6495509]
[paragraph, [80.0, 301.0, 390.0, 18.0], sw3S-65vyf, 6495509]
[paragraph, [85.0, 339.0, 385.0, 18.0], vMywWQBueQ, 6495509]
[paragraph, [85.0, 357.0, 385.0, 18.0], vMywWQBueQ, 6495509]
[paragraph, [85.0, 392.0, 386.0, 18.0], ne2SEIpvab, 6495509]
[paragraph, [85.0, 410.0, 386.0, 18.0], ne2SEIpvab, 6495509]
[paragraph, [85.0, 428.0, 386.0, 18.0], ne2SEIpvab, 6495509]
[paragraph, [85.0, 446.0, 386.0, 18.0], ne2SEIpvab, 6495509]
[paragraph, [116.0, 480.0, 341.0, 18.0], KhdQiKuQg_, 6495509]
[paragraph, [72.0, 517.0, 400.0, 18.0], 19IFTs3b36, 6495509]
[paragraph, [72.0, 535.0, 400.0, 18.0], 19IFTs3b36, 6495509]
[paragraph, [72.0, 553.0, 400.0, 18.0], 19IFTs3b36, 6495509]
[paragraph, [72.0, 571.0, 400.0, 18.0], 19IFTs3b36, 6495509]
[paragraph, [72.0, 589.0, 400.0, 18.0], 19IFTs3b36, 6495509]
[paragraph, [72.0, 607.0, 400.0, 18.0], 19IFTs3b36, 6495509]
