[792, 612]
[folio, [273.0, 49.0, 120.0, 18.0], 9cs7AfiQP_, 6495567]
[paragraph, [222.0, 77.0, 211.0, 18.0], y9O-2Mn7fv, 6495567]
[paragraph, [222.0, 95.0, 211.0, 18.0], y9O-2Mn7fv, 6495567]
[paragraph, [222.0, 113.0, 211.0, 18.0], y9O-2Mn7fv, 6495567]
[paragraph, [222.0, 131.0, 211.0, 18.0], y9O-2Mn7fv, 6495567]
[paragraph, [222.0, 149.0, 211.0, 18.0], y9O-2Mn7fv, 6495567]
[paragraph, [222.0, 167.0, 211.0, 18.0], y9O-2Mn7fv, 6495567]
[paragraph, [222.0, 185.0, 211.0, 18.0], y9O-2Mn7fv, 6495567]
[paragraph, [222.0, 203.0, 211.0, 18.0], y9O-2Mn7fv, 6495567]
[paragraph, [215.0, 230.0, 207.0, 18.0], JZ5WW5Yqzj, 6495567]
[paragraph, [215.0, 248.0, 207.0, 18.0], JZ5WW5Yqzj, 6495567]
[paragraph, [215.0, 266.0, 207.0, 18.0], JZ5WW5Yqzj, 6495567]
[paragraph, [215.0, 284.0, 207.0, 18.0], JZ5WW5Yqzj, 6495567]
[paragraph, [215.0, 302.0, 207.0, 18.0], JZ5WW5Yqzj, 6495567]
[paragraph, [215.0, 320.0, 207.0, 18.0], JZ5WW5Yqzj, 6495567]
[paragraph, [215.0, 338.0, 207.0, 18.0], JZ5WW5Yqzj, 6495567]
[paragraph, [215.0, 356.0, 207.0, 18.0], JZ5WW5Yqzj, 6495567]
[paragraph, [215.0, 374.0, 207.0, 18.0], JZ5WW5Yqzj, 6495567]
[paragraph, [227.0, 409.0, 214.0, 18.0], grdYTN7HDk, 6495567]
[paragraph, [227.0, 427.0, 214.0, 18.0], grdYTN7HDk, 6495567]
[paragraph, [227.0, 445.0, 214.0, 18.0], grdYTN7HDk, 6495567]
[paragraph, [207.0, 476.0, 256.0, 18.0], irxb3jG4AB, 6495567]
[paragraph, [207.0, 494.0, 256.0, 18.0], irxb3jG4AB, 6495567]
[paragraph, [207.0, 512.0, 256.0, 18.0], irxb3jG4AB, 6495567]
[paragraph, [207.0, 530.0, 256.0, 18.0], irxb3jG4AB, 6495567]
[paragraph, [207.0, 548.0, 256.0, 18.0], irxb3jG4AB, 6495567]
[paragraph, [207.0, 566.0, 256.0, 18.0], irxb3jG4AB, 6495567]
[paragraph, [222.0, 589.0, 209.0, 18.0], g0_Pb4_lYF, 6495567]
[paragraph, [222.0, 607.0, 209.0, 18.0], g0_Pb4_lYF, 6495567]
[paragraph, [222.0, 625.0, 209.0, 18.0], g0_Pb4_lYF, 6495567]
[paragraph, [222.0, 643.0, 209.0, 18.0], g0_Pb4_lYF, 6495567]
[paragraph, [222.0, 661.0, 209.0, 18.0], g0_Pb4_lYF, 6495567]
[paragraph, [222.0, 679.0, 209.0, 18.0], g0_Pb4_lYF, 6495567]
