[596, 480]
[paragraph, [86.0, 51.0, 321.0, 18.0], 6w4zP4tMuX, 6495551]
[paragraph, [86.0, 69.0, 321.0, 18.0], 6w4zP4tMuX, 6495551]
[paragraph, [88.0, 96.0, 318.0, 18.0], tqdy3LNDT5, 6495551]
[paragraph, [88.0, 114.0, 318.0, 18.0], tqdy3LNDT5, 6495551]
[paragraph, [88.0, 132.0, 318.0, 18.0], tqdy3LNDT5, 6495551]
[paragraph, [88.0, 150.0, 318.0, 18.0], tqdy3LNDT5, 6495551]
[paragraph, [88.0, 168.0, 318.0, 18.0], tqdy3LNDT5, 6495551]
[paragraph, [88.0, 186.0, 318.0, 18.0], tqdy3LNDT5, 6495551]
[paragraph, [88.0, 204.0, 318.0, 18.0], tqdy3LNDT5, 6495551]
[paragraph, [88.0, 222.0, 318.0, 18.0], tqdy3LNDT5, 6495551]
[paragraph, [88.0, 240.0, 318.0, 18.0], tqdy3LNDT5, 6495551]
[paragraph, [88.0, 258.0, 318.0, 18.0], tqdy3LNDT5, 6495551]
[paragraph, [88.0, 276.0, 318.0, 18.0], tqdy3LNDT5, 6495551]
[paragraph, [88.0, 294.0, 318.0, 18.0], tqdy3LNDT5, 6495551]
[paragraph, [88.0, 312.0, 318.0, 18.0], tqdy3LNDT5, 6495551]
[paragraph, [88.0, 330.0, 318.0, 18.0], tqdy3LNDT5, 6495551]
[paragraph, [90.0, 367.0, 320.0, 18.0], -4qzfQH7O2, 6495551]
[paragraph, [90.0, 385.0, 320.0, 18.0], -4qzfQH7O2, 6495551]
[paragraph, [90.0, 403.0, 320.0, 18.0], -4qzfQH7O2, 6495551]
[paragraph, [90.0, 421.0, 320.0, 18.0], -4qzfQH7O2, 6495551]
[paragraph, [90.0, 439.0, 320.0, 18.0], -4qzfQH7O2, 6495551]
[paragraph, [90.0, 457.0, 320.0, 18.0], -4qzfQH7O2, 6495551]
[paragraph, [90.0, 475.0, 320.0, 18.0], -4qzfQH7O2, 6495551]
[paragraph, [90.0, 493.0, 320.0, 18.0], -4qzfQH7O2, 6495551]
[paragraph, [90.0, 511.0, 320.0, 18.0], -4qzfQH7O2, 6495551]
