[792, 612]
[folio, [266.0, 44.0, 135.0, 18.0], UShRa8mBsg, 6495934]
[paragraph, [204.0, 79.0, 216.0, 18.0], G6NFlgLMtP, 6495934]
[paragraph, [204.0, 97.0, 216.0, 18.0], G6NFlgLMtP, 6495934]
[paragraph, [204.0, 115.0, 216.0, 18.0], G6NFlgLMtP, 6495934]
[paragraph, [204.0, 133.0, 216.0, 18.0], G6NFlgLMtP, 6495934]
[paragraph, [204.0, 151.0, 216.0, 18.0], G6NFlgLMtP, 6495934]
[paragraph, [204.0, 169.0, 216.0, 18.0], G6NFlgLMtP, 6495934]
[paragraph, [204.0, 187.0, 216.0, 18.0], G6NFlgLMtP, 6495934]
[paragraph, [204.0, 205.0, 216.0, 18.0], G6NFlgLMtP, 6495934]
[paragraph, [204.0, 223.0, 216.0, 18.0], G6NFlgLMtP, 6495934]
[paragraph, [189.0, 244.0, 234.0, 18.0], MbKSneRqDn, 6495934]
[paragraph, [189.0, 262.0, 234.0, 18.0], MbKSneRqDn, 6495934]
[paragraph, [189.0, 280.0, 234.0, 18.0], MbKSneRqDn, 6495934]
[paragraph, [189.0, 298.0, 234.0, 18.0], MbKSneRqDn, 6495934]
[paragraph, [204.0, 334.0, 172.0, 18.0], XLNbV0s0L2, 6495934]
[paragraph, [204.0, 352.0, 172.0, 18.0], XLNbV0s0L2, 6495934]
[paragraph, [190.0, 385.0, 253.0, 18.0], y4ayer4xKs, 6495934]
[paragraph, [190.0, 403.0, 253.0, 18.0], y4ayer4xKs, 6495934]
[paragraph, [190.0, 421.0, 253.0, 18.0], y4ayer4xKs, 6495934]
[paragraph, [190.0, 439.0, 253.0, 18.0], y4ayer4xKs, 6495934]
[paragraph, [190.0, 457.0, 253.0, 18.0], y4ayer4xKs, 6495934]
[paragraph, [190.0, 475.0, 253.0, 18.0], y4ayer4xKs, 6495934]
[paragraph, [199.0, 499.0, 233.0, 18.0], -6f0LvF2c7, 6495934]
[paragraph, [199.0, 517.0, 233.0, 18.0], -6f0LvF2c7, 6495934]
[paragraph, [199.0, 535.0, 233.0, 18.0], -6f0LvF2c7, 6495934]
[paragraph, [199.0, 553.0, 233.0, 18.0], -6f0LvF2c7, 6495934]
[paragraph, [199.0, 571.0, 233.0, 18.0], -6f0LvF2c7, 6495934]
[paragraph, [199.0, 589.0, 233.0, 18.0], -6f0LvF2c7, 6495934]
[paragraph, [199.0, 607.0, 233.0, 18.0], -6f0LvF2c7, 6495934]
[paragraph, [199.0, 625.0, 233.0, 18.0], -6f0LvF2c7, 6495934]
[paragraph, [199.0, 643.0, 233.0, 18.0], -6f0LvF2c7, 6495934]
[paragraph, [199.0, 661.0, 233.0, 18.0], -6f0LvF2c7, 6495934]
[paragraph, [199.0, 679.0, 233.0, 18.0], -6f0LvF2c7, 6495934]
