[668, 446]
[paragraph, [61.0, 83.0, 344.0, 18.0], WR27R9O10v, 6493857]
[paragraph, [53.0, 114.0, 352.0, 18.0], 2hZ0Xn_6H7, 6493857]
[paragraph, [53.0, 132.0, 352.0, 18.0], 2hZ0Xn_6H7, 6493857]
[paragraph, [53.0, 150.0, 352.0, 18.0], 2hZ0Xn_6H7, 6493857]
[paragraph, [53.0, 168.0, 352.0, 18.0], 2hZ0Xn_6H7, 6493857]
[paragraph, [53.0, 186.0, 352.0, 18.0], 2hZ0Xn_6H7, 6493857]
[paragraph, [53.0, 204.0, 352.0, 18.0], 2hZ0Xn_6H7, 6493857]
[paragraph, [53.0, 222.0, 352.0, 18.0], 2hZ0Xn_6H7, 6493857]
[paragraph, [53.0, 240.0, 352.0, 18.0], 2hZ0Xn_6H7, 6493857]
[paragraph, [53.0, 258.0, 352.0, 18.0], 2hZ0Xn_6H7, 6493857]
[paragraph, [53.0, 276.0, 352.0, 18.0], 2hZ0Xn_6H7, 6493857]
[paragraph, [53.0, 294.0, 352.0, 18.0], 2hZ0Xn_6H7, 6493857]
[paragraph, [53.0, 312.0, 352.0, 18.0], 2hZ0Xn_6H7, 6493857]
[paragraph, [53.0, 330.0, 352.0, 18.0], 2hZ0Xn_6H7, 6493857]
[paragraph, [53.0, 348.0, 352.0, 18.0], 2hZ0Xn_6H7, 6493857]
[paragraph, [58.0, 366.0, 342.0, 18.0], aOQVf04zU2, 6493857]
[paragraph, [58.0, 384.0, 342.0, 18.0], aOQVf04zU2, 6493857]
[paragraph, [58.0, 402.0, 342.0, 18.0], aOQVf04zU2, 6493857]
[paragraph, [58.0, 420.0, 342.0, 18.0], aOQVf04zU2, 6493857]
[paragraph, [58.0, 438.0, 342.0, 18.0], aOQVf04zU2, 6493857]
[paragraph, [58.0, 456.0, 342.0, 18.0], aOQVf04zU2, 6493857]
[paragraph, [58.0, 474.0, 342.0, 18.0], aOQVf04zU2, 6493857]
[paragraph, [58.0, 492.0, 342.0, 18.0], aOQVf04zU2, 6493857]
[paragraph, [58.0, 510.0, 342.0, 18.0], aOQVf04zU2, 6493857]
[paragraph, [58.0, 528.0, 342.0, 18.0], aOQVf04zU2, 6493857]
[paragraph, [53.0, 558.0, 352.0, 18.0], yOEGrHgDAo, 6493857]
[paragraph, [53.0, 576.0, 352.0, 18.0], yOEGrHgDAo, 6493857]
