[792, 612]
[folio, [254.0, 67.0, 118.0, 18.0], iuCM2Y9jjI, 6495958]
[section-title, [190.0, 105.0, 220.0, 30.0], XVYYXDEK_3, 6495958]
[author, [197.0, 147.0, 120.0, 18.0], YMjzdB5ALC, 6495958]
[paragraph, [190.0, 183.0, 222.0, 18.0], e9OZJXys97, 6495958]
[paragraph, [190.0, 201.0, 222.0, 18.0], e9OZJXys97, 6495958]
[paragraph, [190.0, 219.0, 222.0, 18.0], e9OZJXys97, 6495958]
[paragraph, [190.0, 237.0, 222.0, 18.0], e9OZJXys97, 6495958]
[paragraph, [190.0, 255.0, 222.0, 18.0], e9OZJXys97, 6495958]
[paragraph, [190.0, 273.0, 222.0, 18.0], e9OZJXys97, 6495958]
[paragraph, [190.0, 291.0, 222.0, 18.0], e9OZJXys97, 6495958]
[paragraph, [190.0, 309.0, 222.0, 18.0], e9OZJXys97, 6495958]
[paragraph, [190.0, 327.0, 222.0, 18.0], e9OZJXys97, 6495958]
[paragraph, [190.0, 345.0, 222.0, 18.0], e9OZJXys97, 6495958]
[paragraph, [190.0, 363.0, 222.0, 18.0], e9OZJXys97, 6495958]
[paragraph, [190.0, 381.0, 222.0, 18.0], e9OZJXys97, 6495958]
[paragraph, [190.0, 399.0, 222.0, 18.0], e9OZJXys97, 6495958]
[paragraph, [190.0, 417.0, 222.0, 18.0], e9OZJXys97, 6495958]
[paragraph, [190.0, 435.0, 222.0, 18.0], e9OZJXys97, 6495958]
[paragraph, [190.0, 453.0, 222.0, 18.0], e9OZJXys97, 6495958]
[paragraph, [190.0, 471.0, 222.0, 18.0], e9OZJXys97, 6495958]
[paragraph, [190.0, 489.0, 222.0, 18.0], e9OZJXys97, 6495958]
[paragraph, [190.0, 507.0, 222.0, 18.0], e9OZJXys97, 6495958]
[paragraph, [190.0, 525.0, 222.0, 18.0], e9OZJXys97, 6495958]
[paragraph, [190.0, 543.0, 222.0, 18.0], e9OZJXys97, 6495958]
[paragraph, [190.0, 561.0, 222.0, 18.0], e9OZJXys97, 6495958]
[paragraph, [195.0, 592.0, 159.0, 18.0], 4UYnebg0Q7, 6495958]
[paragraph, [195.0, 610.0, 159.0, 18.0], 4UYnebg0Q7, 6495958]
[paragraph, [190.0, 634.0, 210.0, 18.0], X-o0APX_Qp, 6495958]
[paragraph, [190.0, 652.0, 210.0, 18.0], X-o0APX_Qp, 6495958]
[paragraph, [190.0, 670.0, 210.0, 18.0], X-o0APX_Qp, 6495958]
[paragraph, [190.0, 688.0, 210.0, 18.0], X-o0APX_Qp, 6495958]
