[589, 405]
[paragraph, [36.0, 122.0, 327.0, 18.0], 1H_0ubvknJ, 6494907]
[paragraph, [36.0, 140.0, 327.0, 18.0], 1H_0ubvknJ, 6494907]
[paragraph, [34.0, 174.0, 327.0, 18.0], jahAb0g43w, 6494907]
[paragraph, [38.0, 229.0, 323.0, 18.0], aFZQonw2tQ, 6494907]
[paragraph, [38.0, 247.0, 323.0, 18.0], aFZQonw2tQ, 6494907]
[paragraph, [38.0, 265.0, 323.0, 18.0], aFZQonw2tQ, 6494907]
[paragraph, [37.0, 293.0, 324.0, 18.0], OaGt1x8bh7, 6494907]
[paragraph, [37.0, 311.0, 324.0, 18.0], OaGt1x8bh7, 6494907]
[paragraph, [37.0, 329.0, 324.0, 18.0], OaGt1x8bh7, 6494907]
[paragraph, [37.0, 363.0, 327.0, 18.0], vy8Lcfu4Kv, 6494907]
[paragraph, [37.0, 381.0, 327.0, 18.0], vy8Lcfu4Kv, 6494907]
[paragraph, [37.0, 399.0, 327.0, 18.0], vy8Lcfu4Kv, 6494907]
[paragraph, [39.0, 432.0, 321.0, 18.0], yd0_C6JqMN, 6494907]
[paragraph, [39.0, 450.0, 321.0, 18.0], yd0_C6JqMN, 6494907]
[paragraph, [41.0, 481.0, 319.0, 18.0], G7Ig65gW8M, 6494907]
[paragraph, [41.0, 499.0, 319.0, 18.0], G7Ig65gW8M, 6494907]
[paragraph, [41.0, 517.0, 319.0, 18.0], G7Ig65gW8M, 6494907]
