[589, 405]
[paragraph, [57.0, 22.0, 330.0, 18.0], 7RKT4PB-k3, 6496184]
[paragraph, [57.0, 40.0, 330.0, 18.0], 7RKT4PB-k3, 6496184]
[paragraph, [57.0, 58.0, 330.0, 18.0], 7RKT4PB-k3, 6496184]
[paragraph, [57.0, 76.0, 330.0, 18.0], 7RKT4PB-k3, 6496184]
[paragraph, [57.0, 94.0, 330.0, 18.0], 7RKT4PB-k3, 6496184]
[paragraph, [57.0, 112.0, 330.0, 18.0], 7RKT4PB-k3, 6496184]
[paragraph, [57.0, 130.0, 330.0, 18.0], 7RKT4PB-k3, 6496184]
[paragraph, [57.0, 148.0, 330.0, 18.0], 7RKT4PB-k3, 6496184]
[paragraph, [60.0, 180.0, 328.0, 18.0], P1-aNIvSO1, 6496184]
[paragraph, [60.0, 198.0, 328.0, 18.0], P1-aNIvSO1, 6496184]
[paragraph, [57.0, 231.0, 330.0, 18.0], E2mbJ3qNx7, 6496184]
[paragraph, [57.0, 249.0, 330.0, 18.0], E2mbJ3qNx7, 6496184]
[paragraph, [63.0, 299.0, 321.0, 18.0], 4yEFuMcPpd, 6496184]
[paragraph, [63.0, 317.0, 321.0, 18.0], 4yEFuMcPpd, 6496184]
[paragraph, [61.0, 353.0, 322.0, 18.0], gpdsP_HBTJ, 6496184]
[paragraph, [62.0, 384.0, 329.0, 18.0], gQbF6T2cyd, 6496184]
[paragraph, [62.0, 402.0, 329.0, 18.0], gQbF6T2cyd, 6496184]
[paragraph, [62.0, 420.0, 329.0, 18.0], gQbF6T2cyd, 6496184]
[paragraph, [62.0, 438.0, 329.0, 18.0], gQbF6T2cyd, 6496184]
[paragraph, [62.0, 471.0, 325.0, 18.0], qhrog9g87d, 6496184]
[paragraph, [62.0, 489.0, 325.0, 18.0], qhrog9g87d, 6496184]
