[579, 396]
[paragraph, [111.0, 91.0, 149.0, 18.0], 2G1tcsaeku, 6495332]
[paragraph, [111.0, 109.0, 149.0, 18.0], 2G1tcsaeku, 6495332]
[paragraph, [111.0, 127.0, 149.0, 18.0], 2G1tcsaeku, 6495332]
[paragraph, [111.0, 145.0, 149.0, 18.0], 2G1tcsaeku, 6495332]
[paragraph, [111.0, 163.0, 149.0, 18.0], 2G1tcsaeku, 6495332]
[paragraph, [107.0, 195.0, 171.0, 18.0], F5T6itg-tV, 6495332]
[paragraph, [107.0, 213.0, 171.0, 18.0], F5T6itg-tV, 6495332]
[paragraph, [107.0, 231.0, 171.0, 18.0], F5T6itg-tV, 6495332]
[paragraph, [107.0, 249.0, 171.0, 18.0], F5T6itg-tV, 6495332]
[paragraph, [95.0, 288.0, 198.0, 18.0], 8woJDSt1So, 6495332]
[paragraph, [95.0, 306.0, 198.0, 18.0], 8woJDSt1So, 6495332]
[paragraph, [95.0, 324.0, 198.0, 18.0], 8woJDSt1So, 6495332]
[paragraph, [95.0, 342.0, 198.0, 18.0], 8woJDSt1So, 6495332]
[paragraph, [95.0, 360.0, 198.0, 18.0], 8woJDSt1So, 6495332]
[paragraph, [95.0, 378.0, 198.0, 18.0], 8woJDSt1So, 6495332]
[paragraph, [95.0, 396.0, 198.0, 18.0], 8woJDSt1So, 6495332]
[paragraph, [95.0, 414.0, 198.0, 18.0], 8woJDSt1So, 6495332]
[paragraph, [111.0, 445.0, 180.0, 18.0], X450xK-ZUo, 6495332]
[folio, [173.0, 538.0, 111.0, 18.0], 7DQnE7iX1r, 6495332]
