[596, 480]
[paragraph, [92.0, 50.0, 315.0, 18.0], F_z6LZ4Tah, 6495419]
[paragraph, [92.0, 68.0, 315.0, 18.0], F_z6LZ4Tah, 6495419]
[paragraph, [92.0, 86.0, 315.0, 18.0], F_z6LZ4Tah, 6495419]
[paragraph, [92.0, 104.0, 315.0, 18.0], F_z6LZ4Tah, 6495419]
[paragraph, [92.0, 122.0, 315.0, 18.0], F_z6LZ4Tah, 6495419]
[paragraph, [92.0, 140.0, 315.0, 18.0], F_z6LZ4Tah, 6495419]
[paragraph, [92.0, 158.0, 315.0, 18.0], F_z6LZ4Tah, 6495419]
[paragraph, [98.0, 184.0, 315.0, 18.0], 5lidk_puta, 6495419]
[paragraph, [98.0, 202.0, 315.0, 18.0], 5lidk_puta, 6495419]
[paragraph, [98.0, 220.0, 315.0, 18.0], 5lidk_puta, 6495419]
[paragraph, [98.0, 238.0, 315.0, 18.0], 5lidk_puta, 6495419]
[paragraph, [98.0, 256.0, 315.0, 18.0], 5lidk_puta, 6495419]
[paragraph, [98.0, 274.0, 315.0, 18.0], 5lidk_puta, 6495419]
[paragraph, [98.0, 292.0, 315.0, 18.0], 5lidk_puta, 6495419]
[paragraph, [98.0, 310.0, 315.0, 18.0], 5lidk_puta, 6495419]
[paragraph, [96.0, 337.0, 318.0, 18.0], J2jqi5Ui5w, 6495419]
[paragraph, [96.0, 355.0, 318.0, 18.0], J2jqi5Ui5w, 6495419]
[paragraph, [96.0, 431.0, 314.0, 18.0], j_eXcG3v2_, 6495419]
[paragraph, [96.0, 449.0, 314.0, 18.0], j_eXcG3v2_, 6495419]
[paragraph, [96.0, 467.0, 314.0, 18.0], j_eXcG3v2_, 6495419]
[paragraph, [96.0, 485.0, 314.0, 18.0], j_eXcG3v2_, 6495419]
[paragraph, [96.0, 503.0, 314.0, 18.0], j_eXcG3v2_, 6495419]
