[792, 612]
[folio, [244.0, 52.0, 138.0, 18.0], otVTVWdANs, 6496326]
[paragraph, [171.0, 88.0, 292.0, 18.0], 85r4A_21EV, 6496326]
[paragraph, [171.0, 106.0, 292.0, 18.0], 85r4A_21EV, 6496326]
[paragraph, [171.0, 124.0, 292.0, 18.0], 85r4A_21EV, 6496326]
[paragraph, [171.0, 142.0, 292.0, 18.0], 85r4A_21EV, 6496326]
[paragraph, [171.0, 160.0, 292.0, 18.0], 85r4A_21EV, 6496326]
[paragraph, [171.0, 178.0, 292.0, 18.0], 85r4A_21EV, 6496326]
[paragraph, [171.0, 196.0, 292.0, 18.0], 85r4A_21EV, 6496326]
[paragraph, [171.0, 214.0, 292.0, 18.0], 85r4A_21EV, 6496326]
[paragraph, [171.0, 232.0, 292.0, 18.0], 85r4A_21EV, 6496326]
[paragraph, [171.0, 250.0, 292.0, 18.0], 85r4A_21EV, 6496326]
[paragraph, [171.0, 268.0, 292.0, 18.0], 85r4A_21EV, 6496326]
[paragraph, [171.0, 286.0, 292.0, 18.0], 85r4A_21EV, 6496326]
[paragraph, [171.0, 304.0, 292.0, 18.0], 85r4A_21EV, 6496326]
[paragraph, [171.0, 322.0, 292.0, 18.0], 85r4A_21EV, 6496326]
[paragraph, [171.0, 340.0, 292.0, 18.0], 85r4A_21EV, 6496326]
[paragraph, [171.0, 358.0, 292.0, 18.0], 85r4A_21EV, 6496326]
[paragraph, [171.0, 376.0, 292.0, 18.0], 85r4A_21EV, 6496326]
[paragraph, [171.0, 394.0, 292.0, 18.0], 85r4A_21EV, 6496326]
[paragraph, [171.0, 412.0, 292.0, 18.0], 85r4A_21EV, 6496326]
[paragraph, [171.0, 430.0, 292.0, 18.0], 85r4A_21EV, 6496326]
