[596, 421]
[section-title, [114.0, 50.0, 97.0, 30.0], k303SOInPo, 6533002]
[paragraph, [68.0, 90.0, 189.0, 18.0], OK3W3WIq9J, 6533002]
[paragraph, [68.0, 108.0, 189.0, 18.0], OK3W3WIq9J, 6533002]
[paragraph, [68.0, 126.0, 189.0, 18.0], OK3W3WIq9J, 6533002]
[paragraph, [68.0, 144.0, 189.0, 18.0], OK3W3WIq9J, 6533002]
[paragraph, [68.0, 162.0, 189.0, 18.0], OK3W3WIq9J, 6533002]
[paragraph, [68.0, 180.0, 189.0, 18.0], OK3W3WIq9J, 6533002]
[paragraph, [68.0, 198.0, 189.0, 18.0], OK3W3WIq9J, 6533002]
[paragraph, [68.0, 216.0, 189.0, 18.0], OK3W3WIq9J, 6533002]
[paragraph, [68.0, 234.0, 189.0, 18.0], OK3W3WIq9J, 6533002]
[paragraph, [68.0, 252.0, 189.0, 18.0], OK3W3WIq9J, 6533002]
[paragraph, [68.0, 270.0, 189.0, 18.0], OK3W3WIq9J, 6533002]
[paragraph, [255.0, 397.0, 157.0, 18.0], OBVsByU62E, 6533002]
[paragraph, [255.0, 415.0, 157.0, 18.0], OBVsByU62E, 6533002]
[paragraph, [255.0, 433.0, 157.0, 18.0], OBVsByU62E, 6533002]
[paragraph, [255.0, 451.0, 157.0, 18.0], OBVsByU62E, 6533002]
[paragraph, [255.0, 469.0, 157.0, 18.0], OBVsByU62E, 6533002]
[paragraph, [255.0, 487.0, 157.0, 18.0], OBVsByU62E, 6533002]
