[596, 421]
[section-title, [95.0, 29.0, 81.0, 30.0], nopjnVJ3Qa, 6532908]
[paragraph, [43.0, 71.0, 163.0, 18.0], 4NCOG0PMiW, 6532908]
[paragraph, [43.0, 89.0, 163.0, 18.0], 4NCOG0PMiW, 6532908]
[paragraph, [43.0, 107.0, 163.0, 18.0], 4NCOG0PMiW, 6532908]
[paragraph, [43.0, 132.0, 171.0, 18.0], r_oBGJrMjt, 6532908]
[paragraph, [43.0, 150.0, 171.0, 18.0], r_oBGJrMjt, 6532908]
[paragraph, [43.0, 168.0, 171.0, 18.0], r_oBGJrMjt, 6532908]
[section-title, [267.0, 373.0, 112.0, 30.0], hcVhKkwGkf, 6532908]
[paragraph, [235.0, 409.0, 145.0, 18.0], 9oyK74_9K5, 6532908]
[paragraph, [235.0, 427.0, 145.0, 18.0], 9oyK74_9K5, 6532908]
[paragraph, [235.0, 445.0, 145.0, 18.0], 9oyK74_9K5, 6532908]
[paragraph, [235.0, 463.0, 145.0, 18.0], 9oyK74_9K5, 6532908]
[paragraph, [235.0, 481.0, 145.0, 18.0], 9oyK74_9K5, 6532908]
[paragraph, [235.0, 499.0, 145.0, 18.0], 9oyK74_9K5, 6532908]
