[1650, 1275]
[folio, [140.0, 25.0, 412.0, 36.0], shoonya_0sTW7HNCU4MPTE, 5775268]
[paragraph, [132.0, 117.0, 1032.0, 36.0], z0DKvQME9h, 5775268]
[paragraph, [132.0, 153.0, 1032.0, 36.0], z0DKvQME9h, 5775268]
[paragraph, [132.0, 189.0, 1032.0, 36.0], z0DKvQME9h, 5775268]
[paragraph, [127.0, 243.0, 1034.0, 36.0], h_H-T-rxmK, 5775268]
[paragraph, [127.0, 279.0, 1034.0, 36.0], h_H-T-rxmK, 5775268]
[figure-caption, [146.0, 760.0, 964.0, 36.0], pr5tJKb7i-, 5775268]
[paragraph, [129.0, 840.0, 1031.0, 36.0], vfACso1KEt, 5775268]
[paragraph, [129.0, 876.0, 1031.0, 36.0], vfACso1KEt, 5775268]
[paragraph, [129.0, 912.0, 1031.0, 36.0], vfACso1KEt, 5775268]
[paragraph, [129.0, 948.0, 1031.0, 36.0], vfACso1KEt, 5775268]
[paragraph, [129.0, 984.0, 1031.0, 36.0], vfACso1KEt, 5775268]
[paragraph, [122.0, 1047.0, 1034.0, 36.0], 5eM__Ihv2S, 5775268]
[paragraph, [122.0, 1083.0, 1034.0, 36.0], 5eM__Ihv2S, 5775268]
[paragraph, [122.0, 1119.0, 1034.0, 36.0], 5eM__Ihv2S, 5775268]
[paragraph, [122.0, 1155.0, 1034.0, 36.0], 5eM__Ihv2S, 5775268]
[paragraph, [122.0, 1191.0, 1034.0, 36.0], 5eM__Ihv2S, 5775268]
[paragraph, [122.0, 1227.0, 1034.0, 36.0], 5eM__Ihv2S, 5775268]
[paragraph, [122.0, 1263.0, 1034.0, 36.0], 5eM__Ihv2S, 5775268]
[paragraph, [129.0, 1358.0, 1035.0, 36.0], gEjnU0jT-B, 5775268]
[paragraph, [129.0, 1394.0, 1035.0, 36.0], gEjnU0jT-B, 5775268]
[paragraph, [129.0, 1430.0, 1035.0, 36.0], gEjnU0jT-B, 5775268]
[paragraph, [129.0, 1466.0, 1035.0, 36.0], gEjnU0jT-B, 5775268]
[paragraph, [129.0, 1502.0, 1035.0, 36.0], gEjnU0jT-B, 5775268]
[footnote, [124.0, 1568.0, 280.0, 36.0], CrKYNMAX_r, 5775268]
[website-link, [276.0, 1572.0, 126.0, 18.0], EKiK6LfGXF, 5775268]
[website-link, [276.0, 1590.0, 126.0, 18.0], EKiK6LfGXF, 5775268]
