[1650, 1275]
[folio, [835.0, 36.0, 311.0, 36.0], shoonya_0sB8MBEPY6P4Q7, 5775018]
[options, [154.0, 151.0, 285.0, 36.0], 7Ja3exefvu, 5775018]
[options, [154.0, 187.0, 285.0, 36.0], 7Ja3exefvu, 5775018]
[options, [154.0, 223.0, 285.0, 36.0], 7Ja3exefvu, 5775018]
[options, [156.0, 318.0, 290.0, 36.0], B_MCu7rbqr, 5775018]
[options, [156.0, 354.0, 290.0, 36.0], B_MCu7rbqr, 5775018]
[options, [156.0, 390.0, 290.0, 36.0], B_MCu7rbqr, 5775018]
[options, [146.0, 479.0, 282.0, 36.0], HWC6mpJhC8, 5775018]
[options, [146.0, 515.0, 282.0, 36.0], HWC6mpJhC8, 5775018]
[options, [146.0, 551.0, 282.0, 36.0], HWC6mpJhC8, 5775018]
[options, [167.0, 645.0, 658.0, 36.0], Gxm4w6TuSk, 5775018]
[options, [167.0, 681.0, 658.0, 36.0], Gxm4w6TuSk, 5775018]
[options, [167.0, 717.0, 658.0, 36.0], Gxm4w6TuSk, 5775018]
[options, [149.0, 809.0, 685.0, 36.0], hboVlAy2Fw, 5775018]
[options, [149.0, 845.0, 685.0, 36.0], hboVlAy2Fw, 5775018]
[options, [149.0, 881.0, 685.0, 36.0], hboVlAy2Fw, 5775018]
[options, [164.0, 975.0, 355.0, 36.0], t2l79bmkGr, 5775018]
[options, [164.0, 1011.0, 355.0, 36.0], t2l79bmkGr, 5775018]
[options, [164.0, 1047.0, 355.0, 36.0], t2l79bmkGr, 5775018]
[options, [146.0, 1136.0, 682.0, 36.0], MDUD3bwFZ0, 5775018]
[options, [146.0, 1172.0, 682.0, 36.0], MDUD3bwFZ0, 5775018]
[options, [146.0, 1208.0, 682.0, 36.0], MDUD3bwFZ0, 5775018]
[options, [146.0, 1305.0, 693.0, 36.0], uqqEK2HMk_, 5775018]
[options, [146.0, 1341.0, 693.0, 36.0], uqqEK2HMk_, 5775018]
[options, [146.0, 1377.0, 693.0, 36.0], uqqEK2HMk_, 5775018]
[footnote, [143.0, 1555.0, 543.0, 36.0], e8A2Fj3tiZ, 5775018]
[website-link, [425.0, 1563.0, 251.0, 18.0], 4T2yFrE4VW, 5775018]
[website-link, [425.0, 1581.0, 251.0, 18.0], 4T2yFrE4VW, 5775018]
