[1650, 1275]
[folio, [101.0, 23.0, 479.0, 36.0], shoonya_0sX5NTOP75M2H6, 5775313]
[options, [167.0, 151.0, 675.0, 36.0], H0cc8TDroH, 5775313]
[options, [167.0, 187.0, 675.0, 36.0], H0cc8TDroH, 5775313]
[options, [167.0, 223.0, 675.0, 36.0], H0cc8TDroH, 5775313]
[options, [154.0, 316.0, 693.0, 36.0], bIaQ4R33Ln, 5775313]
[options, [154.0, 352.0, 693.0, 36.0], bIaQ4R33Ln, 5775313]
[options, [154.0, 388.0, 693.0, 36.0], bIaQ4R33Ln, 5775313]
[options, [148.0, 484.0, 715.0, 36.0], 8ZTIu7BYMx, 5775313]
[options, [148.0, 520.0, 715.0, 36.0], 8ZTIu7BYMx, 5775313]
[options, [148.0, 556.0, 715.0, 36.0], 8ZTIu7BYMx, 5775313]
[options, [154.0, 671.0, 737.0, 36.0], Gk4vzafUIX, 5775313]
[options, [154.0, 707.0, 737.0, 36.0], Gk4vzafUIX, 5775313]
[options, [154.0, 743.0, 737.0, 36.0], Gk4vzafUIX, 5775313]
[options, [137.0, 840.0, 626.0, 36.0], gR949nloCW, 5775313]
[options, [137.0, 876.0, 626.0, 36.0], gR949nloCW, 5775313]
[options, [137.0, 912.0, 626.0, 36.0], gR949nloCW, 5775313]
[section-title, [197.0, 1017.0, 200.0, 49.5], pPh-cxGUXl, 5775313]
