[1650, 1275]
[folio, [123.0, 27.0, 273.0, 36.0], shoonya_0s4286JGAPQHYT, 5775284]
[unordered-list, [153.0, 119.0, 968.0, 36.0], Gb22nnvNWC, 5775284]
[unordered-list, [153.0, 155.0, 968.0, 36.0], Gb22nnvNWC, 5775284]
[paragraph, [127.0, 237.0, 1021.0, 36.0], 5Z2Tvz3I3t, 5775284]
[paragraph, [127.0, 273.0, 1021.0, 36.0], 5Z2Tvz3I3t, 5775284]
[paragraph, [127.0, 309.0, 1021.0, 36.0], 5Z2Tvz3I3t, 5775284]
[paragraph, [127.0, 345.0, 1021.0, 36.0], 5Z2Tvz3I3t, 5775284]
[paragraph, [127.0, 381.0, 1021.0, 36.0], 5Z2Tvz3I3t, 5775284]
[paragraph, [127.0, 417.0, 1021.0, 36.0], 5Z2Tvz3I3t, 5775284]
[paragraph, [127.0, 453.0, 1021.0, 36.0], 5Z2Tvz3I3t, 5775284]
[paragraph, [127.0, 489.0, 1021.0, 36.0], 5Z2Tvz3I3t, 5775284]
[footnote, [103.0, 1428.0, 1026.0, 36.0], 9AF3UpNo_k, 5775284]
[footnote, [103.0, 1464.0, 1026.0, 36.0], 9AF3UpNo_k, 5775284]
[footnote, [103.0, 1500.0, 1026.0, 36.0], 9AF3UpNo_k, 5775284]
[website-link, [736.0, 1433.0, 382.0, 18.0], 3wvkevn7aL, 5775284]
[website-link, [736.0, 1451.0, 382.0, 18.0], 3wvkevn7aL, 5775284]
[website-link, [734.0, 1482.0, 382.0, 18.0], gKUdi16B1e, 5775284]
[website-link, [734.0, 1500.0, 382.0, 18.0], gKUdi16B1e, 5775284]
