[842, 596]
[quote, [206.0, 116.0, 160.0, 18.0], 1C90wepZhh, 5700419]
[quote, [206.0, 134.0, 160.0, 18.0], 1C90wepZhh, 5700419]
[quote, [206.0, 152.0, 160.0, 18.0], 1C90wepZhh, 5700419]
[quote, [206.0, 170.0, 160.0, 18.0], 1C90wepZhh, 5700419]
[quote, [206.0, 188.0, 160.0, 18.0], 1C90wepZhh, 5700419]
[quote, [255.0, 243.0, 164.0, 18.0], rm21M4Mz4q, 5700419]
[quote, [255.0, 261.0, 164.0, 18.0], rm21M4Mz4q, 5700419]
[quote, [255.0, 279.0, 164.0, 18.0], rm21M4Mz4q, 5700419]
[quote, [255.0, 297.0, 164.0, 18.0], rm21M4Mz4q, 5700419]
[quote, [255.0, 315.0, 164.0, 18.0], rm21M4Mz4q, 5700419]
[quote, [255.0, 333.0, 164.0, 18.0], rm21M4Mz4q, 5700419]
[quote, [395.0, 382.0, 148.0, 18.0], EpvKUdNRGX, 5700419]
[quote, [395.0, 400.0, 148.0, 18.0], EpvKUdNRGX, 5700419]
[quote, [395.0, 418.0, 148.0, 18.0], EpvKUdNRGX, 5700419]
[quote, [395.0, 436.0, 148.0, 18.0], EpvKUdNRGX, 5700419]
[quote, [395.0, 454.0, 148.0, 18.0], EpvKUdNRGX, 5700419]
[quote, [395.0, 472.0, 148.0, 18.0], EpvKUdNRGX, 5700419]
[quote, [211.0, 406.0, 150.0, 18.0], 8ldomd1a59, 5700419]
[quote, [211.0, 424.0, 150.0, 18.0], 8ldomd1a59, 5700419]
[quote, [211.0, 442.0, 150.0, 18.0], 8ldomd1a59, 5700419]
[quote, [211.0, 460.0, 150.0, 18.0], 8ldomd1a59, 5700419]
[quote, [211.0, 478.0, 150.0, 18.0], 8ldomd1a59, 5700419]
[quote, [211.0, 496.0, 150.0, 18.0], 8ldomd1a59, 5700419]
[quote, [203.0, 539.0, 162.0, 18.0], uqu0LF8J22, 5700419]
[quote, [203.0, 557.0, 162.0, 18.0], uqu0LF8J22, 5700419]
[quote, [203.0, 575.0, 162.0, 18.0], uqu0LF8J22, 5700419]
[quote, [203.0, 593.0, 162.0, 18.0], uqu0LF8J22, 5700419]
[quote, [203.0, 611.0, 162.0, 18.0], uqu0LF8J22, 5700419]
