[827, 636]
[quote, [79.0, 270.0, 207.0, 18.0], 6Lk8X3HDYf, 5652633]
[quote, [79.0, 288.0, 207.0, 18.0], 6Lk8X3HDYf, 5652633]
[quote, [79.0, 306.0, 207.0, 18.0], 6Lk8X3HDYf, 5652633]
[quote, [79.0, 324.0, 207.0, 18.0], 6Lk8X3HDYf, 5652633]
[quote, [79.0, 342.0, 207.0, 18.0], 6Lk8X3HDYf, 5652633]
[quote, [79.0, 360.0, 207.0, 18.0], 6Lk8X3HDYf, 5652633]
[paragraph, [84.0, 448.0, 290.0, 18.0], SR4m8b900i, 5652633]
[quote, [323.0, 470.0, 246.0, 18.0], o4zzI49ZlC, 5652633]
[quote, [323.0, 488.0, 246.0, 18.0], o4zzI49ZlC, 5652633]
[quote, [323.0, 506.0, 246.0, 18.0], o4zzI49ZlC, 5652633]
[quote, [110.0, 485.0, 157.0, 18.0], 7CLtNa16g3, 5652633]
[quote, [110.0, 503.0, 157.0, 18.0], 7CLtNa16g3, 5652633]
[quote, [110.0, 521.0, 157.0, 18.0], 7CLtNa16g3, 5652633]
[paragraph, [113.0, 682.0, 384.0, 18.0], pOy0g8VC9m, 5652633]
[paragraph, [113.0, 700.0, 384.0, 18.0], pOy0g8VC9m, 5652633]
