[1787, 1218]
[paragraph, [183.0, 101.0, 608.0, 36.0], IenYH83zgy, 5651836]
[paragraph, [183.0, 137.0, 608.0, 36.0], IenYH83zgy, 5651836]
[paragraph, [183.0, 173.0, 608.0, 36.0], IenYH83zgy, 5651836]
[paragraph, [183.0, 209.0, 608.0, 36.0], IenYH83zgy, 5651836]
[author, [854.0, 412.0, 237.0, 36.0], CrtGvmw8Bf, 5651836]
[section-title, [100.0, 434.0, 326.0, 49.5], _n7yYUst2R, 5651836]
[paragraph, [200.0, 567.0, 389.0, 36.0], -D-8tiTX2D, 5651836]
[paragraph, [200.0, 603.0, 389.0, 36.0], -D-8tiTX2D, 5651836]
[paragraph, [200.0, 639.0, 389.0, 36.0], -D-8tiTX2D, 5651836]
[paragraph, [200.0, 675.0, 389.0, 36.0], -D-8tiTX2D, 5651836]
[paragraph, [200.0, 711.0, 389.0, 36.0], -D-8tiTX2D, 5651836]
[paragraph, [200.0, 747.0, 389.0, 36.0], -D-8tiTX2D, 5651836]
[paragraph, [200.0, 783.0, 389.0, 36.0], -D-8tiTX2D, 5651836]
[paragraph, [200.0, 819.0, 389.0, 36.0], -D-8tiTX2D, 5651836]
[paragraph, [200.0, 855.0, 389.0, 36.0], -D-8tiTX2D, 5651836]
[paragraph, [298.0, 920.0, 366.0, 36.0], VId-sD8Mie, 5651836]
[paragraph, [298.0, 956.0, 366.0, 36.0], VId-sD8Mie, 5651836]
[paragraph, [298.0, 992.0, 366.0, 36.0], VId-sD8Mie, 5651836]
[paragraph, [298.0, 1028.0, 366.0, 36.0], VId-sD8Mie, 5651836]
[paragraph, [298.0, 1064.0, 366.0, 36.0], VId-sD8Mie, 5651836]
[paragraph, [298.0, 1100.0, 366.0, 36.0], VId-sD8Mie, 5651836]
[paragraph, [298.0, 1136.0, 366.0, 36.0], VId-sD8Mie, 5651836]
[paragraph, [298.0, 1172.0, 366.0, 36.0], VId-sD8Mie, 5651836]
[paragraph, [298.0, 1208.0, 366.0, 36.0], VId-sD8Mie, 5651836]
[paragraph, [218.0, 1272.0, 349.0, 36.0], 96ucnvCBHl, 5651836]
[paragraph, [218.0, 1308.0, 349.0, 36.0], 96ucnvCBHl, 5651836]
[paragraph, [218.0, 1344.0, 349.0, 36.0], 96ucnvCBHl, 5651836]
[paragraph, [218.0, 1380.0, 349.0, 36.0], 96ucnvCBHl, 5651836]
[paragraph, [218.0, 1416.0, 349.0, 36.0], 96ucnvCBHl, 5651836]
[paragraph, [218.0, 1452.0, 349.0, 36.0], 96ucnvCBHl, 5651836]
[paragraph, [218.0, 1488.0, 349.0, 36.0], 96ucnvCBHl, 5651836]
[paragraph, [218.0, 1524.0, 349.0, 36.0], 96ucnvCBHl, 5651836]
[paragraph, [218.0, 1560.0, 349.0, 36.0], 96ucnvCBHl, 5651836]
[footnote, [482.0, 1627.0, 212.0, 36.0], jAOepFQyyS, 5651836]
