[1787, 1218]
[index, [82.0, 34.0, 1053.0, 36.0], _DYK7BrMiT, 5651199]
[index, [82.0, 70.0, 1053.0, 36.0], _DYK7BrMiT, 5651199]
[index, [82.0, 106.0, 1053.0, 36.0], _DYK7BrMiT, 5651199]
[index, [82.0, 142.0, 1053.0, 36.0], _DYK7BrMiT, 5651199]
[index, [82.0, 178.0, 1053.0, 36.0], _DYK7BrMiT, 5651199]
[index, [82.0, 214.0, 1053.0, 36.0], _DYK7BrMiT, 5651199]
[index, [82.0, 250.0, 1053.0, 36.0], _DYK7BrMiT, 5651199]
[index, [82.0, 286.0, 1053.0, 36.0], _DYK7BrMiT, 5651199]
[index, [82.0, 322.0, 1053.0, 36.0], _DYK7BrMiT, 5651199]
[index, [82.0, 358.0, 1053.0, 36.0], _DYK7BrMiT, 5651199]
[index, [82.0, 394.0, 1053.0, 36.0], _DYK7BrMiT, 5651199]
[index, [82.0, 430.0, 1053.0, 36.0], _DYK7BrMiT, 5651199]
[index, [82.0, 466.0, 1053.0, 36.0], _DYK7BrMiT, 5651199]
[footnote, [449.0, 1636.0, 221.0, 36.0], PHeiksHK9Y, 5651199]
