[1787, 1218]
[paragraph, [164.0, 95.0, 438.0, 36.0], _el2x3hUkc, 5650982]
[paragraph, [164.0, 131.0, 438.0, 36.0], _el2x3hUkc, 5650982]
[paragraph, [165.0, 199.0, 528.0, 36.0], 89tV9S_evU, 5650982]
[paragraph, [165.0, 235.0, 528.0, 36.0], 89tV9S_evU, 5650982]
[paragraph, [156.0, 298.0, 513.0, 36.0], TLzwO-W0sD, 5650982]
[paragraph, [156.0, 334.0, 513.0, 36.0], TLzwO-W0sD, 5650982]
[paragraph, [158.0, 397.0, 561.0, 36.0], lx3AZMBrt2, 5650982]
[paragraph, [158.0, 433.0, 561.0, 36.0], lx3AZMBrt2, 5650982]
[paragraph, [149.0, 496.0, 548.0, 36.0], FN9MQAUSZI, 5650982]
[paragraph, [149.0, 532.0, 548.0, 36.0], FN9MQAUSZI, 5650982]
[paragraph, [135.0, 601.0, 517.0, 36.0], 7g5eqCNKen, 5650982]
[paragraph, [135.0, 637.0, 517.0, 36.0], 7g5eqCNKen, 5650982]
[paragraph, [156.0, 700.0, 529.0, 36.0], 6NbgnxY8HN, 5650982]
[paragraph, [156.0, 736.0, 529.0, 36.0], 6NbgnxY8HN, 5650982]
[paragraph, [149.0, 802.0, 583.0, 36.0], EgbR11MRWj, 5650982]
[paragraph, [149.0, 838.0, 583.0, 36.0], EgbR11MRWj, 5650982]
[paragraph, [146.0, 906.0, 545.0, 36.0], We_6PK863c, 5650982]
[paragraph, [146.0, 942.0, 545.0, 36.0], We_6PK863c, 5650982]
[paragraph, [153.0, 1016.0, 566.0, 36.0], flkqEgBx4t, 5650982]
[paragraph, [153.0, 1052.0, 566.0, 36.0], flkqEgBx4t, 5650982]
[paragraph, [156.0, 1113.0, 535.0, 36.0], 8nnNYBgMpa, 5650982]
[paragraph, [156.0, 1149.0, 535.0, 36.0], 8nnNYBgMpa, 5650982]
[paragraph, [153.0, 1217.0, 537.0, 36.0], YhzlIw-NFm, 5650982]
[paragraph, [153.0, 1253.0, 537.0, 36.0], YhzlIw-NFm, 5650982]
[paragraph, [153.0, 1317.0, 446.0, 36.0], 5F0rvRV6Du, 5650982]
[paragraph, [153.0, 1353.0, 446.0, 36.0], 5F0rvRV6Du, 5650982]
[paragraph, [153.0, 1418.0, 609.0, 36.0], KppO5-zej2, 5650982]
[paragraph, [153.0, 1454.0, 609.0, 36.0], KppO5-zej2, 5650982]
[paragraph, [159.0, 1523.0, 523.0, 36.0], AS5h0VmNLN, 5650982]
[paragraph, [159.0, 1559.0, 523.0, 36.0], AS5h0VmNLN, 5650982]
[footnote, [523.0, 1649.0, 337.0, 36.0], 36Ov5rM6_o, 5650982]
