[792, 612]
[folio, [397.0, 48.0, 74.0, 18.0], E2DRMVbN_3, 6514110]
[paragraph, [173.0, 77.0, 303.0, 18.0], Y1asa_GMb_, 6514110]
[paragraph, [173.0, 95.0, 303.0, 18.0], Y1asa_GMb_, 6514110]
[paragraph, [173.0, 113.0, 303.0, 18.0], Y1asa_GMb_, 6514110]
[paragraph, [173.0, 131.0, 303.0, 18.0], Y1asa_GMb_, 6514110]
[paragraph, [173.0, 149.0, 303.0, 18.0], Y1asa_GMb_, 6514110]
[paragraph, [173.0, 167.0, 303.0, 18.0], Y1asa_GMb_, 6514110]
[paragraph, [173.0, 202.0, 299.0, 18.0], jM3q-Bb2Nv, 6514110]
[paragraph, [173.0, 220.0, 299.0, 18.0], jM3q-Bb2Nv, 6514110]
[paragraph, [173.0, 238.0, 299.0, 18.0], jM3q-Bb2Nv, 6514110]
[paragraph, [173.0, 256.0, 299.0, 18.0], jM3q-Bb2Nv, 6514110]
[paragraph, [173.0, 274.0, 299.0, 18.0], jM3q-Bb2Nv, 6514110]
[paragraph, [173.0, 292.0, 299.0, 18.0], jM3q-Bb2Nv, 6514110]
[paragraph, [173.0, 310.0, 299.0, 18.0], jM3q-Bb2Nv, 6514110]
[paragraph, [173.0, 328.0, 299.0, 18.0], jM3q-Bb2Nv, 6514110]
[paragraph, [173.0, 346.0, 299.0, 18.0], jM3q-Bb2Nv, 6514110]
[paragraph, [173.0, 364.0, 299.0, 18.0], jM3q-Bb2Nv, 6514110]
[paragraph, [173.0, 382.0, 299.0, 18.0], jM3q-Bb2Nv, 6514110]
[paragraph, [170.0, 407.0, 305.0, 18.0], zrSKhsy74J, 6514110]
[paragraph, [170.0, 425.0, 305.0, 18.0], zrSKhsy74J, 6514110]
[paragraph, [170.0, 443.0, 305.0, 18.0], zrSKhsy74J, 6514110]
[paragraph, [170.0, 461.0, 305.0, 18.0], zrSKhsy74J, 6514110]
[paragraph, [170.0, 479.0, 305.0, 18.0], zrSKhsy74J, 6514110]
[paragraph, [168.0, 508.0, 305.0, 18.0], sdd7RZhX_v, 6514110]
[paragraph, [168.0, 526.0, 305.0, 18.0], sdd7RZhX_v, 6514110]
