[612, 396]
[paragraph, [60.0, 86.0, 274.0, 18.0], bQZDVt24j7, 6514373]
[paragraph, [60.0, 104.0, 274.0, 18.0], bQZDVt24j7, 6514373]
[paragraph, [60.0, 122.0, 274.0, 18.0], bQZDVt24j7, 6514373]
[paragraph, [60.0, 140.0, 274.0, 18.0], bQZDVt24j7, 6514373]
[paragraph, [60.0, 158.0, 274.0, 18.0], bQZDVt24j7, 6514373]
[paragraph, [60.0, 176.0, 274.0, 18.0], bQZDVt24j7, 6514373]
[paragraph, [60.0, 194.0, 274.0, 18.0], bQZDVt24j7, 6514373]
[paragraph, [60.0, 212.0, 274.0, 18.0], bQZDVt24j7, 6514373]
[paragraph, [60.0, 230.0, 274.0, 18.0], bQZDVt24j7, 6514373]
[paragraph, [60.0, 248.0, 274.0, 18.0], bQZDVt24j7, 6514373]
[paragraph, [60.0, 266.0, 274.0, 18.0], bQZDVt24j7, 6514373]
[paragraph, [60.0, 284.0, 274.0, 18.0], bQZDVt24j7, 6514373]
[paragraph, [60.0, 302.0, 274.0, 18.0], bQZDVt24j7, 6514373]
[paragraph, [60.0, 320.0, 274.0, 18.0], bQZDVt24j7, 6514373]
[paragraph, [60.0, 338.0, 274.0, 18.0], bQZDVt24j7, 6514373]
[paragraph, [60.0, 356.0, 274.0, 18.0], bQZDVt24j7, 6514373]
[paragraph, [60.0, 374.0, 274.0, 18.0], bQZDVt24j7, 6514373]
[paragraph, [60.0, 392.0, 274.0, 18.0], bQZDVt24j7, 6514373]
[paragraph, [60.0, 410.0, 274.0, 18.0], bQZDVt24j7, 6514373]
[paragraph, [60.0, 428.0, 274.0, 18.0], bQZDVt24j7, 6514373]
[footnote, [65.0, 462.0, 265.0, 18.0], ip0vNZZ_bW, 6514373]
[folio, [43.0, 512.0, 135.0, 18.0], shoonya_5sKXB396SAAUPK, 6514373]
