[612, 396]
[paragraph, [37.0, 49.0, 313.0, 18.0], 0CqSfFjfoK, 6517580]
[paragraph, [37.0, 67.0, 313.0, 18.0], 0CqSfFjfoK, 6517580]
[paragraph, [37.0, 85.0, 313.0, 18.0], 0CqSfFjfoK, 6517580]
[paragraph, [44.0, 116.0, 303.0, 18.0], 7WmB0e3km6, 6517580]
[paragraph, [44.0, 134.0, 303.0, 18.0], 7WmB0e3km6, 6517580]
[paragraph, [44.0, 152.0, 303.0, 18.0], 7WmB0e3km6, 6517580]
[paragraph, [44.0, 170.0, 303.0, 18.0], 7WmB0e3km6, 6517580]
[paragraph, [44.0, 188.0, 303.0, 18.0], 7WmB0e3km6, 6517580]
[paragraph, [44.0, 206.0, 303.0, 18.0], 7WmB0e3km6, 6517580]
[paragraph, [44.0, 224.0, 303.0, 18.0], 7WmB0e3km6, 6517580]
[paragraph, [44.0, 242.0, 303.0, 18.0], 7WmB0e3km6, 6517580]
[paragraph, [44.0, 260.0, 303.0, 18.0], 7WmB0e3km6, 6517580]
[paragraph, [44.0, 278.0, 303.0, 18.0], 7WmB0e3km6, 6517580]
[paragraph, [44.0, 296.0, 303.0, 18.0], 7WmB0e3km6, 6517580]
[paragraph, [44.0, 314.0, 303.0, 18.0], 7WmB0e3km6, 6517580]
[paragraph, [44.0, 332.0, 303.0, 18.0], 7WmB0e3km6, 6517580]
[paragraph, [44.0, 350.0, 303.0, 18.0], 7WmB0e3km6, 6517580]
[paragraph, [44.0, 368.0, 303.0, 18.0], 7WmB0e3km6, 6517580]
[paragraph, [40.0, 397.0, 306.0, 18.0], eRkQb3pFPX, 6517580]
[paragraph, [40.0, 415.0, 306.0, 18.0], eRkQb3pFPX, 6517580]
[paragraph, [48.0, 445.0, 296.0, 18.0], U7jF1JyFF5, 6517580]
[paragraph, [48.0, 463.0, 296.0, 18.0], U7jF1JyFF5, 6517580]
[paragraph, [48.0, 481.0, 296.0, 18.0], U7jF1JyFF5, 6517580]
[paragraph, [48.0, 499.0, 296.0, 18.0], U7jF1JyFF5, 6517580]
[paragraph, [48.0, 517.0, 296.0, 18.0], U7jF1JyFF5, 6517580]
