[590, 396]
[paragraph, [60.0, 51.0, 299.0, 18.0], SedqjlOY7h, 6514180]
[paragraph, [60.0, 69.0, 299.0, 18.0], SedqjlOY7h, 6514180]
[paragraph, [60.0, 87.0, 299.0, 18.0], SedqjlOY7h, 6514180]
[paragraph, [65.0, 113.0, 297.0, 18.0], 68HyD5HoiH, 6514180]
[paragraph, [65.0, 131.0, 297.0, 18.0], 68HyD5HoiH, 6514180]
[paragraph, [65.0, 149.0, 297.0, 18.0], 68HyD5HoiH, 6514180]
[paragraph, [65.0, 167.0, 297.0, 18.0], 68HyD5HoiH, 6514180]
[paragraph, [65.0, 185.0, 297.0, 18.0], 68HyD5HoiH, 6514180]
[paragraph, [65.0, 203.0, 297.0, 18.0], 68HyD5HoiH, 6514180]
[paragraph, [66.0, 239.0, 297.0, 18.0], 5o7W_cg1qj, 6514180]
[paragraph, [66.0, 257.0, 297.0, 18.0], 5o7W_cg1qj, 6514180]
[paragraph, [66.0, 275.0, 297.0, 18.0], 5o7W_cg1qj, 6514180]
[paragraph, [66.0, 293.0, 297.0, 18.0], 5o7W_cg1qj, 6514180]
[paragraph, [66.0, 311.0, 297.0, 18.0], 5o7W_cg1qj, 6514180]
[paragraph, [66.0, 329.0, 297.0, 18.0], 5o7W_cg1qj, 6514180]
[paragraph, [66.0, 347.0, 297.0, 18.0], 5o7W_cg1qj, 6514180]
[paragraph, [66.0, 365.0, 297.0, 18.0], 5o7W_cg1qj, 6514180]
[paragraph, [66.0, 383.0, 297.0, 18.0], 5o7W_cg1qj, 6514180]
[paragraph, [66.0, 401.0, 297.0, 18.0], 5o7W_cg1qj, 6514180]
[paragraph, [66.0, 419.0, 297.0, 18.0], 5o7W_cg1qj, 6514180]
[paragraph, [63.0, 444.0, 308.0, 18.0], KD9DqQs6fL, 6514180]
[paragraph, [63.0, 462.0, 308.0, 18.0], KD9DqQs6fL, 6514180]
[paragraph, [63.0, 480.0, 308.0, 18.0], KD9DqQs6fL, 6514180]
[folio, [86.0, 536.0, 52.0, 18.0], Y1XTkGrDXr, 6514180]
