[612, 396]
[paragraph, [37.0, 60.0, 321.0, 18.0], u3uNA_QtzB, 6517279]
[paragraph, [37.0, 78.0, 321.0, 18.0], u3uNA_QtzB, 6517279]
[paragraph, [37.0, 96.0, 321.0, 18.0], u3uNA_QtzB, 6517279]
[paragraph, [36.0, 149.0, 324.0, 18.0], 1r8_GvsZWW, 6517279]
[paragraph, [36.0, 167.0, 324.0, 18.0], 1r8_GvsZWW, 6517279]
[paragraph, [36.0, 185.0, 324.0, 18.0], 1r8_GvsZWW, 6517279]
[paragraph, [36.0, 203.0, 324.0, 18.0], 1r8_GvsZWW, 6517279]
[paragraph, [36.0, 221.0, 324.0, 18.0], 1r8_GvsZWW, 6517279]
[paragraph, [36.0, 239.0, 324.0, 18.0], 1r8_GvsZWW, 6517279]
[paragraph, [36.0, 257.0, 324.0, 18.0], 1r8_GvsZWW, 6517279]
[paragraph, [36.0, 275.0, 324.0, 18.0], 1r8_GvsZWW, 6517279]
[paragraph, [36.0, 293.0, 324.0, 18.0], 1r8_GvsZWW, 6517279]
[paragraph, [36.0, 311.0, 324.0, 18.0], 1r8_GvsZWW, 6517279]
[paragraph, [36.0, 329.0, 324.0, 18.0], 1r8_GvsZWW, 6517279]
[paragraph, [36.0, 347.0, 324.0, 18.0], 1r8_GvsZWW, 6517279]
[paragraph, [36.0, 365.0, 324.0, 18.0], 1r8_GvsZWW, 6517279]
[paragraph, [36.0, 383.0, 324.0, 18.0], 1r8_GvsZWW, 6517279]
[paragraph, [36.0, 401.0, 324.0, 18.0], 1r8_GvsZWW, 6517279]
[paragraph, [36.0, 419.0, 324.0, 18.0], 1r8_GvsZWW, 6517279]
[paragraph, [36.0, 437.0, 324.0, 18.0], 1r8_GvsZWW, 6517279]
[paragraph, [36.0, 455.0, 324.0, 18.0], 1r8_GvsZWW, 6517279]
[paragraph, [36.0, 473.0, 324.0, 18.0], 1r8_GvsZWW, 6517279]
[paragraph, [36.0, 491.0, 324.0, 18.0], 1r8_GvsZWW, 6517279]
[paragraph, [36.0, 509.0, 324.0, 18.0], 1r8_GvsZWW, 6517279]
[paragraph, [36.0, 527.0, 324.0, 18.0], 1r8_GvsZWW, 6517279]
[paragraph, [36.0, 545.0, 324.0, 18.0], 1r8_GvsZWW, 6517279]
