[792, 612]
[folio, [399.0, 47.0, 77.0, 18.0], TVlwctm-zf, 6515034]
[paragraph, [206.0, 79.0, 268.0, 18.0], rlNotAo4gs, 6515034]
[paragraph, [206.0, 97.0, 268.0, 18.0], rlNotAo4gs, 6515034]
[paragraph, [172.0, 135.0, 301.0, 18.0], y_IpnP37ro, 6515034]
[paragraph, [175.0, 171.0, 298.0, 18.0], Rl9xKVinat, 6515034]
[paragraph, [174.0, 207.0, 299.0, 18.0], shoonya_0sOEP32I3OEOGD, 6515034]
[paragraph, [173.0, 245.0, 303.0, 18.0], o6yH09Ibh5, 6515034]
[paragraph, [173.0, 263.0, 303.0, 18.0], o6yH09Ibh5, 6515034]
[paragraph, [173.0, 281.0, 303.0, 18.0], o6yH09Ibh5, 6515034]
[paragraph, [173.0, 299.0, 303.0, 18.0], o6yH09Ibh5, 6515034]
[paragraph, [173.0, 317.0, 303.0, 18.0], o6yH09Ibh5, 6515034]
[paragraph, [173.0, 335.0, 303.0, 18.0], o6yH09Ibh5, 6515034]
[paragraph, [173.0, 353.0, 303.0, 18.0], o6yH09Ibh5, 6515034]
[paragraph, [173.0, 371.0, 303.0, 18.0], o6yH09Ibh5, 6515034]
[paragraph, [173.0, 389.0, 303.0, 18.0], o6yH09Ibh5, 6515034]
[paragraph, [173.0, 407.0, 303.0, 18.0], o6yH09Ibh5, 6515034]
[paragraph, [173.0, 425.0, 303.0, 18.0], o6yH09Ibh5, 6515034]
[paragraph, [173.0, 443.0, 303.0, 18.0], o6yH09Ibh5, 6515034]
[paragraph, [172.0, 471.0, 303.0, 18.0], 1gdBMmIv-e, 6515034]
[paragraph, [172.0, 489.0, 303.0, 18.0], 1gdBMmIv-e, 6515034]
[paragraph, [172.0, 507.0, 303.0, 18.0], 1gdBMmIv-e, 6515034]
