[576, 360]
[paragraph, [28.0, 56.0, 304.0, 18.0], gp4WRHxQ4q, 6517289]
[paragraph, [28.0, 74.0, 304.0, 18.0], gp4WRHxQ4q, 6517289]
[paragraph, [28.0, 92.0, 304.0, 18.0], gp4WRHxQ4q, 6517289]
[paragraph, [32.0, 125.0, 294.0, 18.0], oe7Z_BD17s, 6517289]
[paragraph, [32.0, 143.0, 294.0, 18.0], oe7Z_BD17s, 6517289]
[paragraph, [32.0, 161.0, 294.0, 18.0], oe7Z_BD17s, 6517289]
[paragraph, [32.0, 179.0, 294.0, 18.0], oe7Z_BD17s, 6517289]
[paragraph, [32.0, 197.0, 294.0, 18.0], oe7Z_BD17s, 6517289]
[paragraph, [32.0, 215.0, 294.0, 18.0], oe7Z_BD17s, 6517289]
[paragraph, [32.0, 233.0, 294.0, 18.0], oe7Z_BD17s, 6517289]
[paragraph, [32.0, 251.0, 294.0, 18.0], oe7Z_BD17s, 6517289]
[paragraph, [32.0, 269.0, 294.0, 18.0], oe7Z_BD17s, 6517289]
[paragraph, [32.0, 287.0, 294.0, 18.0], oe7Z_BD17s, 6517289]
[paragraph, [32.0, 305.0, 294.0, 18.0], oe7Z_BD17s, 6517289]
[paragraph, [32.0, 323.0, 294.0, 18.0], oe7Z_BD17s, 6517289]
[paragraph, [32.0, 341.0, 294.0, 18.0], oe7Z_BD17s, 6517289]
[paragraph, [23.0, 363.0, 308.0, 18.0], u23vNsU3Vg, 6517289]
[paragraph, [23.0, 381.0, 308.0, 18.0], u23vNsU3Vg, 6517289]
[paragraph, [23.0, 399.0, 308.0, 18.0], u23vNsU3Vg, 6517289]
[paragraph, [23.0, 417.0, 308.0, 18.0], u23vNsU3Vg, 6517289]
[paragraph, [23.0, 435.0, 308.0, 18.0], u23vNsU3Vg, 6517289]
[paragraph, [23.0, 453.0, 308.0, 18.0], u23vNsU3Vg, 6517289]
[paragraph, [23.0, 471.0, 308.0, 18.0], u23vNsU3Vg, 6517289]
[paragraph, [23.0, 489.0, 308.0, 18.0], u23vNsU3Vg, 6517289]
[paragraph, [23.0, 507.0, 308.0, 18.0], u23vNsU3Vg, 6517289]
