[792, 612]
[paragraph, [173.0, 78.0, 296.0, 18.0], LiTiav9G22, 6515046]
[paragraph, [173.0, 96.0, 296.0, 18.0], LiTiav9G22, 6515046]
[paragraph, [172.0, 134.0, 299.0, 18.0], 7YPY3W6nt5, 6515046]
[paragraph, [172.0, 152.0, 299.0, 18.0], 7YPY3W6nt5, 6515046]
[paragraph, [172.0, 170.0, 299.0, 18.0], 7YPY3W6nt5, 6515046]
[paragraph, [172.0, 188.0, 299.0, 18.0], 7YPY3W6nt5, 6515046]
[paragraph, [175.0, 225.0, 297.0, 18.0], Y8vU3BXSG6, 6515046]
[paragraph, [175.0, 243.0, 297.0, 18.0], Y8vU3BXSG6, 6515046]
[paragraph, [175.0, 261.0, 297.0, 18.0], Y8vU3BXSG6, 6515046]
[paragraph, [175.0, 279.0, 297.0, 18.0], Y8vU3BXSG6, 6515046]
[paragraph, [175.0, 297.0, 297.0, 18.0], Y8vU3BXSG6, 6515046]
[paragraph, [175.0, 315.0, 297.0, 18.0], Y8vU3BXSG6, 6515046]
[paragraph, [175.0, 333.0, 297.0, 18.0], Y8vU3BXSG6, 6515046]
[paragraph, [175.0, 351.0, 297.0, 18.0], Y8vU3BXSG6, 6515046]
[paragraph, [174.0, 376.0, 297.0, 18.0], hjXKFEYLvt, 6515046]
[quote, [206.0, 412.0, 268.0, 18.0], joc7J-3zMs, 6515046]
[quote, [206.0, 430.0, 268.0, 18.0], joc7J-3zMs, 6515046]
[quote, [207.0, 489.0, 266.0, 18.0], f4EJ6vjdiX, 6515046]
[quote, [207.0, 507.0, 266.0, 18.0], f4EJ6vjdiX, 6515046]
