[595, 397]
[folio, [150.0, 18.0, 98.0, 18.0], 1aufCTpFPE, 6515469]
[paragraph, [41.0, 46.0, 312.0, 18.0], shoonya_0sFMZ1MQ6N2YT8, 6515469]
[paragraph, [41.0, 64.0, 312.0, 18.0], shoonya_0sFMZ1MQ6N2YT8, 6515469]
[paragraph, [41.0, 82.0, 312.0, 18.0], shoonya_0sFMZ1MQ6N2YT8, 6515469]
[paragraph, [37.0, 105.0, 319.0, 18.0], 4JKWND9O0k, 6515469]
[paragraph, [37.0, 123.0, 319.0, 18.0], 4JKWND9O0k, 6515469]
[paragraph, [37.0, 141.0, 319.0, 18.0], 4JKWND9O0k, 6515469]
[paragraph, [37.0, 159.0, 319.0, 18.0], 4JKWND9O0k, 6515469]
[paragraph, [37.0, 177.0, 319.0, 18.0], 4JKWND9O0k, 6515469]
[paragraph, [37.0, 195.0, 319.0, 18.0], 4JKWND9O0k, 6515469]
[paragraph, [37.0, 213.0, 319.0, 18.0], 4JKWND9O0k, 6515469]
[paragraph, [37.0, 231.0, 319.0, 18.0], 4JKWND9O0k, 6515469]
[paragraph, [37.0, 249.0, 319.0, 18.0], 4JKWND9O0k, 6515469]
[paragraph, [37.0, 267.0, 319.0, 18.0], 4JKWND9O0k, 6515469]
[paragraph, [37.0, 285.0, 319.0, 18.0], 4JKWND9O0k, 6515469]
[paragraph, [37.0, 303.0, 319.0, 18.0], 4JKWND9O0k, 6515469]
[paragraph, [37.0, 321.0, 319.0, 18.0], 4JKWND9O0k, 6515469]
[paragraph, [37.0, 339.0, 319.0, 18.0], 4JKWND9O0k, 6515469]
[paragraph, [41.0, 363.0, 313.0, 18.0], _wc1fz0O4F, 6515469]
[paragraph, [41.0, 381.0, 313.0, 18.0], _wc1fz0O4F, 6515469]
[paragraph, [41.0, 399.0, 313.0, 18.0], _wc1fz0O4F, 6515469]
[paragraph, [41.0, 417.0, 313.0, 18.0], _wc1fz0O4F, 6515469]
[paragraph, [41.0, 435.0, 313.0, 18.0], _wc1fz0O4F, 6515469]
[paragraph, [41.0, 453.0, 313.0, 18.0], _wc1fz0O4F, 6515469]
[paragraph, [41.0, 471.0, 313.0, 18.0], _wc1fz0O4F, 6515469]
[paragraph, [41.0, 489.0, 313.0, 18.0], _wc1fz0O4F, 6515469]
[paragraph, [41.0, 507.0, 313.0, 18.0], _wc1fz0O4F, 6515469]
[paragraph, [41.0, 525.0, 313.0, 18.0], _wc1fz0O4F, 6515469]
