[3300, 2550]
[paragraph, [233.0, 265.0, 2042.0, 52.5], shoonya_1sI2LH2P1BWSTX, 5720593]
[paragraph, [233.0, 317.5, 2042.0, 52.5], shoonya_1sI2LH2P1BWSTX, 5720593]
[paragraph, [233.0, 370.0, 2042.0, 52.5], shoonya_1sI2LH2P1BWSTX, 5720593]
[paragraph, [255.0, 501.0, 2052.0, 52.5], 83cv2d9p_1, 5720593]
[paragraph, [255.0, 553.5, 2052.0, 52.5], 83cv2d9p_1, 5720593]
[paragraph, [255.0, 606.0, 2052.0, 52.5], 83cv2d9p_1, 5720593]
[paragraph, [255.0, 658.5, 2052.0, 52.5], 83cv2d9p_1, 5720593]
[paragraph, [255.0, 711.0, 2052.0, 52.5], 83cv2d9p_1, 5720593]
[paragraph, [255.0, 763.5, 2052.0, 52.5], 83cv2d9p_1, 5720593]
[paragraph, [255.0, 816.0, 2052.0, 52.5], 83cv2d9p_1, 5720593]
[paragraph, [255.0, 868.5, 2052.0, 52.5], 83cv2d9p_1, 5720593]
[paragraph, [255.0, 921.0, 2052.0, 52.5], 83cv2d9p_1, 5720593]
[paragraph, [255.0, 973.5, 2052.0, 52.5], 83cv2d9p_1, 5720593]
[paragraph, [255.0, 1026.0, 2052.0, 52.5], 83cv2d9p_1, 5720593]
[paragraph, [255.0, 1078.5, 2052.0, 52.5], 83cv2d9p_1, 5720593]
[paragraph, [255.0, 1131.0, 2052.0, 52.5], 83cv2d9p_1, 5720593]
[paragraph, [255.0, 1183.5, 2052.0, 52.5], 83cv2d9p_1, 5720593]
[paragraph, [255.0, 1236.0, 2052.0, 52.5], 83cv2d9p_1, 5720593]
[paragraph, [255.0, 1288.5, 2052.0, 52.5], 83cv2d9p_1, 5720593]
[paragraph, [255.0, 1341.0, 2052.0, 52.5], 83cv2d9p_1, 5720593]
[paragraph, [255.0, 1393.5, 2052.0, 52.5], 83cv2d9p_1, 5720593]
[paragraph, [255.0, 1446.0, 2052.0, 52.5], 83cv2d9p_1, 5720593]
[paragraph, [255.0, 1498.5, 2052.0, 52.5], 83cv2d9p_1, 5720593]
[paragraph, [255.0, 1551.0, 2052.0, 52.5], 83cv2d9p_1, 5720593]
[paragraph, [255.0, 1603.5, 2052.0, 52.5], 83cv2d9p_1, 5720593]
[paragraph, [255.0, 1656.0, 2052.0, 52.5], 83cv2d9p_1, 5720593]
[paragraph, [255.0, 1708.5, 2052.0, 52.5], 83cv2d9p_1, 5720593]
[paragraph, [255.0, 1761.0, 2052.0, 52.5], 83cv2d9p_1, 5720593]
[paragraph, [255.0, 1813.5, 2052.0, 52.5], 83cv2d9p_1, 5720593]
[paragraph, [255.0, 1866.0, 2052.0, 52.5], 83cv2d9p_1, 5720593]
[paragraph, [255.0, 1918.5, 2052.0, 52.5], 83cv2d9p_1, 5720593]
[paragraph, [255.0, 1971.0, 2052.0, 52.5], 83cv2d9p_1, 5720593]
[paragraph, [255.0, 2023.5, 2052.0, 52.5], 83cv2d9p_1, 5720593]
[paragraph, [255.0, 2076.0, 2052.0, 52.5], 83cv2d9p_1, 5720593]
[paragraph, [255.0, 2128.5, 2052.0, 52.5], 83cv2d9p_1, 5720593]
[paragraph, [255.0, 2181.0, 2052.0, 52.5], 83cv2d9p_1, 5720593]
[paragraph, [255.0, 2233.5, 2052.0, 52.5], 83cv2d9p_1, 5720593]
[paragraph, [255.0, 2286.0, 2052.0, 52.5], 83cv2d9p_1, 5720593]
[paragraph, [255.0, 2338.5, 2052.0, 52.5], 83cv2d9p_1, 5720593]
[paragraph, [255.0, 2391.0, 2052.0, 52.5], 83cv2d9p_1, 5720593]
[paragraph, [255.0, 2443.5, 2052.0, 52.5], 83cv2d9p_1, 5720593]
[paragraph, [255.0, 2496.0, 2052.0, 52.5], 83cv2d9p_1, 5720593]
[paragraph, [255.0, 2548.5, 2052.0, 52.5], 83cv2d9p_1, 5720593]
[paragraph, [255.0, 2601.0, 2052.0, 52.5], 83cv2d9p_1, 5720593]
[paragraph, [255.0, 2653.5, 2052.0, 52.5], 83cv2d9p_1, 5720593]
[paragraph, [255.0, 2706.0, 2052.0, 52.5], 83cv2d9p_1, 5720593]
[paragraph, [255.0, 2758.5, 2052.0, 52.5], 83cv2d9p_1, 5720593]
[paragraph, [255.0, 2811.0, 2052.0, 52.5], 83cv2d9p_1, 5720593]
[paragraph, [255.0, 2863.5, 2052.0, 52.5], 83cv2d9p_1, 5720593]
[paragraph, [255.0, 2916.0, 2052.0, 52.5], 83cv2d9p_1, 5720593]
