[576, 360]
[paragraph, [27.0, 63.0, 305.0, 18.0], shoonya_0sC54UP26M42QD, 6516384]
[paragraph, [27.0, 81.0, 305.0, 18.0], shoonya_0sC54UP26M42QD, 6516384]
[paragraph, [27.0, 99.0, 305.0, 18.0], shoonya_0sC54UP26M42QD, 6516384]
[paragraph, [27.0, 117.0, 305.0, 18.0], shoonya_0sC54UP26M42QD, 6516384]
[paragraph, [27.0, 169.0, 304.0, 18.0], _4tQgA02dI, 6516384]
[paragraph, [27.0, 187.0, 304.0, 18.0], _4tQgA02dI, 6516384]
[paragraph, [27.0, 205.0, 304.0, 18.0], _4tQgA02dI, 6516384]
[paragraph, [27.0, 223.0, 304.0, 18.0], _4tQgA02dI, 6516384]
[paragraph, [27.0, 241.0, 304.0, 18.0], _4tQgA02dI, 6516384]
[paragraph, [27.0, 259.0, 304.0, 18.0], _4tQgA02dI, 6516384]
[paragraph, [27.0, 277.0, 304.0, 18.0], _4tQgA02dI, 6516384]
[paragraph, [27.0, 295.0, 304.0, 18.0], _4tQgA02dI, 6516384]
[paragraph, [27.0, 313.0, 304.0, 18.0], _4tQgA02dI, 6516384]
[paragraph, [27.0, 331.0, 304.0, 18.0], _4tQgA02dI, 6516384]
[paragraph, [27.0, 349.0, 304.0, 18.0], _4tQgA02dI, 6516384]
[paragraph, [27.0, 367.0, 304.0, 18.0], _4tQgA02dI, 6516384]
[paragraph, [27.0, 385.0, 304.0, 18.0], _4tQgA02dI, 6516384]
[paragraph, [27.0, 403.0, 304.0, 18.0], _4tQgA02dI, 6516384]
[paragraph, [27.0, 421.0, 304.0, 18.0], _4tQgA02dI, 6516384]
[paragraph, [27.0, 439.0, 304.0, 18.0], _4tQgA02dI, 6516384]
[paragraph, [27.0, 457.0, 304.0, 18.0], _4tQgA02dI, 6516384]
[paragraph, [27.0, 475.0, 304.0, 18.0], _4tQgA02dI, 6516384]
[paragraph, [27.0, 493.0, 304.0, 18.0], _4tQgA02dI, 6516384]
