[3300, 2550]
[paragraph, [281.0, 273.0, 1995.0, 52.5], shoonya_1sZV4KSZS6MLNK, 5720486]
[paragraph, [281.0, 325.5, 1995.0, 52.5], shoonya_1sZV4KSZS6MLNK, 5720486]
[paragraph, [281.0, 378.0, 1995.0, 52.5], shoonya_1sZV4KSZS6MLNK, 5720486]
[paragraph, [281.0, 430.5, 1995.0, 52.5], shoonya_1sZV4KSZS6MLNK, 5720486]
[paragraph, [267.0, 564.0, 2017.0, 52.5], Y6-W6IXmgh, 5720486]
[paragraph, [267.0, 616.5, 2017.0, 52.5], Y6-W6IXmgh, 5720486]
[paragraph, [267.0, 669.0, 2017.0, 52.5], Y6-W6IXmgh, 5720486]
[paragraph, [267.0, 721.5, 2017.0, 52.5], Y6-W6IXmgh, 5720486]
[paragraph, [267.0, 774.0, 2017.0, 52.5], Y6-W6IXmgh, 5720486]
[paragraph, [267.0, 826.5, 2017.0, 52.5], Y6-W6IXmgh, 5720486]
[paragraph, [267.0, 879.0, 2017.0, 52.5], Y6-W6IXmgh, 5720486]
[paragraph, [267.0, 931.5, 2017.0, 52.5], Y6-W6IXmgh, 5720486]
[paragraph, [267.0, 984.0, 2017.0, 52.5], Y6-W6IXmgh, 5720486]
[paragraph, [267.0, 1036.5, 2017.0, 52.5], Y6-W6IXmgh, 5720486]
[paragraph, [267.0, 1089.0, 2017.0, 52.5], Y6-W6IXmgh, 5720486]
[paragraph, [267.0, 1141.5, 2017.0, 52.5], Y6-W6IXmgh, 5720486]
[paragraph, [267.0, 1194.0, 2017.0, 52.5], Y6-W6IXmgh, 5720486]
[paragraph, [267.0, 1246.5, 2017.0, 52.5], Y6-W6IXmgh, 5720486]
[paragraph, [267.0, 1299.0, 2017.0, 52.5], Y6-W6IXmgh, 5720486]
[paragraph, [267.0, 1351.5, 2017.0, 52.5], Y6-W6IXmgh, 5720486]
[paragraph, [267.0, 1404.0, 2017.0, 52.5], Y6-W6IXmgh, 5720486]
[paragraph, [267.0, 1456.5, 2017.0, 52.5], Y6-W6IXmgh, 5720486]
[paragraph, [267.0, 1509.0, 2017.0, 52.5], Y6-W6IXmgh, 5720486]
[paragraph, [267.0, 1561.5, 2017.0, 52.5], Y6-W6IXmgh, 5720486]
[paragraph, [267.0, 1614.0, 2017.0, 52.5], Y6-W6IXmgh, 5720486]
[paragraph, [267.0, 1666.5, 2017.0, 52.5], Y6-W6IXmgh, 5720486]
[paragraph, [267.0, 1719.0, 2017.0, 52.5], Y6-W6IXmgh, 5720486]
[paragraph, [267.0, 1771.5, 2017.0, 52.5], Y6-W6IXmgh, 5720486]
[paragraph, [267.0, 1824.0, 2017.0, 52.5], Y6-W6IXmgh, 5720486]
[paragraph, [267.0, 1876.5, 2017.0, 52.5], Y6-W6IXmgh, 5720486]
[paragraph, [267.0, 1929.0, 2017.0, 52.5], Y6-W6IXmgh, 5720486]
[paragraph, [267.0, 1981.5, 2017.0, 52.5], Y6-W6IXmgh, 5720486]
[paragraph, [267.0, 2034.0, 2017.0, 52.5], Y6-W6IXmgh, 5720486]
[paragraph, [267.0, 2086.5, 2017.0, 52.5], Y6-W6IXmgh, 5720486]
[paragraph, [267.0, 2139.0, 2017.0, 52.5], Y6-W6IXmgh, 5720486]
[paragraph, [267.0, 2191.5, 2017.0, 52.5], Y6-W6IXmgh, 5720486]
[paragraph, [267.0, 2244.0, 2017.0, 52.5], Y6-W6IXmgh, 5720486]
[paragraph, [267.0, 2296.5, 2017.0, 52.5], Y6-W6IXmgh, 5720486]
[paragraph, [267.0, 2349.0, 2017.0, 52.5], Y6-W6IXmgh, 5720486]
[paragraph, [267.0, 2401.5, 2017.0, 52.5], Y6-W6IXmgh, 5720486]
[paragraph, [267.0, 2454.0, 2017.0, 52.5], Y6-W6IXmgh, 5720486]
[paragraph, [267.0, 2506.5, 2017.0, 52.5], Y6-W6IXmgh, 5720486]
[paragraph, [267.0, 2559.0, 2017.0, 52.5], Y6-W6IXmgh, 5720486]
[paragraph, [267.0, 2611.5, 2017.0, 52.5], Y6-W6IXmgh, 5720486]
[paragraph, [267.0, 2664.0, 2017.0, 52.5], Y6-W6IXmgh, 5720486]
[paragraph, [267.0, 2716.5, 2017.0, 52.5], Y6-W6IXmgh, 5720486]
[paragraph, [267.0, 2769.0, 2017.0, 52.5], Y6-W6IXmgh, 5720486]
[paragraph, [267.0, 2821.5, 2017.0, 52.5], Y6-W6IXmgh, 5720486]
