[590, 396]
[paragraph, [65.0, 55.0, 301.0, 18.0], t3iG8-bWU7, 6514199]
[paragraph, [65.0, 73.0, 301.0, 18.0], t3iG8-bWU7, 6514199]
[paragraph, [65.0, 91.0, 301.0, 18.0], t3iG8-bWU7, 6514199]
[paragraph, [65.0, 109.0, 301.0, 18.0], t3iG8-bWU7, 6514199]
[paragraph, [64.0, 131.0, 299.0, 18.0], 7Xz3K-lKKm, 6514199]
[paragraph, [64.0, 149.0, 299.0, 18.0], 7Xz3K-lKKm, 6514199]
[paragraph, [64.0, 167.0, 299.0, 18.0], 7Xz3K-lKKm, 6514199]
[paragraph, [64.0, 185.0, 299.0, 18.0], 7Xz3K-lKKm, 6514199]
[paragraph, [64.0, 203.0, 299.0, 18.0], 7Xz3K-lKKm, 6514199]
[paragraph, [64.0, 221.0, 299.0, 18.0], 7Xz3K-lKKm, 6514199]
[paragraph, [64.0, 239.0, 299.0, 18.0], 7Xz3K-lKKm, 6514199]
[paragraph, [64.0, 280.0, 294.0, 18.0], v2T0-s6mNN, 6514199]
[paragraph, [64.0, 298.0, 294.0, 18.0], v2T0-s6mNN, 6514199]
[paragraph, [62.0, 337.0, 299.0, 18.0], myR2MBJ2-0, 6514199]
[paragraph, [62.0, 355.0, 299.0, 18.0], myR2MBJ2-0, 6514199]
[paragraph, [62.0, 373.0, 299.0, 18.0], myR2MBJ2-0, 6514199]
[paragraph, [62.0, 391.0, 299.0, 18.0], myR2MBJ2-0, 6514199]
[paragraph, [64.0, 432.0, 301.0, 18.0], zPAWlg5Keu, 6514199]
[paragraph, [64.0, 450.0, 301.0, 18.0], zPAWlg5Keu, 6514199]
[paragraph, [64.0, 468.0, 301.0, 18.0], zPAWlg5Keu, 6514199]
[paragraph, [64.0, 486.0, 301.0, 18.0], zPAWlg5Keu, 6514199]
[paragraph, [64.0, 504.0, 301.0, 18.0], zPAWlg5Keu, 6514199]
[folio, [274.0, 536.0, 70.0, 18.0], 0LcC2W3SPc, 6514199]
