[3300, 2550]
[paragraph, [347.0, 283.0, 1944.0, 52.5], 2nZ85nD8hA, 5720263]
[paragraph, [347.0, 335.5, 1944.0, 52.5], 2nZ85nD8hA, 5720263]
[paragraph, [347.0, 388.0, 1944.0, 52.5], 2nZ85nD8hA, 5720263]
[paragraph, [347.0, 440.5, 1944.0, 52.5], 2nZ85nD8hA, 5720263]
[paragraph, [347.0, 493.0, 1944.0, 52.5], 2nZ85nD8hA, 5720263]
[paragraph, [347.0, 545.5, 1944.0, 52.5], 2nZ85nD8hA, 5720263]
[paragraph, [347.0, 598.0, 1944.0, 52.5], 2nZ85nD8hA, 5720263]
[paragraph, [347.0, 650.5, 1944.0, 52.5], 2nZ85nD8hA, 5720263]
[paragraph, [347.0, 703.0, 1944.0, 52.5], 2nZ85nD8hA, 5720263]
[paragraph, [347.0, 755.5, 1944.0, 52.5], 2nZ85nD8hA, 5720263]
[paragraph, [347.0, 808.0, 1944.0, 52.5], 2nZ85nD8hA, 5720263]
[paragraph, [347.0, 860.5, 1944.0, 52.5], 2nZ85nD8hA, 5720263]
[paragraph, [347.0, 913.0, 1944.0, 52.5], 2nZ85nD8hA, 5720263]
[paragraph, [347.0, 965.5, 1944.0, 52.5], 2nZ85nD8hA, 5720263]
[paragraph, [347.0, 1018.0, 1944.0, 52.5], 2nZ85nD8hA, 5720263]
[paragraph, [347.0, 1070.5, 1944.0, 52.5], 2nZ85nD8hA, 5720263]
[paragraph, [347.0, 1123.0, 1944.0, 52.5], 2nZ85nD8hA, 5720263]
[paragraph, [347.0, 1175.5, 1944.0, 52.5], 2nZ85nD8hA, 5720263]
[paragraph, [337.0, 1316.0, 1957.0, 52.5], 0LJ7g381ld, 5720263]
[paragraph, [337.0, 1368.5, 1957.0, 52.5], 0LJ7g381ld, 5720263]
[paragraph, [337.0, 1421.0, 1957.0, 52.5], 0LJ7g381ld, 5720263]
[paragraph, [337.0, 1473.5, 1957.0, 52.5], 0LJ7g381ld, 5720263]
[paragraph, [337.0, 1526.0, 1957.0, 52.5], 0LJ7g381ld, 5720263]
[paragraph, [337.0, 1578.5, 1957.0, 52.5], 0LJ7g381ld, 5720263]
[paragraph, [337.0, 1631.0, 1957.0, 52.5], 0LJ7g381ld, 5720263]
[paragraph, [337.0, 1683.5, 1957.0, 52.5], 0LJ7g381ld, 5720263]
[paragraph, [337.0, 1736.0, 1957.0, 52.5], 0LJ7g381ld, 5720263]
[paragraph, [337.0, 1788.5, 1957.0, 52.5], 0LJ7g381ld, 5720263]
[paragraph, [337.0, 1841.0, 1957.0, 52.5], 0LJ7g381ld, 5720263]
[paragraph, [337.0, 1893.5, 1957.0, 52.5], 0LJ7g381ld, 5720263]
[paragraph, [337.0, 1946.0, 1957.0, 52.5], 0LJ7g381ld, 5720263]
[paragraph, [337.0, 1998.5, 1957.0, 52.5], 0LJ7g381ld, 5720263]
[paragraph, [337.0, 2051.0, 1957.0, 52.5], 0LJ7g381ld, 5720263]
[paragraph, [337.0, 2103.5, 1957.0, 52.5], 0LJ7g381ld, 5720263]
[paragraph, [337.0, 2156.0, 1957.0, 52.5], 0LJ7g381ld, 5720263]
[paragraph, [337.0, 2208.5, 1957.0, 52.5], 0LJ7g381ld, 5720263]
[paragraph, [337.0, 2261.0, 1957.0, 52.5], 0LJ7g381ld, 5720263]
[paragraph, [337.0, 2313.5, 1957.0, 52.5], 0LJ7g381ld, 5720263]
[paragraph, [337.0, 2366.0, 1957.0, 52.5], 0LJ7g381ld, 5720263]
[paragraph, [337.0, 2418.5, 1957.0, 52.5], 0LJ7g381ld, 5720263]
[paragraph, [337.0, 2471.0, 1957.0, 52.5], 0LJ7g381ld, 5720263]
[paragraph, [337.0, 2523.5, 1957.0, 52.5], 0LJ7g381ld, 5720263]
[paragraph, [337.0, 2576.0, 1957.0, 52.5], 0LJ7g381ld, 5720263]
[paragraph, [337.0, 2628.5, 1957.0, 52.5], 0LJ7g381ld, 5720263]
[paragraph, [337.0, 2681.0, 1957.0, 52.5], 0LJ7g381ld, 5720263]
[paragraph, [337.0, 2733.5, 1957.0, 52.5], 0LJ7g381ld, 5720263]
[paragraph, [337.0, 2786.0, 1957.0, 52.5], 0LJ7g381ld, 5720263]
[paragraph, [337.0, 2838.5, 1957.0, 52.5], 0LJ7g381ld, 5720263]
[paragraph, [337.0, 2891.0, 1957.0, 52.5], 0LJ7g381ld, 5720263]
