[2200, 1700]
[paragraph, [278.0, 91.0, 1091.0, 36.0], shoonya_2s6W94KN3FMKRI, 5731066]
[paragraph, [278.0, 127.0, 1091.0, 36.0], shoonya_2s6W94KN3FMKRI, 5731066]
[paragraph, [278.0, 163.0, 1091.0, 36.0], shoonya_2s6W94KN3FMKRI, 5731066]
[answer, [277.0, 506.0, 1103.0, 36.0], shoonya_5sGCXL5YLG57UV, 5731066]
[answer, [277.0, 542.0, 1103.0, 36.0], shoonya_5sGCXL5YLG57UV, 5731066]
[answer, [277.0, 578.0, 1103.0, 36.0], shoonya_5sGCXL5YLG57UV, 5731066]
[answer, [277.0, 614.0, 1103.0, 36.0], shoonya_5sGCXL5YLG57UV, 5731066]
[answer, [399.0, 692.0, 977.0, 36.0], JN_02-Rh0v, 5731066]
[answer, [399.0, 728.0, 977.0, 36.0], JN_02-Rh0v, 5731066]
[answer, [399.0, 764.0, 977.0, 36.0], JN_02-Rh0v, 5731066]
[answer, [399.0, 800.0, 977.0, 36.0], JN_02-Rh0v, 5731066]
[answer, [399.0, 836.0, 977.0, 36.0], JN_02-Rh0v, 5731066]
[answer, [399.0, 872.0, 977.0, 36.0], JN_02-Rh0v, 5731066]
[answer, [399.0, 908.0, 977.0, 36.0], JN_02-Rh0v, 5731066]
[answer, [399.0, 944.0, 977.0, 36.0], JN_02-Rh0v, 5731066]
[answer, [399.0, 980.0, 977.0, 36.0], JN_02-Rh0v, 5731066]
[answer, [399.0, 1016.0, 977.0, 36.0], JN_02-Rh0v, 5731066]
[answer, [399.0, 1052.0, 977.0, 36.0], JN_02-Rh0v, 5731066]
[answer, [399.0, 1088.0, 977.0, 36.0], JN_02-Rh0v, 5731066]
[answer, [399.0, 1124.0, 977.0, 36.0], JN_02-Rh0v, 5731066]
[answer, [399.0, 1160.0, 977.0, 36.0], JN_02-Rh0v, 5731066]
[answer, [403.0, 1240.0, 983.0, 36.0], shoonya_1sVYAS9A1P3Y8K, 5731066]
[answer, [403.0, 1276.0, 983.0, 36.0], shoonya_1sVYAS9A1P3Y8K, 5731066]
[answer, [403.0, 1312.0, 983.0, 36.0], shoonya_1sVYAS9A1P3Y8K, 5731066]
[answer, [403.0, 1348.0, 983.0, 36.0], shoonya_1sVYAS9A1P3Y8K, 5731066]
[answer, [403.0, 1384.0, 983.0, 36.0], shoonya_1sVYAS9A1P3Y8K, 5731066]
[answer, [403.0, 1420.0, 983.0, 36.0], shoonya_1sVYAS9A1P3Y8K, 5731066]
[answer, [403.0, 1456.0, 983.0, 36.0], shoonya_1sVYAS9A1P3Y8K, 5731066]
[answer, [403.0, 1492.0, 983.0, 36.0], shoonya_1sVYAS9A1P3Y8K, 5731066]
[answer, [403.0, 1528.0, 983.0, 36.0], shoonya_1sVYAS9A1P3Y8K, 5731066]
[answer, [403.0, 1564.0, 983.0, 36.0], shoonya_1sVYAS9A1P3Y8K, 5731066]
[answer, [403.0, 1600.0, 983.0, 36.0], shoonya_1sVYAS9A1P3Y8K, 5731066]
[answer, [403.0, 1636.0, 983.0, 36.0], shoonya_1sVYAS9A1P3Y8K, 5731066]
[answer, [403.0, 1672.0, 983.0, 36.0], shoonya_1sVYAS9A1P3Y8K, 5731066]
[answer, [403.0, 1708.0, 983.0, 36.0], shoonya_1sVYAS9A1P3Y8K, 5731066]
[folio, [929.0, 2043.0, 368.0, 36.0], shoonya_6sTGW4RLF93Q2B, 5731066]
