[648, 414]
[folio, [243.0, 69.0, 92.0, 18.0], uRKcZAFXCf, 6515807]
[paragraph, [47.0, 95.0, 316.0, 18.0], xTBa1_29rk, 6515807]
[paragraph, [47.0, 113.0, 316.0, 18.0], xTBa1_29rk, 6515807]
[paragraph, [47.0, 131.0, 316.0, 18.0], xTBa1_29rk, 6515807]
[paragraph, [47.0, 149.0, 316.0, 18.0], xTBa1_29rk, 6515807]
[paragraph, [47.0, 167.0, 316.0, 18.0], xTBa1_29rk, 6515807]
[paragraph, [47.0, 185.0, 316.0, 18.0], xTBa1_29rk, 6515807]
[paragraph, [47.0, 203.0, 316.0, 18.0], xTBa1_29rk, 6515807]
[paragraph, [47.0, 221.0, 316.0, 18.0], xTBa1_29rk, 6515807]
[paragraph, [47.0, 239.0, 316.0, 18.0], xTBa1_29rk, 6515807]
[paragraph, [47.0, 257.0, 316.0, 18.0], xTBa1_29rk, 6515807]
[paragraph, [47.0, 275.0, 316.0, 18.0], xTBa1_29rk, 6515807]
[paragraph, [47.0, 293.0, 316.0, 18.0], xTBa1_29rk, 6515807]
[paragraph, [47.0, 311.0, 316.0, 18.0], xTBa1_29rk, 6515807]
[paragraph, [47.0, 329.0, 316.0, 18.0], xTBa1_29rk, 6515807]
[paragraph, [47.0, 347.0, 316.0, 18.0], xTBa1_29rk, 6515807]
[paragraph, [47.0, 365.0, 316.0, 18.0], xTBa1_29rk, 6515807]
[paragraph, [47.0, 383.0, 316.0, 18.0], xTBa1_29rk, 6515807]
[paragraph, [47.0, 401.0, 316.0, 18.0], xTBa1_29rk, 6515807]
[paragraph, [47.0, 419.0, 316.0, 18.0], xTBa1_29rk, 6515807]
[paragraph, [47.0, 437.0, 316.0, 18.0], xTBa1_29rk, 6515807]
[paragraph, [47.0, 455.0, 316.0, 18.0], xTBa1_29rk, 6515807]
[paragraph, [47.0, 473.0, 316.0, 18.0], xTBa1_29rk, 6515807]
[paragraph, [47.0, 491.0, 316.0, 18.0], xTBa1_29rk, 6515807]
[paragraph, [47.0, 509.0, 316.0, 18.0], xTBa1_29rk, 6515807]
[paragraph, [47.0, 527.0, 316.0, 18.0], xTBa1_29rk, 6515807]
[paragraph, [47.0, 545.0, 316.0, 18.0], xTBa1_29rk, 6515807]
[paragraph, [47.0, 563.0, 316.0, 18.0], xTBa1_29rk, 6515807]
