[3300, 2550]
[paragraph, [270.0, 267.0, 1997.0, 52.5], shoonya_1s6DR98OVCCFS3, 5720171]
[paragraph, [270.0, 319.5, 1997.0, 52.5], shoonya_1s6DR98OVCCFS3, 5720171]
[paragraph, [270.0, 372.0, 1997.0, 52.5], shoonya_1s6DR98OVCCFS3, 5720171]
[paragraph, [270.0, 424.5, 1997.0, 52.5], shoonya_1s6DR98OVCCFS3, 5720171]
[paragraph, [270.0, 477.0, 1997.0, 52.5], shoonya_1s6DR98OVCCFS3, 5720171]
[paragraph, [270.0, 529.5, 1997.0, 52.5], shoonya_1s6DR98OVCCFS3, 5720171]
[paragraph, [270.0, 582.0, 1997.0, 52.5], shoonya_1s6DR98OVCCFS3, 5720171]
[paragraph, [270.0, 634.5, 1997.0, 52.5], shoonya_1s6DR98OVCCFS3, 5720171]
[paragraph, [270.0, 687.0, 1997.0, 52.5], shoonya_1s6DR98OVCCFS3, 5720171]
[paragraph, [280.0, 780.0, 2011.0, 52.5], THB642rjgB, 5720171]
[paragraph, [280.0, 832.5, 2011.0, 52.5], THB642rjgB, 5720171]
[paragraph, [280.0, 885.0, 2011.0, 52.5], THB642rjgB, 5720171]
[paragraph, [280.0, 937.5, 2011.0, 52.5], THB642rjgB, 5720171]
[paragraph, [280.0, 990.0, 2011.0, 52.5], THB642rjgB, 5720171]
[paragraph, [280.0, 1042.5, 2011.0, 52.5], THB642rjgB, 5720171]
[paragraph, [280.0, 1095.0, 2011.0, 52.5], THB642rjgB, 5720171]
[paragraph, [280.0, 1147.5, 2011.0, 52.5], THB642rjgB, 5720171]
[paragraph, [280.0, 1200.0, 2011.0, 52.5], THB642rjgB, 5720171]
[paragraph, [280.0, 1252.5, 2011.0, 52.5], THB642rjgB, 5720171]
[paragraph, [280.0, 1305.0, 2011.0, 52.5], THB642rjgB, 5720171]
[paragraph, [280.0, 1357.5, 2011.0, 52.5], THB642rjgB, 5720171]
[paragraph, [280.0, 1410.0, 2011.0, 52.5], THB642rjgB, 5720171]
[paragraph, [280.0, 1462.5, 2011.0, 52.5], THB642rjgB, 5720171]
[paragraph, [280.0, 1515.0, 2011.0, 52.5], THB642rjgB, 5720171]
[paragraph, [280.0, 1567.5, 2011.0, 52.5], THB642rjgB, 5720171]
[paragraph, [280.0, 1620.0, 2011.0, 52.5], THB642rjgB, 5720171]
[paragraph, [280.0, 1672.5, 2011.0, 52.5], THB642rjgB, 5720171]
[paragraph, [280.0, 1725.0, 2011.0, 52.5], THB642rjgB, 5720171]
[paragraph, [280.0, 1777.5, 2011.0, 52.5], THB642rjgB, 5720171]
[paragraph, [280.0, 1830.0, 2011.0, 52.5], THB642rjgB, 5720171]
[paragraph, [280.0, 1882.5, 2011.0, 52.5], THB642rjgB, 5720171]
[paragraph, [280.0, 1935.0, 2011.0, 52.5], THB642rjgB, 5720171]
[paragraph, [280.0, 1987.5, 2011.0, 52.5], THB642rjgB, 5720171]
[paragraph, [280.0, 2040.0, 2011.0, 52.5], THB642rjgB, 5720171]
[paragraph, [280.0, 2092.5, 2011.0, 52.5], THB642rjgB, 5720171]
[paragraph, [280.0, 2145.0, 2011.0, 52.5], THB642rjgB, 5720171]
[paragraph, [280.0, 2197.5, 2011.0, 52.5], THB642rjgB, 5720171]
[paragraph, [280.0, 2250.0, 2011.0, 52.5], THB642rjgB, 5720171]
[paragraph, [280.0, 2302.5, 2011.0, 52.5], THB642rjgB, 5720171]
[paragraph, [280.0, 2355.0, 2011.0, 52.5], THB642rjgB, 5720171]
[paragraph, [280.0, 2407.5, 2011.0, 52.5], THB642rjgB, 5720171]
[paragraph, [280.0, 2460.0, 2011.0, 52.5], THB642rjgB, 5720171]
[paragraph, [280.0, 2512.5, 2011.0, 52.5], THB642rjgB, 5720171]
[paragraph, [280.0, 2565.0, 2011.0, 52.5], THB642rjgB, 5720171]
[paragraph, [280.0, 2617.5, 2011.0, 52.5], THB642rjgB, 5720171]
[paragraph, [280.0, 2670.0, 2011.0, 52.5], THB642rjgB, 5720171]
[paragraph, [280.0, 2722.5, 2011.0, 52.5], THB642rjgB, 5720171]
[paragraph, [280.0, 2775.0, 2011.0, 52.5], THB642rjgB, 5720171]
[paragraph, [280.0, 2827.5, 2011.0, 52.5], THB642rjgB, 5720171]
[paragraph, [280.0, 2880.0, 2011.0, 52.5], THB642rjgB, 5720171]
[paragraph, [280.0, 2932.5, 2011.0, 52.5], THB642rjgB, 5720171]
