[792, 612]
[folio, [175.0, 46.0, 53.0, 18.0], A0rR4z8ZB4, 6517298]
[paragraph, [172.0, 79.0, 299.0, 18.0], uk8s_-BIfL, 6517298]
[paragraph, [172.0, 97.0, 299.0, 18.0], uk8s_-BIfL, 6517298]
[paragraph, [167.0, 158.0, 305.0, 18.0], P40bpPaZEE, 6517298]
[paragraph, [167.0, 176.0, 305.0, 18.0], P40bpPaZEE, 6517298]
[paragraph, [210.0, 201.0, 197.0, 18.0], V53Hu9DUEh, 6517298]
[paragraph, [168.0, 222.0, 301.0, 18.0], czG9qkbMTH, 6517298]
[paragraph, [168.0, 240.0, 301.0, 18.0], czG9qkbMTH, 6517298]
[paragraph, [168.0, 276.0, 310.0, 18.0], gh-ARDRC2N, 6517298]
[paragraph, [168.0, 294.0, 310.0, 18.0], gh-ARDRC2N, 6517298]
[paragraph, [168.0, 312.0, 310.0, 18.0], gh-ARDRC2N, 6517298]
[paragraph, [168.0, 330.0, 310.0, 18.0], gh-ARDRC2N, 6517298]
[paragraph, [168.0, 348.0, 310.0, 18.0], gh-ARDRC2N, 6517298]
[paragraph, [168.0, 366.0, 310.0, 18.0], gh-ARDRC2N, 6517298]
[paragraph, [168.0, 384.0, 310.0, 18.0], gh-ARDRC2N, 6517298]
[paragraph, [213.0, 417.0, 166.0, 18.0], TAkpwz6r4N, 6517298]
[paragraph, [197.0, 436.0, 61.0, 18.0], dBU1vPcX_D, 6517298]
[paragraph, [210.0, 461.0, 173.0, 18.0], x6dP0Mf3YU, 6517298]
[paragraph, [163.0, 485.0, 309.0, 18.0], rio4yLHq04, 6517298]
[paragraph, [163.0, 503.0, 309.0, 18.0], rio4yLHq04, 6517298]
