[792, 612]
[folio, [146.0, 118.0, 104.0, 18.0], hIGSzyYqLL, 6515540]
[paragraph, [148.0, 167.0, 317.0, 18.0], 8e34RL1olM, 6515540]
[paragraph, [148.0, 185.0, 317.0, 18.0], 8e34RL1olM, 6515540]
[paragraph, [148.0, 203.0, 317.0, 18.0], 8e34RL1olM, 6515540]
[paragraph, [148.0, 221.0, 317.0, 18.0], 8e34RL1olM, 6515540]
[paragraph, [148.0, 239.0, 317.0, 18.0], 8e34RL1olM, 6515540]
[paragraph, [148.0, 257.0, 317.0, 18.0], 8e34RL1olM, 6515540]
[paragraph, [148.0, 275.0, 317.0, 18.0], 8e34RL1olM, 6515540]
[paragraph, [148.0, 293.0, 317.0, 18.0], 8e34RL1olM, 6515540]
[paragraph, [148.0, 311.0, 317.0, 18.0], 8e34RL1olM, 6515540]
[paragraph, [148.0, 329.0, 317.0, 18.0], 8e34RL1olM, 6515540]
[paragraph, [148.0, 347.0, 317.0, 18.0], 8e34RL1olM, 6515540]
[paragraph, [148.0, 365.0, 317.0, 18.0], 8e34RL1olM, 6515540]
[paragraph, [148.0, 383.0, 317.0, 18.0], 8e34RL1olM, 6515540]
[paragraph, [148.0, 401.0, 317.0, 18.0], 8e34RL1olM, 6515540]
[paragraph, [148.0, 419.0, 317.0, 18.0], 8e34RL1olM, 6515540]
[paragraph, [146.0, 463.0, 315.0, 18.0], vi1RjnbXCN, 6515540]
[paragraph, [146.0, 481.0, 315.0, 18.0], vi1RjnbXCN, 6515540]
[paragraph, [146.0, 499.0, 315.0, 18.0], vi1RjnbXCN, 6515540]
[paragraph, [146.0, 517.0, 315.0, 18.0], vi1RjnbXCN, 6515540]
[paragraph, [146.0, 535.0, 315.0, 18.0], vi1RjnbXCN, 6515540]
[paragraph, [146.0, 553.0, 315.0, 18.0], vi1RjnbXCN, 6515540]
[paragraph, [145.0, 587.0, 316.0, 18.0], 5-6q9LpWa-, 6515540]
[paragraph, [145.0, 605.0, 316.0, 18.0], 5-6q9LpWa-, 6515540]
[paragraph, [145.0, 623.0, 316.0, 18.0], 5-6q9LpWa-, 6515540]
