[576, 360]
[paragraph, [30.0, 64.0, 299.0, 18.0], shoonya_0sGCNHAJ8JIPH3, 6516897]
[paragraph, [30.0, 82.0, 299.0, 18.0], shoonya_0sGCNHAJ8JIPH3, 6516897]
[paragraph, [30.0, 100.0, 299.0, 18.0], shoonya_0sGCNHAJ8JIPH3, 6516897]
[paragraph, [29.0, 152.0, 300.0, 18.0], oh5B3oHQX_, 6516897]
[paragraph, [29.0, 170.0, 300.0, 18.0], oh5B3oHQX_, 6516897]
[paragraph, [29.0, 188.0, 300.0, 18.0], oh5B3oHQX_, 6516897]
[paragraph, [29.0, 206.0, 300.0, 18.0], oh5B3oHQX_, 6516897]
[paragraph, [29.0, 224.0, 300.0, 18.0], oh5B3oHQX_, 6516897]
[paragraph, [29.0, 242.0, 300.0, 18.0], oh5B3oHQX_, 6516897]
[paragraph, [29.0, 260.0, 300.0, 18.0], oh5B3oHQX_, 6516897]
[paragraph, [29.0, 278.0, 300.0, 18.0], oh5B3oHQX_, 6516897]
[paragraph, [29.0, 324.0, 299.0, 18.0], n2-HzL9_8M, 6516897]
[paragraph, [29.0, 342.0, 299.0, 18.0], n2-HzL9_8M, 6516897]
[paragraph, [29.0, 360.0, 299.0, 18.0], n2-HzL9_8M, 6516897]
[paragraph, [29.0, 378.0, 299.0, 18.0], n2-HzL9_8M, 6516897]
[paragraph, [29.0, 396.0, 299.0, 18.0], n2-HzL9_8M, 6516897]
[paragraph, [29.0, 414.0, 299.0, 18.0], n2-HzL9_8M, 6516897]
[paragraph, [29.0, 432.0, 299.0, 18.0], n2-HzL9_8M, 6516897]
[paragraph, [29.0, 450.0, 299.0, 18.0], n2-HzL9_8M, 6516897]
[paragraph, [29.0, 468.0, 299.0, 18.0], n2-HzL9_8M, 6516897]
[paragraph, [29.0, 486.0, 299.0, 18.0], n2-HzL9_8M, 6516897]
[paragraph, [29.0, 504.0, 299.0, 18.0], n2-HzL9_8M, 6516897]
