[1063, 680]
[paragraph, [71.0, 147.0, 543.0, 18.0], shoonya_0sV9RA1G7V3Z5X, 5739698]
[paragraph, [71.0, 165.0, 543.0, 18.0], shoonya_0sV9RA1G7V3Z5X, 5739698]
[paragraph, [71.0, 183.0, 543.0, 18.0], shoonya_0sV9RA1G7V3Z5X, 5739698]
[paragraph, [71.0, 201.0, 543.0, 18.0], shoonya_0sV9RA1G7V3Z5X, 5739698]
[paragraph, [71.0, 219.0, 543.0, 18.0], shoonya_0sV9RA1G7V3Z5X, 5739698]
[paragraph, [71.0, 237.0, 543.0, 18.0], shoonya_0sV9RA1G7V3Z5X, 5739698]
[paragraph, [71.0, 255.0, 543.0, 18.0], shoonya_0sV9RA1G7V3Z5X, 5739698]
[paragraph, [71.0, 273.0, 543.0, 18.0], shoonya_0sV9RA1G7V3Z5X, 5739698]
[paragraph, [71.0, 291.0, 543.0, 18.0], shoonya_0sV9RA1G7V3Z5X, 5739698]
[paragraph, [71.0, 309.0, 543.0, 18.0], shoonya_0sV9RA1G7V3Z5X, 5739698]
[paragraph, [62.0, 357.0, 547.0, 18.0], -SKeH0X07D, 5739698]
[paragraph, [62.0, 375.0, 547.0, 18.0], -SKeH0X07D, 5739698]
[paragraph, [62.0, 393.0, 547.0, 18.0], -SKeH0X07D, 5739698]
[paragraph, [62.0, 411.0, 547.0, 18.0], -SKeH0X07D, 5739698]
[paragraph, [62.0, 429.0, 547.0, 18.0], -SKeH0X07D, 5739698]
[paragraph, [62.0, 447.0, 547.0, 18.0], -SKeH0X07D, 5739698]
[paragraph, [62.0, 465.0, 547.0, 18.0], -SKeH0X07D, 5739698]
[paragraph, [62.0, 483.0, 547.0, 18.0], -SKeH0X07D, 5739698]
[paragraph, [62.0, 501.0, 547.0, 18.0], -SKeH0X07D, 5739698]
[paragraph, [62.0, 519.0, 547.0, 18.0], -SKeH0X07D, 5739698]
[paragraph, [62.0, 537.0, 547.0, 18.0], -SKeH0X07D, 5739698]
[paragraph, [62.0, 555.0, 547.0, 18.0], -SKeH0X07D, 5739698]
[paragraph, [62.0, 573.0, 547.0, 18.0], -SKeH0X07D, 5739698]
[paragraph, [62.0, 591.0, 547.0, 18.0], -SKeH0X07D, 5739698]
[paragraph, [62.0, 609.0, 547.0, 18.0], -SKeH0X07D, 5739698]
[paragraph, [62.0, 627.0, 547.0, 18.0], -SKeH0X07D, 5739698]
[paragraph, [62.0, 645.0, 547.0, 18.0], -SKeH0X07D, 5739698]
[paragraph, [62.0, 663.0, 547.0, 18.0], -SKeH0X07D, 5739698]
[paragraph, [62.0, 681.0, 547.0, 18.0], -SKeH0X07D, 5739698]
[paragraph, [62.0, 699.0, 547.0, 18.0], -SKeH0X07D, 5739698]
[paragraph, [62.0, 717.0, 547.0, 18.0], -SKeH0X07D, 5739698]
[paragraph, [62.0, 735.0, 547.0, 18.0], -SKeH0X07D, 5739698]
[paragraph, [62.0, 753.0, 547.0, 18.0], -SKeH0X07D, 5739698]
[paragraph, [62.0, 771.0, 547.0, 18.0], -SKeH0X07D, 5739698]
[paragraph, [62.0, 789.0, 547.0, 18.0], -SKeH0X07D, 5739698]
[paragraph, [62.0, 807.0, 547.0, 18.0], -SKeH0X07D, 5739698]
[paragraph, [62.0, 825.0, 547.0, 18.0], -SKeH0X07D, 5739698]
[paragraph, [62.0, 843.0, 547.0, 18.0], -SKeH0X07D, 5739698]
[paragraph, [62.0, 861.0, 547.0, 18.0], -SKeH0X07D, 5739698]
[paragraph, [62.0, 879.0, 547.0, 18.0], -SKeH0X07D, 5739698]
[paragraph, [62.0, 897.0, 547.0, 18.0], -SKeH0X07D, 5739698]
[paragraph, [62.0, 915.0, 547.0, 18.0], -SKeH0X07D, 5739698]
[paragraph, [62.0, 933.0, 547.0, 18.0], -SKeH0X07D, 5739698]
[paragraph, [62.0, 951.0, 547.0, 18.0], -SKeH0X07D, 5739698]
[paragraph, [62.0, 969.0, 547.0, 18.0], -SKeH0X07D, 5739698]
[footnote, [461.0, 1015.0, 179.0, 18.0], DjusrP5cAC, 5739698]
