[1063, 680]
[paragraph, [61.0, 141.0, 551.0, 18.0], 160YhtjYAV, 5739739]
[paragraph, [61.0, 159.0, 551.0, 18.0], 160YhtjYAV, 5739739]
[paragraph, [61.0, 177.0, 551.0, 18.0], 160YhtjYAV, 5739739]
[paragraph, [61.0, 195.0, 551.0, 18.0], 160YhtjYAV, 5739739]
[paragraph, [61.0, 213.0, 551.0, 18.0], 160YhtjYAV, 5739739]
[paragraph, [61.0, 231.0, 551.0, 18.0], 160YhtjYAV, 5739739]
[paragraph, [61.0, 249.0, 551.0, 18.0], 160YhtjYAV, 5739739]
[paragraph, [61.0, 267.0, 551.0, 18.0], 160YhtjYAV, 5739739]
[paragraph, [61.0, 285.0, 551.0, 18.0], 160YhtjYAV, 5739739]
[paragraph, [61.0, 303.0, 551.0, 18.0], 160YhtjYAV, 5739739]
[paragraph, [56.0, 347.0, 556.0, 18.0], Nsxcnh64Z2, 5739739]
[paragraph, [56.0, 365.0, 556.0, 18.0], Nsxcnh64Z2, 5739739]
[paragraph, [56.0, 383.0, 556.0, 18.0], Nsxcnh64Z2, 5739739]
[paragraph, [56.0, 401.0, 556.0, 18.0], Nsxcnh64Z2, 5739739]
[paragraph, [56.0, 419.0, 556.0, 18.0], Nsxcnh64Z2, 5739739]
[paragraph, [56.0, 437.0, 556.0, 18.0], Nsxcnh64Z2, 5739739]
[paragraph, [56.0, 455.0, 556.0, 18.0], Nsxcnh64Z2, 5739739]
[paragraph, [56.0, 473.0, 556.0, 18.0], Nsxcnh64Z2, 5739739]
[paragraph, [56.0, 491.0, 556.0, 18.0], Nsxcnh64Z2, 5739739]
[paragraph, [56.0, 509.0, 556.0, 18.0], Nsxcnh64Z2, 5739739]
[paragraph, [56.0, 527.0, 556.0, 18.0], Nsxcnh64Z2, 5739739]
[paragraph, [56.0, 545.0, 556.0, 18.0], Nsxcnh64Z2, 5739739]
[paragraph, [56.0, 563.0, 556.0, 18.0], Nsxcnh64Z2, 5739739]
[paragraph, [56.0, 581.0, 556.0, 18.0], Nsxcnh64Z2, 5739739]
[paragraph, [56.0, 599.0, 556.0, 18.0], Nsxcnh64Z2, 5739739]
[paragraph, [56.0, 617.0, 556.0, 18.0], Nsxcnh64Z2, 5739739]
[paragraph, [56.0, 635.0, 556.0, 18.0], Nsxcnh64Z2, 5739739]
[paragraph, [56.0, 653.0, 556.0, 18.0], Nsxcnh64Z2, 5739739]
[paragraph, [56.0, 671.0, 556.0, 18.0], Nsxcnh64Z2, 5739739]
[paragraph, [56.0, 689.0, 556.0, 18.0], Nsxcnh64Z2, 5739739]
[paragraph, [56.0, 707.0, 556.0, 18.0], Nsxcnh64Z2, 5739739]
[paragraph, [56.0, 725.0, 556.0, 18.0], Nsxcnh64Z2, 5739739]
[paragraph, [56.0, 743.0, 556.0, 18.0], Nsxcnh64Z2, 5739739]
[paragraph, [56.0, 761.0, 556.0, 18.0], Nsxcnh64Z2, 5739739]
[paragraph, [56.0, 779.0, 556.0, 18.0], Nsxcnh64Z2, 5739739]
[paragraph, [56.0, 797.0, 556.0, 18.0], Nsxcnh64Z2, 5739739]
[paragraph, [56.0, 815.0, 556.0, 18.0], Nsxcnh64Z2, 5739739]
[paragraph, [56.0, 833.0, 556.0, 18.0], Nsxcnh64Z2, 5739739]
[paragraph, [56.0, 851.0, 556.0, 18.0], Nsxcnh64Z2, 5739739]
[paragraph, [56.0, 869.0, 556.0, 18.0], Nsxcnh64Z2, 5739739]
[paragraph, [56.0, 887.0, 556.0, 18.0], Nsxcnh64Z2, 5739739]
[paragraph, [56.0, 905.0, 556.0, 18.0], Nsxcnh64Z2, 5739739]
[paragraph, [56.0, 923.0, 556.0, 18.0], Nsxcnh64Z2, 5739739]
[paragraph, [56.0, 941.0, 556.0, 18.0], Nsxcnh64Z2, 5739739]
[paragraph, [56.0, 959.0, 556.0, 18.0], Nsxcnh64Z2, 5739739]
[footnote, [445.0, 1008.0, 208.0, 18.0], uSA0lNA2F-, 5739739]
[footnote, [445.0, 1026.0, 208.0, 18.0], uSA0lNA2F-, 5739739]
