[1063, 680]
[paragraph, [64.0, 128.0, 551.0, 18.0], LFcoU054ul, 5739544]
[paragraph, [64.0, 146.0, 551.0, 18.0], LFcoU054ul, 5739544]
[paragraph, [64.0, 164.0, 551.0, 18.0], LFcoU054ul, 5739544]
[paragraph, [64.0, 182.0, 551.0, 18.0], LFcoU054ul, 5739544]
[paragraph, [64.0, 200.0, 551.0, 18.0], LFcoU054ul, 5739544]
[paragraph, [64.0, 218.0, 551.0, 18.0], LFcoU054ul, 5739544]
[paragraph, [64.0, 236.0, 551.0, 18.0], LFcoU054ul, 5739544]
[paragraph, [64.0, 254.0, 551.0, 18.0], LFcoU054ul, 5739544]
[paragraph, [64.0, 272.0, 551.0, 18.0], LFcoU054ul, 5739544]
[paragraph, [64.0, 290.0, 551.0, 18.0], LFcoU054ul, 5739544]
[paragraph, [64.0, 308.0, 551.0, 18.0], LFcoU054ul, 5739544]
[paragraph, [64.0, 326.0, 551.0, 18.0], LFcoU054ul, 5739544]
[paragraph, [64.0, 344.0, 551.0, 18.0], LFcoU054ul, 5739544]
[paragraph, [64.0, 362.0, 551.0, 18.0], LFcoU054ul, 5739544]
[paragraph, [64.0, 380.0, 551.0, 18.0], LFcoU054ul, 5739544]
[paragraph, [64.0, 398.0, 551.0, 18.0], LFcoU054ul, 5739544]
[paragraph, [64.0, 416.0, 551.0, 18.0], LFcoU054ul, 5739544]
[paragraph, [64.0, 434.0, 551.0, 18.0], LFcoU054ul, 5739544]
[paragraph, [64.0, 452.0, 551.0, 18.0], LFcoU054ul, 5739544]
[paragraph, [64.0, 470.0, 551.0, 18.0], LFcoU054ul, 5739544]
[paragraph, [64.0, 488.0, 551.0, 18.0], LFcoU054ul, 5739544]
[paragraph, [64.0, 506.0, 551.0, 18.0], LFcoU054ul, 5739544]
[paragraph, [64.0, 524.0, 551.0, 18.0], LFcoU054ul, 5739544]
[paragraph, [64.0, 542.0, 551.0, 18.0], LFcoU054ul, 5739544]
[paragraph, [64.0, 560.0, 551.0, 18.0], LFcoU054ul, 5739544]
[paragraph, [64.0, 578.0, 551.0, 18.0], LFcoU054ul, 5739544]
[paragraph, [64.0, 596.0, 551.0, 18.0], LFcoU054ul, 5739544]
[paragraph, [64.0, 614.0, 551.0, 18.0], LFcoU054ul, 5739544]
[paragraph, [64.0, 632.0, 551.0, 18.0], LFcoU054ul, 5739544]
[paragraph, [64.0, 650.0, 551.0, 18.0], LFcoU054ul, 5739544]
[paragraph, [64.0, 668.0, 551.0, 18.0], LFcoU054ul, 5739544]
[paragraph, [64.0, 686.0, 551.0, 18.0], LFcoU054ul, 5739544]
[paragraph, [64.0, 704.0, 551.0, 18.0], LFcoU054ul, 5739544]
[paragraph, [64.0, 722.0, 551.0, 18.0], LFcoU054ul, 5739544]
[paragraph, [64.0, 740.0, 551.0, 18.0], LFcoU054ul, 5739544]
[paragraph, [64.0, 758.0, 551.0, 18.0], LFcoU054ul, 5739544]
[paragraph, [64.0, 776.0, 551.0, 18.0], LFcoU054ul, 5739544]
[paragraph, [64.0, 794.0, 551.0, 18.0], LFcoU054ul, 5739544]
[paragraph, [64.0, 812.0, 551.0, 18.0], LFcoU054ul, 5739544]
[paragraph, [64.0, 830.0, 551.0, 18.0], LFcoU054ul, 5739544]
[paragraph, [64.0, 848.0, 551.0, 18.0], LFcoU054ul, 5739544]
[paragraph, [64.0, 866.0, 551.0, 18.0], LFcoU054ul, 5739544]
[paragraph, [64.0, 884.0, 551.0, 18.0], LFcoU054ul, 5739544]
[paragraph, [64.0, 902.0, 551.0, 18.0], LFcoU054ul, 5739544]
[paragraph, [64.0, 920.0, 551.0, 18.0], LFcoU054ul, 5739544]
[footnote, [453.0, 1012.0, 196.0, 18.0], 5maPlz1StB, 5739544]
[footnote, [453.0, 1030.0, 196.0, 18.0], 5maPlz1StB, 5739544]
