[1063, 680]
[paragraph, [61.0, 122.0, 537.0, 18.0], UP4POWU9lh, 5739376]
[paragraph, [61.0, 140.0, 537.0, 18.0], UP4POWU9lh, 5739376]
[paragraph, [61.0, 158.0, 537.0, 18.0], UP4POWU9lh, 5739376]
[paragraph, [61.0, 176.0, 537.0, 18.0], UP4POWU9lh, 5739376]
[paragraph, [63.0, 230.0, 549.0, 18.0], _S5Cx74_zR, 5739376]
[paragraph, [63.0, 248.0, 549.0, 18.0], _S5Cx74_zR, 5739376]
[paragraph, [63.0, 266.0, 549.0, 18.0], _S5Cx74_zR, 5739376]
[paragraph, [63.0, 284.0, 549.0, 18.0], _S5Cx74_zR, 5739376]
[paragraph, [63.0, 302.0, 549.0, 18.0], _S5Cx74_zR, 5739376]
[paragraph, [63.0, 320.0, 549.0, 18.0], _S5Cx74_zR, 5739376]
[paragraph, [63.0, 338.0, 549.0, 18.0], _S5Cx74_zR, 5739376]
[paragraph, [63.0, 356.0, 549.0, 18.0], _S5Cx74_zR, 5739376]
[paragraph, [63.0, 374.0, 549.0, 18.0], _S5Cx74_zR, 5739376]
[paragraph, [63.0, 392.0, 549.0, 18.0], _S5Cx74_zR, 5739376]
[paragraph, [63.0, 410.0, 549.0, 18.0], _S5Cx74_zR, 5739376]
[paragraph, [63.0, 428.0, 549.0, 18.0], _S5Cx74_zR, 5739376]
[paragraph, [63.0, 446.0, 549.0, 18.0], _S5Cx74_zR, 5739376]
[paragraph, [63.0, 464.0, 549.0, 18.0], _S5Cx74_zR, 5739376]
[paragraph, [63.0, 482.0, 549.0, 18.0], _S5Cx74_zR, 5739376]
[paragraph, [63.0, 500.0, 549.0, 18.0], _S5Cx74_zR, 5739376]
[paragraph, [63.0, 518.0, 549.0, 18.0], _S5Cx74_zR, 5739376]
[paragraph, [63.0, 536.0, 549.0, 18.0], _S5Cx74_zR, 5739376]
[paragraph, [63.0, 554.0, 549.0, 18.0], _S5Cx74_zR, 5739376]
[paragraph, [63.0, 572.0, 549.0, 18.0], _S5Cx74_zR, 5739376]
[paragraph, [63.0, 590.0, 549.0, 18.0], _S5Cx74_zR, 5739376]
[paragraph, [63.0, 608.0, 549.0, 18.0], _S5Cx74_zR, 5739376]
[paragraph, [63.0, 626.0, 549.0, 18.0], _S5Cx74_zR, 5739376]
[paragraph, [63.0, 644.0, 549.0, 18.0], _S5Cx74_zR, 5739376]
[paragraph, [63.0, 662.0, 549.0, 18.0], _S5Cx74_zR, 5739376]
[paragraph, [63.0, 680.0, 549.0, 18.0], _S5Cx74_zR, 5739376]
[paragraph, [63.0, 698.0, 549.0, 18.0], _S5Cx74_zR, 5739376]
[paragraph, [63.0, 716.0, 549.0, 18.0], _S5Cx74_zR, 5739376]
[paragraph, [63.0, 734.0, 549.0, 18.0], _S5Cx74_zR, 5739376]
[paragraph, [63.0, 752.0, 549.0, 18.0], _S5Cx74_zR, 5739376]
[paragraph, [63.0, 770.0, 549.0, 18.0], _S5Cx74_zR, 5739376]
[paragraph, [63.0, 788.0, 549.0, 18.0], _S5Cx74_zR, 5739376]
[paragraph, [63.0, 806.0, 549.0, 18.0], _S5Cx74_zR, 5739376]
[paragraph, [63.0, 824.0, 549.0, 18.0], _S5Cx74_zR, 5739376]
[paragraph, [63.0, 842.0, 549.0, 18.0], _S5Cx74_zR, 5739376]
[paragraph, [63.0, 860.0, 549.0, 18.0], _S5Cx74_zR, 5739376]
[paragraph, [63.0, 878.0, 549.0, 18.0], _S5Cx74_zR, 5739376]
[paragraph, [63.0, 896.0, 549.0, 18.0], _S5Cx74_zR, 5739376]
[paragraph, [63.0, 914.0, 549.0, 18.0], _S5Cx74_zR, 5739376]
[paragraph, [63.0, 932.0, 549.0, 18.0], _S5Cx74_zR, 5739376]
[paragraph, [63.0, 950.0, 549.0, 18.0], _S5Cx74_zR, 5739376]
[footnote, [463.0, 1015.0, 184.0, 18.0], zRVyw5J-GK, 5739376]
