[945, 650]
[paragraph, [42.0, 106.0, 576.0, 18.0], p8C-5kg7yp, 5739899]
[paragraph, [42.0, 124.0, 576.0, 18.0], p8C-5kg7yp, 5739899]
[paragraph, [42.0, 142.0, 576.0, 18.0], p8C-5kg7yp, 5739899]
[paragraph, [42.0, 160.0, 576.0, 18.0], p8C-5kg7yp, 5739899]
[paragraph, [42.0, 178.0, 576.0, 18.0], p8C-5kg7yp, 5739899]
[paragraph, [42.0, 196.0, 576.0, 18.0], p8C-5kg7yp, 5739899]
[paragraph, [42.0, 214.0, 576.0, 18.0], p8C-5kg7yp, 5739899]
[paragraph, [42.0, 232.0, 576.0, 18.0], p8C-5kg7yp, 5739899]
[paragraph, [42.0, 250.0, 576.0, 18.0], p8C-5kg7yp, 5739899]
[paragraph, [42.0, 268.0, 576.0, 18.0], p8C-5kg7yp, 5739899]
[paragraph, [42.0, 286.0, 576.0, 18.0], p8C-5kg7yp, 5739899]
[paragraph, [42.0, 304.0, 576.0, 18.0], p8C-5kg7yp, 5739899]
[paragraph, [42.0, 322.0, 576.0, 18.0], p8C-5kg7yp, 5739899]
[paragraph, [42.0, 340.0, 576.0, 18.0], p8C-5kg7yp, 5739899]
[paragraph, [42.0, 358.0, 576.0, 18.0], p8C-5kg7yp, 5739899]
[paragraph, [42.0, 376.0, 576.0, 18.0], p8C-5kg7yp, 5739899]
[paragraph, [42.0, 394.0, 576.0, 18.0], p8C-5kg7yp, 5739899]
[paragraph, [42.0, 412.0, 576.0, 18.0], p8C-5kg7yp, 5739899]
[paragraph, [42.0, 430.0, 576.0, 18.0], p8C-5kg7yp, 5739899]
[paragraph, [42.0, 448.0, 576.0, 18.0], p8C-5kg7yp, 5739899]
[paragraph, [42.0, 466.0, 576.0, 18.0], p8C-5kg7yp, 5739899]
[paragraph, [42.0, 484.0, 576.0, 18.0], p8C-5kg7yp, 5739899]
[paragraph, [42.0, 502.0, 576.0, 18.0], p8C-5kg7yp, 5739899]
[paragraph, [42.0, 520.0, 576.0, 18.0], p8C-5kg7yp, 5739899]
[paragraph, [42.0, 538.0, 576.0, 18.0], p8C-5kg7yp, 5739899]
[paragraph, [42.0, 556.0, 576.0, 18.0], p8C-5kg7yp, 5739899]
[paragraph, [42.0, 574.0, 576.0, 18.0], p8C-5kg7yp, 5739899]
[paragraph, [42.0, 592.0, 576.0, 18.0], p8C-5kg7yp, 5739899]
[section-title, [59.0, 638.0, 164.0, 30.0], shoonya_0s1JH0KKSW2DKO, 5739899]
[paragraph, [56.0, 688.0, 555.0, 18.0], Zw6EfbdK34, 5739899]
[paragraph, [56.0, 706.0, 555.0, 18.0], Zw6EfbdK34, 5739899]
[paragraph, [56.0, 724.0, 555.0, 18.0], Zw6EfbdK34, 5739899]
[paragraph, [56.0, 742.0, 555.0, 18.0], Zw6EfbdK34, 5739899]
[paragraph, [56.0, 760.0, 555.0, 18.0], Zw6EfbdK34, 5739899]
[paragraph, [56.0, 778.0, 555.0, 18.0], Zw6EfbdK34, 5739899]
[paragraph, [56.0, 796.0, 555.0, 18.0], Zw6EfbdK34, 5739899]
[paragraph, [56.0, 814.0, 555.0, 18.0], Zw6EfbdK34, 5739899]
[paragraph, [56.0, 832.0, 555.0, 18.0], Zw6EfbdK34, 5739899]
[paragraph, [56.0, 850.0, 555.0, 18.0], Zw6EfbdK34, 5739899]
[paragraph, [56.0, 868.0, 555.0, 18.0], Zw6EfbdK34, 5739899]
[footnote, [319.0, 910.0, 248.0, 18.0], WY9kVxJW7D, 5739899]
