[1034, 680]
[folio, [243.0, 59.0, 208.0, 18.0], shoonya_0sWF3WSHABQDHK, 5740043]
[folio, [243.0, 77.0, 208.0, 18.0], shoonya_0sWF3WSHABQDHK, 5740043]
[paragraph, [51.0, 124.0, 572.0, 18.0], 2R0jFQZyp_, 5740043]
[paragraph, [51.0, 142.0, 572.0, 18.0], 2R0jFQZyp_, 5740043]
[paragraph, [51.0, 160.0, 572.0, 18.0], 2R0jFQZyp_, 5740043]
[paragraph, [51.0, 178.0, 572.0, 18.0], 2R0jFQZyp_, 5740043]
[paragraph, [51.0, 196.0, 572.0, 18.0], 2R0jFQZyp_, 5740043]
[paragraph, [51.0, 214.0, 572.0, 18.0], 2R0jFQZyp_, 5740043]
[paragraph, [51.0, 232.0, 572.0, 18.0], 2R0jFQZyp_, 5740043]
[paragraph, [51.0, 250.0, 572.0, 18.0], 2R0jFQZyp_, 5740043]
[paragraph, [51.0, 268.0, 572.0, 18.0], 2R0jFQZyp_, 5740043]
[paragraph, [51.0, 286.0, 572.0, 18.0], 2R0jFQZyp_, 5740043]
[paragraph, [51.0, 304.0, 572.0, 18.0], 2R0jFQZyp_, 5740043]
[paragraph, [51.0, 322.0, 572.0, 18.0], 2R0jFQZyp_, 5740043]
[paragraph, [51.0, 340.0, 572.0, 18.0], 2R0jFQZyp_, 5740043]
[paragraph, [51.0, 358.0, 572.0, 18.0], 2R0jFQZyp_, 5740043]
[paragraph, [51.0, 376.0, 572.0, 18.0], 2R0jFQZyp_, 5740043]
[paragraph, [51.0, 394.0, 572.0, 18.0], 2R0jFQZyp_, 5740043]
[paragraph, [51.0, 412.0, 572.0, 18.0], 2R0jFQZyp_, 5740043]
[paragraph, [51.0, 430.0, 572.0, 18.0], 2R0jFQZyp_, 5740043]
[paragraph, [51.0, 448.0, 572.0, 18.0], 2R0jFQZyp_, 5740043]
[paragraph, [51.0, 466.0, 572.0, 18.0], 2R0jFQZyp_, 5740043]
[paragraph, [51.0, 484.0, 572.0, 18.0], 2R0jFQZyp_, 5740043]
[paragraph, [51.0, 502.0, 572.0, 18.0], 2R0jFQZyp_, 5740043]
[paragraph, [51.0, 520.0, 572.0, 18.0], 2R0jFQZyp_, 5740043]
[paragraph, [51.0, 538.0, 572.0, 18.0], 2R0jFQZyp_, 5740043]
[paragraph, [51.0, 556.0, 572.0, 18.0], 2R0jFQZyp_, 5740043]
[paragraph, [51.0, 574.0, 572.0, 18.0], 2R0jFQZyp_, 5740043]
[paragraph, [51.0, 592.0, 572.0, 18.0], 2R0jFQZyp_, 5740043]
[paragraph, [51.0, 610.0, 572.0, 18.0], 2R0jFQZyp_, 5740043]
[paragraph, [51.0, 628.0, 572.0, 18.0], 2R0jFQZyp_, 5740043]
[paragraph, [52.0, 655.0, 570.0, 18.0], 74syMZM9qZ, 5740043]
[paragraph, [52.0, 673.0, 570.0, 18.0], 74syMZM9qZ, 5740043]
[paragraph, [52.0, 691.0, 570.0, 18.0], 74syMZM9qZ, 5740043]
[paragraph, [52.0, 709.0, 570.0, 18.0], 74syMZM9qZ, 5740043]
[paragraph, [52.0, 727.0, 570.0, 18.0], 74syMZM9qZ, 5740043]
[paragraph, [52.0, 745.0, 570.0, 18.0], 74syMZM9qZ, 5740043]
[paragraph, [52.0, 763.0, 570.0, 18.0], 74syMZM9qZ, 5740043]
[paragraph, [52.0, 781.0, 570.0, 18.0], 74syMZM9qZ, 5740043]
[paragraph, [52.0, 799.0, 570.0, 18.0], 74syMZM9qZ, 5740043]
[paragraph, [52.0, 817.0, 570.0, 18.0], 74syMZM9qZ, 5740043]
[paragraph, [52.0, 835.0, 570.0, 18.0], 74syMZM9qZ, 5740043]
[paragraph, [52.0, 853.0, 570.0, 18.0], 74syMZM9qZ, 5740043]
[paragraph, [52.0, 871.0, 570.0, 18.0], 74syMZM9qZ, 5740043]
[paragraph, [52.0, 889.0, 570.0, 18.0], 74syMZM9qZ, 5740043]
[paragraph, [52.0, 907.0, 570.0, 18.0], 74syMZM9qZ, 5740043]
[paragraph, [52.0, 925.0, 570.0, 18.0], 74syMZM9qZ, 5740043]
[paragraph, [52.0, 943.0, 570.0, 18.0], 74syMZM9qZ, 5740043]
[paragraph, [52.0, 961.0, 570.0, 18.0], 74syMZM9qZ, 5740043]
