[1063, 680]
[paragraph, [64.0, 134.0, 555.0, 18.0], zZAn7tw3w3, 5739584]
[paragraph, [64.0, 152.0, 555.0, 18.0], zZAn7tw3w3, 5739584]
[paragraph, [64.0, 170.0, 555.0, 18.0], zZAn7tw3w3, 5739584]
[paragraph, [64.0, 188.0, 555.0, 18.0], zZAn7tw3w3, 5739584]
[paragraph, [64.0, 206.0, 555.0, 18.0], zZAn7tw3w3, 5739584]
[paragraph, [64.0, 224.0, 555.0, 18.0], zZAn7tw3w3, 5739584]
[paragraph, [64.0, 242.0, 555.0, 18.0], zZAn7tw3w3, 5739584]
[paragraph, [64.0, 260.0, 555.0, 18.0], zZAn7tw3w3, 5739584]
[paragraph, [64.0, 278.0, 555.0, 18.0], zZAn7tw3w3, 5739584]
[paragraph, [64.0, 296.0, 555.0, 18.0], zZAn7tw3w3, 5739584]
[paragraph, [64.0, 314.0, 555.0, 18.0], zZAn7tw3w3, 5739584]
[paragraph, [64.0, 332.0, 555.0, 18.0], zZAn7tw3w3, 5739584]
[paragraph, [64.0, 350.0, 555.0, 18.0], zZAn7tw3w3, 5739584]
[paragraph, [64.0, 368.0, 555.0, 18.0], zZAn7tw3w3, 5739584]
[paragraph, [64.0, 386.0, 555.0, 18.0], zZAn7tw3w3, 5739584]
[paragraph, [64.0, 404.0, 555.0, 18.0], zZAn7tw3w3, 5739584]
[paragraph, [64.0, 422.0, 555.0, 18.0], zZAn7tw3w3, 5739584]
[paragraph, [64.0, 440.0, 555.0, 18.0], zZAn7tw3w3, 5739584]
[paragraph, [64.0, 458.0, 555.0, 18.0], zZAn7tw3w3, 5739584]
[paragraph, [64.0, 476.0, 555.0, 18.0], zZAn7tw3w3, 5739584]
[paragraph, [64.0, 494.0, 555.0, 18.0], zZAn7tw3w3, 5739584]
[paragraph, [64.0, 512.0, 555.0, 18.0], zZAn7tw3w3, 5739584]
[paragraph, [64.0, 530.0, 555.0, 18.0], zZAn7tw3w3, 5739584]
[paragraph, [64.0, 548.0, 555.0, 18.0], zZAn7tw3w3, 5739584]
[paragraph, [64.0, 566.0, 555.0, 18.0], zZAn7tw3w3, 5739584]
[paragraph, [64.0, 584.0, 555.0, 18.0], zZAn7tw3w3, 5739584]
[paragraph, [64.0, 602.0, 555.0, 18.0], zZAn7tw3w3, 5739584]
[paragraph, [64.0, 620.0, 555.0, 18.0], zZAn7tw3w3, 5739584]
[paragraph, [64.0, 638.0, 555.0, 18.0], zZAn7tw3w3, 5739584]
[paragraph, [64.0, 656.0, 555.0, 18.0], zZAn7tw3w3, 5739584]
[paragraph, [64.0, 674.0, 555.0, 18.0], zZAn7tw3w3, 5739584]
[paragraph, [64.0, 692.0, 555.0, 18.0], zZAn7tw3w3, 5739584]
[paragraph, [64.0, 710.0, 555.0, 18.0], zZAn7tw3w3, 5739584]
[paragraph, [64.0, 728.0, 555.0, 18.0], zZAn7tw3w3, 5739584]
[paragraph, [64.0, 746.0, 555.0, 18.0], zZAn7tw3w3, 5739584]
[paragraph, [64.0, 764.0, 555.0, 18.0], zZAn7tw3w3, 5739584]
[paragraph, [64.0, 782.0, 555.0, 18.0], zZAn7tw3w3, 5739584]
[paragraph, [64.0, 800.0, 555.0, 18.0], zZAn7tw3w3, 5739584]
[paragraph, [64.0, 818.0, 555.0, 18.0], zZAn7tw3w3, 5739584]
[paragraph, [64.0, 836.0, 555.0, 18.0], zZAn7tw3w3, 5739584]
[paragraph, [64.0, 854.0, 555.0, 18.0], zZAn7tw3w3, 5739584]
[paragraph, [64.0, 872.0, 555.0, 18.0], zZAn7tw3w3, 5739584]
[paragraph, [64.0, 890.0, 555.0, 18.0], zZAn7tw3w3, 5739584]
[paragraph, [64.0, 908.0, 555.0, 18.0], zZAn7tw3w3, 5739584]
[paragraph, [64.0, 926.0, 555.0, 18.0], zZAn7tw3w3, 5739584]
[paragraph, [64.0, 944.0, 555.0, 18.0], zZAn7tw3w3, 5739584]
[paragraph, [64.0, 962.0, 555.0, 18.0], zZAn7tw3w3, 5739584]
[footnote, [463.0, 1015.0, 189.0, 18.0], S7TALjZ34M, 5739584]
