[1578, 1028]
[ordered-list, [117.0, 6.0, 588.0, 36.0], 7umk147YnO, 5750098]
[ordered-list, [117.0, 42.0, 588.0, 36.0], 7umk147YnO, 5750098]
[ordered-list, [117.0, 78.0, 588.0, 36.0], 7umk147YnO, 5750098]
[ordered-list, [117.0, 114.0, 588.0, 36.0], 7umk147YnO, 5750098]
[ordered-list, [117.0, 150.0, 588.0, 36.0], 7umk147YnO, 5750098]
[ordered-list, [117.0, 186.0, 588.0, 36.0], 7umk147YnO, 5750098]
[ordered-list, [117.0, 222.0, 588.0, 36.0], 7umk147YnO, 5750098]
[ordered-list, [117.0, 258.0, 588.0, 36.0], 7umk147YnO, 5750098]
[ordered-list, [117.0, 294.0, 588.0, 36.0], 7umk147YnO, 5750098]
[ordered-list, [117.0, 330.0, 588.0, 36.0], 7umk147YnO, 5750098]
[ordered-list, [117.0, 366.0, 588.0, 36.0], 7umk147YnO, 5750098]
[ordered-list, [117.0, 402.0, 588.0, 36.0], 7umk147YnO, 5750098]
[ordered-list, [117.0, 438.0, 588.0, 36.0], 7umk147YnO, 5750098]
[ordered-list, [117.0, 474.0, 588.0, 36.0], 7umk147YnO, 5750098]
[ordered-list, [117.0, 510.0, 588.0, 36.0], 7umk147YnO, 5750098]
[ordered-list, [117.0, 546.0, 588.0, 36.0], 7umk147YnO, 5750098]
[ordered-list, [117.0, 582.0, 588.0, 36.0], 7umk147YnO, 5750098]
[ordered-list, [117.0, 618.0, 588.0, 36.0], 7umk147YnO, 5750098]
[ordered-list, [117.0, 654.0, 588.0, 36.0], 7umk147YnO, 5750098]
[ordered-list, [117.0, 690.0, 588.0, 36.0], 7umk147YnO, 5750098]
[ordered-list, [117.0, 726.0, 588.0, 36.0], 7umk147YnO, 5750098]
[ordered-list, [117.0, 762.0, 588.0, 36.0], 7umk147YnO, 5750098]
