[792, 612]
[website-link, [238.0, 19.0, 136.0, 18.0], shoonya_0sCR3VMPPHLQ6Q, 5749581]
[sidebar, [63.0, 59.0, 115.0, 18.0], E5cw17uYx_, 5749581]
[sidebar, [63.0, 77.0, 115.0, 18.0], E5cw17uYx_, 5749581]
[sidebar, [63.0, 95.0, 115.0, 18.0], E5cw17uYx_, 5749581]
[sidebar, [63.0, 113.0, 115.0, 18.0], E5cw17uYx_, 5749581]
[sidebar, [63.0, 131.0, 115.0, 18.0], E5cw17uYx_, 5749581]
[sidebar, [63.0, 149.0, 115.0, 18.0], E5cw17uYx_, 5749581]
[sidebar, [63.0, 167.0, 115.0, 18.0], E5cw17uYx_, 5749581]
[sidebar, [63.0, 185.0, 115.0, 18.0], E5cw17uYx_, 5749581]
[sidebar, [63.0, 203.0, 115.0, 18.0], E5cw17uYx_, 5749581]
[sidebar, [63.0, 221.0, 115.0, 18.0], E5cw17uYx_, 5749581]
[sidebar, [63.0, 239.0, 115.0, 18.0], E5cw17uYx_, 5749581]
[sidebar, [63.0, 257.0, 115.0, 18.0], E5cw17uYx_, 5749581]
[sidebar, [63.0, 275.0, 115.0, 18.0], E5cw17uYx_, 5749581]
[sidebar, [63.0, 293.0, 115.0, 18.0], E5cw17uYx_, 5749581]
[sidebar, [63.0, 311.0, 115.0, 18.0], E5cw17uYx_, 5749581]
[sidebar, [63.0, 329.0, 115.0, 18.0], E5cw17uYx_, 5749581]
[sidebar, [63.0, 347.0, 115.0, 18.0], E5cw17uYx_, 5749581]
[sidebar, [63.0, 365.0, 115.0, 18.0], E5cw17uYx_, 5749581]
[sidebar, [63.0, 383.0, 115.0, 18.0], E5cw17uYx_, 5749581]
[sidebar, [63.0, 401.0, 115.0, 18.0], E5cw17uYx_, 5749581]
[sidebar, [63.0, 419.0, 115.0, 18.0], E5cw17uYx_, 5749581]
[sidebar, [63.0, 437.0, 115.0, 18.0], E5cw17uYx_, 5749581]
[sidebar, [63.0, 455.0, 115.0, 18.0], E5cw17uYx_, 5749581]
[sidebar, [63.0, 473.0, 115.0, 18.0], E5cw17uYx_, 5749581]
[sidebar, [63.0, 491.0, 115.0, 18.0], E5cw17uYx_, 5749581]
[sidebar, [63.0, 509.0, 115.0, 18.0], E5cw17uYx_, 5749581]
[sidebar, [63.0, 527.0, 115.0, 18.0], E5cw17uYx_, 5749581]
[sidebar, [63.0, 545.0, 115.0, 18.0], E5cw17uYx_, 5749581]
[sidebar, [63.0, 563.0, 115.0, 18.0], E5cw17uYx_, 5749581]
[sidebar, [63.0, 581.0, 115.0, 18.0], E5cw17uYx_, 5749581]
[sidebar, [63.0, 599.0, 115.0, 18.0], E5cw17uYx_, 5749581]
[sidebar, [63.0, 617.0, 115.0, 18.0], E5cw17uYx_, 5749581]
[sidebar, [63.0, 635.0, 115.0, 18.0], E5cw17uYx_, 5749581]
[sidebar, [63.0, 653.0, 115.0, 18.0], E5cw17uYx_, 5749581]
[sidebar, [63.0, 671.0, 115.0, 18.0], E5cw17uYx_, 5749581]
[section-title, [180.0, 257.0, 302.0, 30.0], uM3J7eSS3m, 5749581]
[paragraph, [179.0, 319.0, 366.0, 18.0], 2V7K-A6BKy, 5749581]
[paragraph, [179.0, 337.0, 366.0, 18.0], 2V7K-A6BKy, 5749581]
[paragraph, [179.0, 355.0, 366.0, 18.0], 2V7K-A6BKy, 5749581]
[paragraph, [179.0, 373.0, 366.0, 18.0], 2V7K-A6BKy, 5749581]
[paragraph, [179.0, 391.0, 366.0, 18.0], 2V7K-A6BKy, 5749581]
[paragraph, [179.0, 409.0, 366.0, 18.0], 2V7K-A6BKy, 5749581]
[paragraph, [179.0, 427.0, 366.0, 18.0], 2V7K-A6BKy, 5749581]
[paragraph, [179.0, 445.0, 366.0, 18.0], 2V7K-A6BKy, 5749581]
[paragraph, [179.0, 463.0, 366.0, 18.0], 2V7K-A6BKy, 5749581]
[paragraph, [180.0, 538.0, 366.0, 18.0], Q-pqOhvHAM, 5749581]
[paragraph, [180.0, 556.0, 366.0, 18.0], Q-pqOhvHAM, 5749581]
[paragraph, [180.0, 574.0, 366.0, 18.0], Q-pqOhvHAM, 5749581]
[paragraph, [181.0, 594.0, 363.0, 18.0], a6X3AY6Pvt, 5749581]
[paragraph, [181.0, 612.0, 363.0, 18.0], a6X3AY6Pvt, 5749581]
[paragraph, [181.0, 630.0, 363.0, 18.0], a6X3AY6Pvt, 5749581]
[paragraph, [180.0, 662.0, 363.0, 18.0], ZAXQMXiS95, 5749581]
[website-link, [238.0, 752.0, 136.0, 18.0], f2Fjt7MFNl, 5749581]
