[1275, 750]
[folio, [229.0, 81.0, 292.0, 18.0], M33nqKE4_Z, 5767704]
[folio, [229.0, 99.0, 292.0, 18.0], M33nqKE4_Z, 5767704]
[folio, [229.0, 117.0, 292.0, 18.0], M33nqKE4_Z, 5767704]
[paragraph, [80.0, 156.0, 580.0, 18.0], zUeSlH0i-l, 5767704]
[paragraph, [80.0, 174.0, 580.0, 18.0], zUeSlH0i-l, 5767704]
[paragraph, [80.0, 192.0, 580.0, 18.0], zUeSlH0i-l, 5767704]
[paragraph, [80.0, 210.0, 580.0, 18.0], zUeSlH0i-l, 5767704]
[paragraph, [80.0, 228.0, 580.0, 18.0], zUeSlH0i-l, 5767704]
[folio, [552.0, 264.0, 120.0, 18.0], shoonya_0sME7ODLS9XSDM, 5767704]
[folio, [552.0, 282.0, 120.0, 18.0], shoonya_0sME7ODLS9XSDM, 5767704]
[paragraph, [56.0, 314.0, 644.0, 18.0], QeW6A-8ZaR, 5767704]
[paragraph, [56.0, 332.0, 644.0, 18.0], QeW6A-8ZaR, 5767704]
[paragraph, [56.0, 350.0, 644.0, 18.0], QeW6A-8ZaR, 5767704]
[paragraph, [56.0, 368.0, 644.0, 18.0], QeW6A-8ZaR, 5767704]
[paragraph, [56.0, 386.0, 644.0, 18.0], QeW6A-8ZaR, 5767704]
[paragraph, [56.0, 404.0, 644.0, 18.0], QeW6A-8ZaR, 5767704]
[paragraph, [56.0, 422.0, 644.0, 18.0], QeW6A-8ZaR, 5767704]
[paragraph, [56.0, 440.0, 644.0, 18.0], QeW6A-8ZaR, 5767704]
[paragraph, [56.0, 458.0, 644.0, 18.0], QeW6A-8ZaR, 5767704]
[paragraph, [56.0, 476.0, 644.0, 18.0], QeW6A-8ZaR, 5767704]
[paragraph, [56.0, 494.0, 644.0, 18.0], QeW6A-8ZaR, 5767704]
[paragraph, [56.0, 512.0, 644.0, 18.0], QeW6A-8ZaR, 5767704]
[paragraph, [56.0, 530.0, 644.0, 18.0], QeW6A-8ZaR, 5767704]
[paragraph, [56.0, 548.0, 644.0, 18.0], QeW6A-8ZaR, 5767704]
[paragraph, [56.0, 566.0, 644.0, 18.0], QeW6A-8ZaR, 5767704]
[paragraph, [56.0, 584.0, 644.0, 18.0], QeW6A-8ZaR, 5767704]
[paragraph, [56.0, 602.0, 644.0, 18.0], QeW6A-8ZaR, 5767704]
[paragraph, [56.0, 620.0, 644.0, 18.0], QeW6A-8ZaR, 5767704]
[paragraph, [56.0, 638.0, 644.0, 18.0], QeW6A-8ZaR, 5767704]
[paragraph, [56.0, 656.0, 644.0, 18.0], QeW6A-8ZaR, 5767704]
[paragraph, [56.0, 674.0, 644.0, 18.0], QeW6A-8ZaR, 5767704]
[paragraph, [56.0, 692.0, 644.0, 18.0], QeW6A-8ZaR, 5767704]
[paragraph, [56.0, 710.0, 644.0, 18.0], QeW6A-8ZaR, 5767704]
[paragraph, [56.0, 728.0, 644.0, 18.0], QeW6A-8ZaR, 5767704]
[paragraph, [56.0, 746.0, 644.0, 18.0], QeW6A-8ZaR, 5767704]
[paragraph, [56.0, 764.0, 644.0, 18.0], QeW6A-8ZaR, 5767704]
[paragraph, [56.0, 782.0, 644.0, 18.0], QeW6A-8ZaR, 5767704]
[paragraph, [56.0, 800.0, 644.0, 18.0], QeW6A-8ZaR, 5767704]
[paragraph, [56.0, 818.0, 644.0, 18.0], QeW6A-8ZaR, 5767704]
[paragraph, [56.0, 836.0, 644.0, 18.0], QeW6A-8ZaR, 5767704]
[paragraph, [56.0, 854.0, 644.0, 18.0], QeW6A-8ZaR, 5767704]
[paragraph, [56.0, 872.0, 644.0, 18.0], QeW6A-8ZaR, 5767704]
[paragraph, [56.0, 890.0, 644.0, 18.0], QeW6A-8ZaR, 5767704]
[paragraph, [56.0, 908.0, 644.0, 18.0], QeW6A-8ZaR, 5767704]
[paragraph, [56.0, 926.0, 644.0, 18.0], QeW6A-8ZaR, 5767704]
[paragraph, [56.0, 944.0, 644.0, 18.0], QeW6A-8ZaR, 5767704]
[paragraph, [56.0, 962.0, 644.0, 18.0], QeW6A-8ZaR, 5767704]
[paragraph, [56.0, 980.0, 644.0, 18.0], QeW6A-8ZaR, 5767704]
[paragraph, [56.0, 998.0, 644.0, 18.0], QeW6A-8ZaR, 5767704]
[paragraph, [56.0, 1016.0, 644.0, 18.0], QeW6A-8ZaR, 5767704]
[paragraph, [56.0, 1034.0, 644.0, 18.0], QeW6A-8ZaR, 5767704]
[paragraph, [56.0, 1052.0, 644.0, 18.0], QeW6A-8ZaR, 5767704]
[paragraph, [56.0, 1070.0, 644.0, 18.0], QeW6A-8ZaR, 5767704]
[paragraph, [56.0, 1088.0, 644.0, 18.0], QeW6A-8ZaR, 5767704]
[paragraph, [56.0, 1106.0, 644.0, 18.0], QeW6A-8ZaR, 5767704]
[paragraph, [56.0, 1124.0, 644.0, 18.0], QeW6A-8ZaR, 5767704]
[paragraph, [56.0, 1142.0, 644.0, 18.0], QeW6A-8ZaR, 5767704]
[paragraph, [56.0, 1160.0, 644.0, 18.0], QeW6A-8ZaR, 5767704]
