[865, 638]
[website-link, [258.0, 25.0, 128.0, 18.0], 1ll3vTz94F, 5759568]
[options, [89.0, 93.0, 219.0, 18.0], SqY0Ysih2c, 5759568]
[options, [89.0, 111.0, 219.0, 18.0], SqY0Ysih2c, 5759568]
[options, [89.0, 129.0, 219.0, 18.0], SqY0Ysih2c, 5759568]
[options, [89.0, 147.0, 219.0, 18.0], SqY0Ysih2c, 5759568]
[options, [89.0, 165.0, 219.0, 18.0], SqY0Ysih2c, 5759568]
[options, [89.0, 226.0, 184.0, 18.0], 5kJX9y39or, 5759568]
[options, [89.0, 244.0, 184.0, 18.0], 5kJX9y39or, 5759568]
[options, [88.0, 303.0, 148.0, 18.0], uT4q7N8GJE, 5759568]
[options, [88.0, 321.0, 148.0, 18.0], uT4q7N8GJE, 5759568]
[options, [88.0, 339.0, 148.0, 18.0], uT4q7N8GJE, 5759568]
[options, [88.0, 357.0, 148.0, 18.0], uT4q7N8GJE, 5759568]
[options, [85.0, 419.0, 230.0, 18.0], QZXZfHInwP, 5759568]
[options, [85.0, 437.0, 230.0, 18.0], QZXZfHInwP, 5759568]
[options, [85.0, 455.0, 230.0, 18.0], QZXZfHInwP, 5759568]
[options, [85.0, 473.0, 230.0, 18.0], QZXZfHInwP, 5759568]
[options, [85.0, 491.0, 230.0, 18.0], QZXZfHInwP, 5759568]
[options, [85.0, 509.0, 230.0, 18.0], QZXZfHInwP, 5759568]
[options, [85.0, 527.0, 230.0, 18.0], QZXZfHInwP, 5759568]
[section-title, [321.0, 436.0, 249.0, 30.0], VvA0Lipito, 5759568]
[section-title, [321.0, 466.0, 249.0, 30.0], VvA0Lipito, 5759568]
[options, [324.0, 635.0, 246.0, 18.0], AX_o-99nJY, 5759568]
[options, [324.0, 653.0, 246.0, 18.0], AX_o-99nJY, 5759568]
[options, [324.0, 671.0, 246.0, 18.0], AX_o-99nJY, 5759568]
[options, [324.0, 689.0, 246.0, 18.0], AX_o-99nJY, 5759568]
[options, [324.0, 707.0, 246.0, 18.0], AX_o-99nJY, 5759568]
[options, [324.0, 725.0, 246.0, 18.0], AX_o-99nJY, 5759568]
[options, [324.0, 743.0, 246.0, 18.0], AX_o-99nJY, 5759568]
[options, [324.0, 761.0, 246.0, 18.0], AX_o-99nJY, 5759568]
