[1650, 1275]
[paragraph, [272.0, 221.0, 768.0, 36.0], -PEUE74Vj7, 5758846]
[paragraph, [272.0, 257.0, 768.0, 36.0], -PEUE74Vj7, 5758846]
[paragraph, [272.0, 293.0, 768.0, 36.0], -PEUE74Vj7, 5758846]
[paragraph, [272.0, 329.0, 768.0, 36.0], -PEUE74Vj7, 5758846]
[paragraph, [272.0, 365.0, 768.0, 36.0], -PEUE74Vj7, 5758846]
[paragraph, [272.0, 401.0, 768.0, 36.0], -PEUE74Vj7, 5758846]
[paragraph, [272.0, 437.0, 768.0, 36.0], -PEUE74Vj7, 5758846]
[paragraph, [272.0, 473.0, 768.0, 36.0], -PEUE74Vj7, 5758846]
[paragraph, [272.0, 509.0, 768.0, 36.0], -PEUE74Vj7, 5758846]
[paragraph, [272.0, 545.0, 768.0, 36.0], -PEUE74Vj7, 5758846]
[paragraph, [272.0, 581.0, 768.0, 36.0], -PEUE74Vj7, 5758846]
[sidebar, [814.0, 662.0, 192.0, 36.0], shoonya_0s63CJ6603I5UR, 5758846]
[paragraph, [234.0, 771.0, 854.0, 36.0], Ts6-KtIL4H, 5758846]
[paragraph, [234.0, 807.0, 854.0, 36.0], Ts6-KtIL4H, 5758846]
[paragraph, [234.0, 843.0, 854.0, 36.0], Ts6-KtIL4H, 5758846]
[paragraph, [234.0, 879.0, 854.0, 36.0], Ts6-KtIL4H, 5758846]
[paragraph, [234.0, 915.0, 854.0, 36.0], Ts6-KtIL4H, 5758846]
[paragraph, [234.0, 951.0, 854.0, 36.0], Ts6-KtIL4H, 5758846]
[paragraph, [266.0, 1060.0, 777.0, 36.0], EidnCaI4JS, 5758846]
[paragraph, [266.0, 1096.0, 777.0, 36.0], EidnCaI4JS, 5758846]
[paragraph, [266.0, 1132.0, 777.0, 36.0], EidnCaI4JS, 5758846]
[paragraph, [266.0, 1168.0, 777.0, 36.0], EidnCaI4JS, 5758846]
[paragraph, [266.0, 1204.0, 777.0, 36.0], EidnCaI4JS, 5758846]
[paragraph, [266.0, 1240.0, 777.0, 36.0], EidnCaI4JS, 5758846]
[paragraph, [266.0, 1276.0, 777.0, 36.0], EidnCaI4JS, 5758846]
[paragraph, [266.0, 1312.0, 777.0, 36.0], EidnCaI4JS, 5758846]
[paragraph, [266.0, 1348.0, 777.0, 36.0], EidnCaI4JS, 5758846]
[paragraph, [266.0, 1384.0, 777.0, 36.0], EidnCaI4JS, 5758846]
