[1613, 1275]
[paragraph, [710.0, 213.0, 393.0, 36.0], y5Cx27N6vn, 5759232]
[paragraph, [710.0, 249.0, 393.0, 36.0], y5Cx27N6vn, 5759232]
[paragraph, [710.0, 285.0, 393.0, 36.0], y5Cx27N6vn, 5759232]
[paragraph, [710.0, 321.0, 393.0, 36.0], y5Cx27N6vn, 5759232]
[paragraph, [710.0, 357.0, 393.0, 36.0], y5Cx27N6vn, 5759232]
[paragraph, [710.0, 393.0, 393.0, 36.0], y5Cx27N6vn, 5759232]
[paragraph, [710.0, 429.0, 393.0, 36.0], y5Cx27N6vn, 5759232]
[paragraph, [710.0, 465.0, 393.0, 36.0], y5Cx27N6vn, 5759232]
[paragraph, [159.0, 530.0, 946.0, 36.0], SNiy8g0Q1X, 5759232]
[paragraph, [159.0, 566.0, 946.0, 36.0], SNiy8g0Q1X, 5759232]
[paragraph, [159.0, 602.0, 946.0, 36.0], SNiy8g0Q1X, 5759232]
[paragraph, [159.0, 638.0, 946.0, 36.0], SNiy8g0Q1X, 5759232]
[paragraph, [159.0, 674.0, 946.0, 36.0], SNiy8g0Q1X, 5759232]
[paragraph, [159.0, 710.0, 946.0, 36.0], SNiy8g0Q1X, 5759232]
[paragraph, [159.0, 746.0, 946.0, 36.0], SNiy8g0Q1X, 5759232]
[paragraph, [159.0, 782.0, 946.0, 36.0], SNiy8g0Q1X, 5759232]
[figure-caption, [430.0, 1432.0, 393.0, 36.0], DrhQn1Hi-I, 5759232]
[folio, [116.0, 1522.0, 170.0, 36.0], MDV6W5Dg7t, 5759232]
