[1425, 1088]
[chapter-title, [99.0, 100.0, 851.0, 30.0], 9O9hyhp38O, 5759276]
[chapter-title, [99.0, 130.0, 851.0, 30.0], 9O9hyhp38O, 5759276]
[chapter-title, [99.0, 160.0, 851.0, 30.0], 9O9hyhp38O, 5759276]
[chapter-title, [99.0, 190.0, 851.0, 30.0], 9O9hyhp38O, 5759276]
[section-title, [103.0, 254.0, 239.0, 30.0], k3hgw8T30S, 5759276]
[sidebar, [152.0, 295.0, 756.0, 18.0], a6vCCGxIWh, 5759276]
[sidebar, [152.0, 313.0, 756.0, 18.0], a6vCCGxIWh, 5759276]
[sidebar, [152.0, 331.0, 756.0, 18.0], a6vCCGxIWh, 5759276]
[sidebar, [152.0, 349.0, 756.0, 18.0], a6vCCGxIWh, 5759276]
[sidebar, [152.0, 367.0, 756.0, 18.0], a6vCCGxIWh, 5759276]
[sidebar, [152.0, 385.0, 756.0, 18.0], a6vCCGxIWh, 5759276]
[sidebar, [152.0, 403.0, 756.0, 18.0], a6vCCGxIWh, 5759276]
[sidebar, [152.0, 421.0, 756.0, 18.0], a6vCCGxIWh, 5759276]
[sidebar, [152.0, 439.0, 756.0, 18.0], a6vCCGxIWh, 5759276]
[paragraph, [106.0, 475.0, 845.0, 18.0], T7Ahnhq8MM, 5759276]
[paragraph, [106.0, 493.0, 845.0, 18.0], T7Ahnhq8MM, 5759276]
[paragraph, [106.0, 511.0, 845.0, 18.0], T7Ahnhq8MM, 5759276]
[paragraph, [106.0, 529.0, 845.0, 18.0], T7Ahnhq8MM, 5759276]
[paragraph, [106.0, 547.0, 845.0, 18.0], T7Ahnhq8MM, 5759276]
[paragraph, [106.0, 579.0, 850.0, 18.0], p6uk2u_Yym, 5759276]
[paragraph, [106.0, 597.0, 850.0, 18.0], p6uk2u_Yym, 5759276]
[paragraph, [106.0, 615.0, 850.0, 18.0], p6uk2u_Yym, 5759276]
[paragraph, [106.0, 633.0, 850.0, 18.0], p6uk2u_Yym, 5759276]
[paragraph, [106.0, 651.0, 850.0, 18.0], p6uk2u_Yym, 5759276]
[paragraph, [106.0, 669.0, 850.0, 18.0], p6uk2u_Yym, 5759276]
[paragraph, [106.0, 687.0, 850.0, 18.0], p6uk2u_Yym, 5759276]
[paragraph, [106.0, 705.0, 850.0, 18.0], p6uk2u_Yym, 5759276]
[paragraph, [106.0, 723.0, 850.0, 18.0], p6uk2u_Yym, 5759276]
[paragraph, [106.0, 741.0, 850.0, 18.0], p6uk2u_Yym, 5759276]
[folio, [803.0, 1358.0, 145.0, 18.0], jKK-t0LsdN, 5759276]
